1 1 25
2 2 -7
3 3 6
4 4 -17
5 5 -3
6 6 -18
7 7 3
8 8 16
9 9 -5
10 10 -6
11 11 3
12 12 18
13 13 -17
14 14 31
15 15 -23
16 16 28
17 17 -14
18 18 18
19 19 -32
20 20 -31
21 21 -14
22 22 -7
23 23 -9
24 24 9
25 25 -32
26 26 27
27 27 -2
28 28 -15
29 29 32
30 30 -13
31 31 15
32 32 -10
33 33 9
34 34 -11
35 35 -5
36 36 -5
37 37 13
38 38 4
39 39 -14
40 40 -26
41 41 13
42 42 -26
43 43 -9
44 44 7
45 45 16
46 46 17
47 47 15
48 48 -4
49 49 -32
50 50 23
51 51 -12
52 52 -9
53 53 8
54 54 -24
55 55 -11
56 56 -25
57 57 -22
58 58 -28
59 59 2
60 60 11
61 61 12
62 62 -23
63 63 -32
64 64 31
65 65 10
66 66 -2
67 67 -25
68 68 12
69 69 -20
70 70 -32
71 71 -24
72 72 -2
73 73 15
74 74 -14
75 75 20
76 76 -5
77 77 -17
78 78 -5
79 79 20
80 80 6
81 81 25
82 82 24
83 83 28
84 84 -24
85 85 32
86 86 21
87 87 18
88 88 -6
89 89 -26
90 90 -25
91 91 -30
92 92 -3
93 93 -21
94 94 17
95 95 12
96 96 -24
97 97 26
98 98 -9
99 99 -10
100 100 -23
1 27 29
1 43 -28
1 50 23
1 64 -29
1 75 3
1 78 -23
2 3 -32
2 5 27
2 22 -3
2 57 12
3 20 20
3 58 3
3 62 -24
3 81 6
3 95 23
4 22 -19
4 36 8
4 46 25
4 86 -8
4 100 -19
5 13 21
5 18 14
5 30 5
5 31 -9
5 41 6
5 78 24
5 86 25
6 9 7
6 86 -9
7 20 31
7 30 11
7 55 -18
7 72 13
7 79 -29
8 53 9
8 55 11
8 76 30
8 81 -29
8 86 -3
9 24 -26
9 27 -8
9 30 -17
9 37 28
9 53 7
9 92 -22
10 37 -16
10 43 -4
10 48 13
10 76 19
11 30 -10
11 33 5
11 68 -15
11 70 2
11 74 -25
11 78 28
11 87 10
11 100 20
12 31 26
12 72 29
12 97 -22
13 16 7
13 36 -18
13 42 -20
13 47 26
13 59 12
14 23 15
14 43 -24
14 57 15
14 69 5
14 70 -17
14 72 -6
14 79 19
14 96 12
15 27 8
15 51 13
15 64 -24
15 67 -21
15 87 29
15 90 -11
15 93 16
15 94 3
16 26 -31
16 57 25
16 71 -9
16 84 -22
16 86 -26
17 33 25
17 40 28
17 96 13
18 33 14
18 45 -7
18 46 8
18 51 24
19 27 12
19 37 20
19 48 -16
19 52 26
19 54 13
19 57 26
19 67 -10
19 69 -24
19 87 25
19 90 -16
20 39 -30
20 43 22
20 47 28
20 49 2
20 53 -3
20 99 -22
21 25 -28
21 32 28
21 34 23
21 48 20
21 55 -14
21 57 -28
21 58 24
21 68 27
21 71 -29
21 88 24
21 95 8
22 45 -20
22 62 6
22 63 25
22 77 -3
22 80 19
23 29 28
23 84 3
23 86 -8
24 29 30
24 46 -31
24 82 -16
24 90 -27
25 46 13
25 64 6
25 76 -4
25 87 17
25 88 6
25 89 32
25 91 -10
25 98 30
26 50 -7
26 53 21
26 77 -9
26 87 3
26 97 -16
27 37 23
27 76 25
27 87 6
27 96 -3
28 39 -20
28 41 -22
28 58 -6
28 63 11
28 81 -13
28 87 13
29 52 -4
29 61 -29
29 84 -19
30 43 -29
30 86 32
31 43 32
31 64 32
31 78 4
32 49 12
32 64 -29
32 81 18
33 39 -12
33 65 -5
33 66 14
33 72 -9
33 87 17
34 71 17
35 42 9
35 56 -10
35 61 -25
35 85 -26
35 88 7
36 39 -22
36 41 -5
36 47 -32
36 54 -14
36 63 -17
36 64 6
36 90 -13
37 54 -13
37 79 14
38 42 12
38 69 -4
38 83 -9
40 47 -17
40 60 17
40 95 9
40 99 13
41 83 -31
41 97 -26
42 67 -6
42 73 -14
43 85 -3
43 90 5
44 51 15
44 75 -24
44 85 -9
44 96 25
44 98 27
45 55 -15
45 58 -29
45 78 -15
45 97 7
46 57 17
46 58 32
46 62 -19
46 88 -19
46 93 -26
47 64 31
47 75 -9
47 81 -32
47 86 27
48 65 -17
48 74 -2
49 52 -3
49 54 28
49 56 7
49 75 -6
49 76 23
49 100 20
50 66 -15
50 74 15
51 52 12
51 53 15
51 74 17
51 85 6
51 86 17
51 100 7
52 83 -2
53 59 -11
53 82 -27
53 90 -30
53 96 30
54 57 -10
54 62 27
54 77 12
54 94 18
54 95 15
55 61 -2
55 76 16
56 59 -25
56 72 -8
56 77 -22
56 84 2
56 88 -18
56 91 -26
57 64 -32
57 78 -15
57 94 -24
58 60 24
58 74 24
58 97 -26
59 74 -26
59 92 -28
60 69 12
60 74 -3
61 62 -5
61 69 -9
61 72 27
61 88 -27
62 81 -7
62 87 5
63 75 4
63 78 -30
63 84 -15
63 89 -15
64 67 26
65 78 19
65 89 -30
66 67 24
66 78 -27
69 92 26
69 94 15
70 72 4
70 87 30
71 76 -27
71 92 -22
72 73 -20
72 74 -17
72 85 28
72 89 -24
75 86 -9
77 79 -24
77 98 2
78 97 12
80 85 6
81 85 -9
81 89 26
84 90 31
85 100 -15
86 100 14
89 92 -21
89 99 -25
92 95 -8
92 98 14
94 95 27
