ba_100_4_16
100
-13
-10
7
-8
-6
9
-4
-3
-2
8
-9
7
-15
-9
-8
15
-13
2
-2
2
6
2
2
-4
-5
-3
-11
-8
-9
-7
12
-10
-15
-5
12
-13
-6
9
2
6
-12
4
-7
-8
4
-5
12
6
3
-11
16
2
15
-5
3
-7
8
-9
5
7
4
-8
11
7
-2
-14
-3
-4
-7
6
12
4
9
-7
15
-9
6
-3
16
11
4
5
4
9
13
-3
13
-15
9
-3
-9
10
2
-13
-2
-3
-5
-10
-6
-2
0 1 -15
0 2 -2
0 3 -4
0 4 5
0 5 3
0 6 11
0 7 11
0 8 10
0 10 8
0 11 8
0 13 -6
0 14 -16
0 20 12
0 21 -8
0 23 7
0 26 15
0 27 -4
0 28 -13
0 32 -4
0 33 9
0 34 10
0 35 -16
0 38 7
0 45 -3
0 50 8
0 57 -15
0 60 8
0 62 -4
0 65 -12
0 66 2
0 73 13
0 81 -13
0 85 -3
0 86 -3
0 89 -11
0 99 9
1 5 -7
1 7 -11
1 12 13
1 14 -4
1 17 4
1 19 -10
1 27 -8
1 30 -15
1 49 -13
1 52 4
1 53 -4
1 91 -15
2 5 -3
2 6 -5
2 9 7
2 10 -11
2 13 4
2 15 6
2 19 12
2 21 9
2 39 16
2 44 3
2 49 6
2 62 9
2 65 -14
2 93 14
3 5 -11
3 6 4
3 7 5
3 8 11
3 9 -4
3 12 10
3 16 -9
3 17 8
3 18 2
3 20 -11
3 22 -14
3 28 6
3 31 -16
3 35 15
3 36 16
3 46 14
3 57 13
3 71 -12
3 74 -7
3 76 14
3 77 10
3 84 -9
3 86 -9
3 94 -12
4 11 12
4 25 -7
4 29 8
5 6 12
5 7 10
5 8 14
5 11 -9
5 12 3
5 13 -14
5 14 -3
5 16 15
5 19 4
5 20 14
5 21 6
5 22 -7
5 26 15
5 29 7
5 32 -3
5 33 -16
5 34 -10
5 40 -10
5 43 -8
5 44 3
5 46 6
5 47 12
5 55 -16
5 60 -7
5 69 3
5 70 10
5 74 11
5 78 -15
5 88 -8
6 8 -11
6 20 -10
6 27 9
6 36 13
6 41 16
6 45 -13
6 64 14
6 88 11
7 9 12
7 10 3
7 12 14
7 23 -7
7 25 4
7 33 -10
7 36 14
7 42 6
7 43 15
7 50 6
7 56 3
7 59 10
7 66 14
7 90 -8
8 9 -16
8 10 6
8 11 -13
8 15 3
8 16 5
8 17 15
8 18 13
8 23 10
8 24 -7
8 30 10
8 37 15
8 38 7
8 48 -7
8 49 8
8 50 14
8 52 5
8 64 -16
8 67 14
8 69 -15
8 71 -7
8 76 15
8 82 -11
8 93 9
8 98 -11
9 22 9
9 26 14
9 34 16
9 38 11
9 42 3
9 58 6
9 91 13
10 16 8
10 22 10
10 29 9
10 41 -2
10 54 7
10 92 -12
10 98 15
11 13 12
11 14 15
11 15 16
11 17 4
11 19 8
11 42 -8
11 59 3
11 81 -9
11 86 16
12 27 -3
12 49 -9
12 63 -2
12 67 -10
12 77 -5
12 98 13
13 21 10
13 31 -9
13 70 9
13 71 7
13 73 -2
13 99 7
14 15 -10
14 18 4
14 24 -9
14 37 16
14 41 4
14 45 -15
14 54 5
14 58 -9
14 78 11
15 18 -9
15 25 3
15 28 -6
15 47 6
15 48 14
15 69 11
15 75 6
15 82 -5
15 97 13
16 23 12
16 40 8
16 53 3
16 55 7
16 68 -14
16 79 16
16 84 15
16 94 10
17 36 5
17 94 -4
18 25 -8
18 29 -9
18 32 -7
18 35 -14
18 46 -11
18 53 4
18 72 4
18 81 -3
18 87 -3
18 94 -11
19 26 -11
19 28 -15
19 31 -13
19 51 16
19 54 6
19 60 14
19 61 -6
19 67 -7
19 72 -14
20 24 -2
20 40 5
20 97 3
21 33 7
21 39 15
21 97 5
22 24 -16
22 45 11
22 58 -12
22 75 11
23 43 3
23 44 7
23 56 3
24 41 -10
24 47 -10
24 85 -15
24 96 -2
25 30 -12
25 55 -7
25 57 2
25 61 15
25 68 -13
25 70 -13
25 78 -7
25 87 -7
25 93 6
25 96 12
26 30 6
26 31 11
26 43 -8
26 46 3
26 61 -5
26 63 12
26 76 -16
26 87 -15
26 99 -7
27 37 9
27 71 -3
27 79 13
28 32 -4
28 34 -11
28 39 -10
28 40 5
28 44 16
28 52 11
28 84 -9
29 37 -5
29 39 -7
29 51 5
29 54 13
29 76 -16
29 80 16
29 85 8
29 95 -3
31 50 13
31 51 7
31 63 -10
31 95 -11
32 93 -14
34 35 -15
34 66 7
36 38 16
36 56 12
37 80 9
38 65 5
38 72 3
39 53 6
40 42 4
41 48 -15
41 51 -5
41 59 -6
41 61 3
41 62 7
41 64 11
41 66 11
41 87 6
41 95 15
42 47 3
42 59 -13
42 73 10
42 74 -12
42 78 6
42 82 6
42 86 -11
42 97 -8
43 79 -2
44 83 5
45 48 -3
45 80 -10
46 55 -13
46 62 -4
46 68 14
47 67 16
47 96 -12
49 60 9
49 80 -8
50 57 2
50 70 -11
51 52 6
52 56 11
52 63 10
52 69 7
52 88 9
52 89 7
54 75 9
54 82 16
55 65 14
55 79 -10
56 64 5
56 85 3
57 58 -4
57 84 -4
57 89 -6
58 81 8
58 83 7
60 73 -6
61 75 -2
61 83 -5
61 91 -9
62 92 -14
62 98 -14
63 68 -11
68 72 4
68 90 3
69 74 4
69 88 -14
69 90 11
71 77 2
75 77 -8
77 92 -10
77 96 4
79 91 6
79 92 8
80 95 -12
82 83 -4
82 89 -6
82 90 -10
90 99 -2
-1
-2052
