ba_100_12_4
100
-3
-3
-4
-2
-2
3
-4
-3
-3
2
-3
2
-2
-2
2
-4
3
2
-4
4
-2
4
3
4
-2
-2
-2
-3
-4
-4
-2
-4
-2
4
4
2
2
2
3
-2
4
-2
4
-2
-3
-2
2
3
2
-4
-4
-2
3
4
3
4
-3
3
4
-4
4
3
-3
2
3
2
-4
4
4
2
4
3
2
-4
-3
-2
4
-3
-3
-2
-4
-4
2
-2
-4
3
4
-2
2
-4
3
-2
-2
-3
2
4
-3
4
4
-2
0 1 -3
0 2 -3
0 3 -4
0 4 -4
0 5 -4
0 6 4
0 7 4
0 8 2
0 9 -3
0 10 3
0 11 -3
0 12 -2
0 13 2
0 14 2
0 15 3
0 16 -4
0 17 -4
0 18 4
0 19 3
0 21 3
0 23 -3
0 26 -3
0 28 -4
0 29 -4
0 32 2
0 34 4
0 37 -3
0 38 -4
0 39 -3
0 43 -4
0 45 4
0 47 3
0 49 -4
0 52 -2
0 53 2
0 54 -4
0 55 3
0 58 4
0 59 -2
0 60 -3
0 61 3
0 69 3
0 70 -4
0 73 -3
0 74 -3
0 81 3
0 82 -2
0 90 -3
0 91 -3
0 96 2
0 97 3
1 13 -4
1 14 3
1 17 -4
1 18 -4
1 23 2
1 25 3
1 27 -3
1 33 2
1 34 3
1 35 3
1 39 2
1 42 -2
1 44 4
1 50 4
1 65 -2
1 70 -4
1 86 -4
1 93 2
1 94 2
1 97 3
2 13 -4
2 14 -2
2 15 4
2 16 -4
2 17 3
2 19 4
2 20 2
2 24 3
2 27 4
2 32 3
2 38 4
2 39 -2
2 71 -4
2 77 3
2 79 3
3 13 2
3 14 -4
3 15 -4
3 17 -2
3 18 -2
3 19 4
3 20 4
3 22 -3
3 32 -3
3 35 3
3 37 -2
3 41 4
3 55 -4
3 63 2
3 64 -4
3 71 4
3 80 4
3 87 2
3 88 3
3 92 -2
3 95 -2
3 98 2
4 14 -4
4 16 -3
4 18 -2
4 20 -3
4 22 3
4 24 4
4 30 2
4 36 -2
4 39 -3
4 92 2
5 13 -2
5 14 -2
5 15 2
5 16 2
5 17 -4
5 18 -3
5 22 -2
5 23 -2
5 24 -4
5 26 -2
5 27 -2
5 29 2
5 31 -3
5 37 -4
5 38 -2
5 45 3
5 52 -2
5 56 -3
5 62 2
5 63 -4
5 65 -3
5 75 -3
5 76 4
5 78 2
5 79 4
5 92 -4
5 93 4
5 94 -3
6 13 -3
6 14 4
6 15 -2
6 16 -4
6 17 -4
6 18 -4
6 19 4
6 21 4
6 23 2
6 24 2
6 25 3
6 30 -2
6 35 -3
6 36 -2
6 46 -2
6 48 3
6 53 -2
6 58 -2
6 66 -2
6 67 3
6 79 2
6 80 -2
6 81 -4
6 87 3
7 13 3
7 14 -2
7 19 -2
7 20 -3
7 21 4
7 22 2
7 23 4
7 27 4
7 29 -4
7 30 3
7 31 -4
7 32 -2
7 33 2
7 35 -4
7 39 4
7 42 -2
7 43 4
7 45 2
7 50 -3
7 51 2
7 54 -4
7 64 4
7 67 4
7 72 -4
7 73 2
7 76 -3
7 92 -3
7 93 -2
8 13 -2
8 14 2
8 15 -2
8 16 3
8 18 4
8 21 -4
8 22 -3
8 24 3
8 28 -3
8 36 3
8 38 2
8 43 -2
8 46 3
8 48 -4
8 55 -2
8 58 -3
8 60 2
8 61 -2
8 64 3
8 70 4
8 78 -2
8 80 -4
8 89 -4
8 90 -2
8 96 4
9 13 2
9 15 4
9 16 3
9 21 4
9 27 -4
9 28 4
9 63 2
9 64 -4
9 70 -2
9 80 3
9 84 -2
9 89 2
9 99 2
10 13 -2
10 14 3
10 15 4
10 18 4
10 19 2
10 20 -2
10 21 2
10 22 -3
10 23 -4
10 25 3
10 26 3
10 27 2
10 30 4
10 31 -4
10 33 -2
10 36 3
10 38 2
10 40 2
10 41 3
10 43 3
10 47 2
10 48 -2
10 62 4
10 72 -2
10 78 3
10 79 -2
10 82 -2
10 88 -3
10 91 4
10 94 2
10 95 3
10 98 -3
11 13 -4
11 14 2
11 15 -2
11 16 -4
11 17 2
11 19 2
11 24 4
11 26 -3
11 31 3
11 33 2
11 37 -3
11 48 -3
11 59 3
11 61 -3
11 71 4
12 13 4
12 15 -2
12 16 4
12 17 -4
12 19 2
12 25 4
12 26 -2
12 28 3
12 33 -4
12 35 -3
12 38 -2
12 40 -2
12 41 -4
12 42 4
12 66 -2
12 76 3
12 84 3
12 96 3
13 14 -4
13 15 3
13 16 -3
13 17 4
13 18 2
13 19 -4
13 20 -3
13 21 3
13 22 4
13 24 -3
13 25 -3
13 26 4
13 28 -3
13 29 2
13 30 3
13 32 3
13 34 -3
13 37 -3
13 39 4
13 42 3
13 43 -4
13 44 -2
13 45 4
13 48 4
13 49 3
13 50 2
13 53 3
13 56 -3
13 57 -3
13 58 -2
13 60 -2
13 64 4
13 65 4
13 69 3
13 70 3
13 72 2
13 73 -3
13 77 -4
13 78 -4
13 85 3
13 88 -4
13 90 -2
13 91 2
13 92 -2
13 94 3
13 98 3
14 15 -4
14 16 -3
14 17 -2
14 18 4
14 19 -2
14 20 -2
14 21 4
14 23 2
14 25 -2
14 26 4
14 30 2
14 32 -3
14 33 2
14 35 -4
14 38 2
14 42 2
14 45 -4
14 48 -2
14 63 3
14 66 3
14 68 2
14 69 -4
14 70 4
14 77 4
14 93 -2
14 94 3
14 95 2
15 16 4
15 17 2
15 18 3
15 19 2
15 20 -3
15 21 -4
15 22 3
15 23 4
15 24 -4
15 25 -2
15 26 -2
15 27 4
15 31 4
15 32 -3
15 33 2
15 35 -4
15 39 -3
15 42 2
15 43 -2
15 45 2
15 47 3
15 50 -2
15 52 -2
15 53 3
15 54 -2
15 56 -3
15 59 4
15 64 3
15 68 2
15 77 -4
15 80 -3
15 87 -2
15 92 3
15 94 2
15 95 3
15 96 4
15 99 2
16 17 2
16 20 -3
16 21 -2
16 22 3
16 24 3
16 29 2
16 31 -2
16 32 4
16 33 2
16 34 2
16 37 -2
16 46 4
16 49 -2
16 53 -4
16 57 -4
16 58 -2
16 63 -3
16 64 -4
16 70 -2
16 73 4
16 74 -2
16 81 -3
16 83 3
16 89 -2
16 90 -2
16 91 4
16 96 -2
17 18 3
17 20 -3
17 23 3
17 24 3
17 25 -4
17 26 2
17 27 -4
17 29 2
17 32 -2
17 33 3
17 34 4
17 46 2
17 49 -2
17 51 3
17 53 3
17 55 4
17 62 -4
17 64 -2
17 69 -4
17 72 -2
17 73 -2
17 76 -3
17 81 4
17 85 -2
17 87 3
17 97 4
18 19 -4
18 20 -3
18 26 -2
18 27 -2
18 28 3
18 29 3
18 34 -4
18 36 -2
18 37 -3
18 38 -3
18 39 -3
18 44 -4
18 45 4
18 46 4
18 49 2
18 51 2
18 52 -2
18 54 3
18 57 2
18 60 2
18 62 -4
18 64 4
18 65 2
18 66 3
18 70 2
18 74 -4
18 77 2
18 81 4
18 90 -4
18 95 3
19 20 -3
19 21 3
19 22 3
19 23 -4
19 24 4
19 25 4
19 27 4
19 28 -4
19 29 -3
19 30 2
19 31 -4
19 34 3
19 37 4
19 38 -2
19 39 -2
19 40 3
19 41 -2
19 42 -4
19 45 -4
19 46 -4
19 47 4
19 49 2
19 55 -3
19 59 -4
19 60 3
19 64 -4
19 67 4
19 70 4
19 72 -3
19 75 3
19 77 -4
19 78 -2
19 79 -3
19 83 2
19 84 3
19 85 -3
19 88 2
19 89 3
19 91 2
19 98 -3
20 21 -4
20 22 2
20 25 3
20 27 2
20 28 -4
20 29 -3
20 30 3
20 34 2
20 36 4
20 41 -4
20 44 2
20 45 -4
20 46 -3
20 52 4
20 53 4
20 54 2
20 57 -2
20 68 3
20 69 -2
20 76 4
20 85 3
20 91 2
20 95 -4
21 22 -2
21 23 -2
21 26 -4
21 28 4
21 29 3
21 30 4
21 31 -4
21 32 3
21 33 3
21 36 -3
21 40 -3
21 42 3
21 43 2
21 44 4
21 45 2
21 50 4
21 55 -2
21 62 3
21 67 2
21 71 -4
21 83 3
21 84 -3
21 85 3
21 92 4
21 93 -2
22 23 -3
22 24 -2
22 25 -2
22 30 3
22 31 2
22 34 3
22 40 2
22 44 4
22 45 -3
22 48 2
22 50 2
22 56 4
22 59 4
22 63 3
22 76 4
22 81 3
22 83 4
22 88 -2
22 92 -3
22 98 3
23 25 -3
23 26 -3
23 33 4
23 36 -2
23 37 2
23 39 3
23 40 -2
23 41 -3
23 47 -3
23 51 2
23 52 -4
23 56 4
23 61 4
23 67 2
23 68 3
23 69 4
23 71 -4
23 76 4
23 80 3
23 82 2
23 89 4
23 94 4
23 95 -4
24 28 2
24 31 2
24 32 3
24 37 -4
24 46 -2
24 49 -4
24 51 4
24 52 -3
24 58 3
24 59 -3
24 67 -3
24 75 4
25 28 2
25 29 -4
25 38 2
25 44 3
25 46 -4
25 47 -3
25 51 -2
25 52 -4
25 54 -3
25 55 3
25 56 -4
25 58 4
25 59 -4
25 83 3
25 87 3
25 90 4
25 94 -4
26 27 -2
26 28 4
26 29 -4
26 31 -2
26 35 -2
26 36 4
26 43 -3
26 47 4
26 65 4
26 66 -4
26 68 2
26 69 2
26 72 4
26 75 3
26 82 -2
26 83 3
26 93 -4
27 30 -4
27 34 4
27 35 -4
27 42 2
27 46 4
27 48 -3
27 50 3
27 52 2
27 57 -3
27 58 -3
27 63 -3
27 68 -2
27 70 -4
27 78 -4
27 82 4
27 84 -4
27 86 -3
27 88 -4
27 90 4
27 99 -3
28 30 -2
28 32 4
28 35 -3
28 55 -4
28 56 4
28 65 2
28 66 -3
28 67 -4
28 72 3
28 74 -4
28 82 -3
28 85 3
28 87 2
29 31 3
29 33 -3
29 35 -4
29 36 -4
29 37 3
29 39 -2
29 40 2
29 41 -3
29 43 -2
29 44 4
29 48 4
29 51 3
29 52 -4
29 61 -2
29 62 3
29 66 2
29 71 -4
29 76 4
29 77 2
29 79 -2
29 94 4
29 98 2
29 99 3
30 41 -2
30 43 4
30 47 -2
30 54 -4
30 55 2
30 60 3
30 62 -4
30 65 2
30 91 4
30 97 2
31 34 -3
31 40 2
31 42 -3
31 47 2
31 49 3
31 50 4
31 54 -4
31 56 -4
31 57 3
31 61 -4
31 67 -4
31 75 4
31 79 -3
31 96 -4
32 34 3
32 37 -2
32 41 3
32 44 -3
32 49 -3
32 50 -4
32 51 -4
32 54 4
32 65 -2
32 68 -2
32 75 -3
32 76 -2
32 80 -3
32 81 4
32 82 2
33 36 -4
33 39 -4
33 44 2
33 48 2
33 53 -2
33 57 -3
33 60 -4
33 83 2
33 86 3
33 87 4
33 98 2
34 35 2
34 36 -3
34 40 2
34 41 -4
34 44 -4
34 48 3
34 61 4
34 65 3
34 73 -2
35 38 -2
35 40 3
35 43 4
35 47 4
35 49 2
35 50 3
35 51 4
35 54 2
35 56 4
35 66 4
35 68 4
35 73 -4
35 74 3
35 75 -2
35 78 2
35 80 2
35 84 2
35 87 4
35 88 2
35 96 -3
36 40 4
36 41 -2
36 46 -3
36 51 -2
36 53 -2
36 55 -4
36 57 2
36 59 -2
36 60 3
36 65 3
36 75 -3
36 76 2
36 78 -2
36 79 -2
37 38 -3
37 52 2
37 54 3
37 60 3
37 62 4
37 65 -4
37 66 3
37 69 2
37 74 -2
37 78 2
37 79 2
37 83 2
37 84 4
37 86 4
37 97 3
38 40 4
38 42 3
38 43 2
38 50 -2
38 51 -4
38 57 4
38 75 -3
38 77 -4
38 82 2
38 83 4
38 86 4
38 87 -4
38 88 3
39 44 -4
39 49 4
39 58 3
39 61 2
39 63 -3
39 69 2
39 76 2
39 81 4
39 98 2
40 41 -3
40 42 -2
40 46 3
40 47 4
40 48 2
40 56 4
40 57 -4
40 66 3
40 72 4
40 85 2
40 89 4
40 91 4
40 95 -4
41 45 -3
41 50 -4
41 53 4
41 54 -2
41 56 4
41 62 3
41 77 2
41 86 -2
41 99 4
42 49 -3
42 52 4
42 76 -3
42 77 -4
42 83 2
42 84 -4
42 88 3
42 98 3
42 99 -3
43 58 -2
43 74 2
43 79 -3
43 83 2
43 91 2
44 97 -4
44 99 3
45 53 -3
45 58 -4
45 94 3
46 47 -2
46 51 2
46 55 -2
46 69 4
46 71 -3
46 80 -3
46 86 -3
47 56 4
47 57 -2
47 60 -3
47 85 3
47 93 -3
48 53 3
48 62 4
48 63 4
48 73 -4
48 75 4
48 83 -3
48 84 3
48 85 3
48 88 -3
48 89 -2
48 90 3
49 61 2
49 62 -2
49 66 -3
49 68 2
50 55 2
50 70 2
50 72 -4
50 73 4
50 82 -3
50 87 -3
50 89 -4
50 90 3
50 91 -4
50 92 -3
51 57 4
51 61 -3
51 71 2
51 84 -2
51 91 -3
52 59 -4
52 61 4
52 67 2
53 59 -4
53 63 -2
53 65 -2
53 74 3
53 81 2
53 89 -3
53 97 -4
54 59 -2
54 61 -3
54 64 3
54 68 2
54 71 -2
54 73 3
54 80 4
54 86 4
54 95 -4
54 99 3
55 59 -4
55 60 -2
55 62 -3
55 72 -2
55 73 3
55 79 3
55 85 4
55 92 4
55 95 2
55 96 2
55 97 -4
56 60 2
56 64 -4
56 85 4
56 92 4
57 58 -2
57 82 -2
57 90 2
58 72 3
58 74 3
58 94 -2
59 68 -3
59 77 4
59 81 4
59 93 4
59 98 2
60 63 4
60 67 4
60 71 -4
60 81 4
60 94 3
60 95 4
61 77 2
61 78 2
61 79 -3
61 80 4
61 82 -3
61 84 2
61 93 -3
62 63 -3
62 68 3
62 71 3
62 93 -2
64 67 -2
64 69 2
64 71 -3
64 78 -2
64 89 3
64 96 4
65 66 3
65 74 2
65 95 3
66 67 -4
66 78 4
66 84 -4
67 69 -2
67 98 -2
68 70 2
68 93 -2
69 72 3
69 75 4
70 74 3
70 97 -3
71 73 3
71 82 4
71 86 4
71 88 2
72 97 4
72 99 4
73 74 -2
73 75 -3
73 86 -2
73 90 4
73 97 2
74 99 2
75 85 3
75 89 2
76 92 -3
77 80 4
78 91 -3
79 81 -4
79 90 3
80 96 -2
80 99 4
81 86 3
81 87 -3
82 87 -2
82 97 -3
82 99 3
84 86 2
85 88 -4
88 89 -2
90 93 2
93 98 4
94 96 -3
95 96 -4
-1
-1051
