ba_100_10_32
100
-12
27
-7
22
-29
21
-12
-11
27
3
-17
-19
23
-10
22
7
-10
7
6
15
-30
-17
-21
-15
-22
8
-28
20
-10
-30
-6
-28
19
3
2
-10
-26
22
-30
26
8
13
18
13
-17
-21
-22
-18
-16
30
5
-26
11
-15
32
-24
-20
29
-11
-9
19
31
24
28
-18
10
7
-23
-31
15
3
-18
14
23
17
-16
22
-6
4
-16
11
-30
15
-11
-18
-18
-2
25
-26
-12
26
-13
13
-23
5
-5
-28
-31
-8
29
0 1 11
0 2 27
0 3 -4
0 4 23
0 5 2
0 6 13
0 7 -24
0 8 -28
0 9 21
0 10 -2
0 11 28
0 12 3
0 13 -2
0 14 -20
0 15 -18
0 17 -20
0 18 -30
0 20 -26
0 21 8
0 22 -7
0 24 -3
0 27 -3
0 28 32
0 32 4
0 33 11
0 34 -10
0 37 -11
0 38 -7
0 44 25
0 45 -31
0 50 19
0 52 -32
0 54 -18
0 57 15
0 63 -16
0 67 -15
0 69 -20
0 71 21
0 75 23
0 82 -20
0 83 -19
0 84 28
0 87 8
0 90 11
0 92 11
0 97 30
1 11 -13
1 12 -4
1 13 32
1 14 10
1 15 25
1 19 28
1 20 -32
1 23 27
1 24 24
1 25 32
1 26 8
1 29 17
1 33 -20
1 35 -12
1 37 5
1 42 -20
1 53 25
1 56 -30
1 57 30
1 59 -32
1 66 15
1 68 4
1 72 4
1 79 -11
1 86 6
2 11 23
2 13 -4
2 14 -14
2 15 11
2 16 -25
2 17 -11
2 18 19
2 20 -28
2 22 27
2 27 15
2 31 -27
2 34 -18
2 37 12
2 38 -4
2 39 -21
2 41 9
2 47 29
2 56 -4
2 57 32
2 72 20
2 73 21
2 83 -25
2 84 18
2 93 6
2 95 -20
3 11 23
3 12 13
3 18 -2
3 44 11
3 57 2
3 59 -30
3 60 -30
3 73 30
3 74 -13
3 80 27
3 87 -3
3 94 13
4 11 13
4 12 -7
4 13 17
4 14 26
4 17 -17
4 18 -32
4 20 12
4 23 30
4 26 21
4 29 -18
4 32 13
4 33 -19
4 36 10
4 39 26
4 40 2
4 44 -3
4 45 13
4 46 9
4 52 -28
4 83 4
4 97 9
4 99 -28
5 11 -8
5 13 27
5 14 -29
5 15 9
5 20 2
5 21 22
5 23 4
5 29 28
5 32 6
5 39 -10
5 45 -11
5 48 14
5 61 14
5 63 -31
5 67 29
5 99 -7
6 12 -21
6 16 19
6 18 18
6 36 31
6 41 10
6 43 -23
6 44 16
6 50 -17
6 86 -18
6 89 27
6 90 -5
6 96 -26
7 11 -5
7 12 -29
7 13 -22
7 15 23
7 16 10
7 17 27
7 19 16
7 21 17
7 22 -5
7 24 14
7 30 -8
7 40 5
7 49 -6
7 53 -10
7 59 -26
7 88 -26
7 91 13
7 95 10
7 96 -7
8 11 -17
8 12 16
8 15 -25
8 16 26
8 17 -8
8 19 -6
8 23 -18
8 28 -31
8 29 5
8 30 -27
8 31 19
8 35 17
8 36 -31
8 40 -11
8 42 -12
8 43 -24
8 44 -8
8 54 -18
8 55 -19
8 62 -32
8 63 -24
8 76 26
8 77 -19
8 99 29
9 11 -24
9 12 -19
9 13 -3
9 14 -16
9 15 32
9 16 15
9 17 -17
9 19 29
9 20 17
9 21 32
9 24 18
9 25 10
9 26 21
9 29 -22
9 31 -18
9 32 -27
9 35 20
9 38 -19
9 39 12
9 45 -14
9 49 -17
9 51 -11
9 52 31
9 55 26
9 56 -29
9 61 -21
9 65 -22
9 67 19
9 69 17
9 72 -19
9 77 -18
9 80 -16
9 81 16
9 86 14
9 88 -6
9 89 30
9 96 7
9 97 -19
10 11 -19
10 12 29
10 13 -3
10 14 -12
10 16 -31
10 18 -23
10 19 25
10 23 22
10 28 -8
10 32 22
10 34 23
10 35 4
10 40 27
10 52 18
10 56 31
10 79 -27
10 81 5
10 84 13
10 89 10
10 93 -25
10 95 -29
11 12 -19
11 13 13
11 14 -16
11 15 11
11 16 -21
11 17 2
11 21 -18
11 24 23
11 25 -27
11 26 -3
11 27 3
11 30 6
11 34 25
11 36 14
11 37 -30
11 38 -3
11 40 31
11 41 20
11 42 18
11 47 19
11 50 -7
11 53 5
11 57 3
11 59 6
11 64 -5
11 65 30
11 66 -11
11 76 -30
11 77 -15
11 87 -26
11 88 -24
11 91 30
11 92 16
11 98 -5
12 13 -15
12 14 -27
12 15 13
12 16 25
12 17 15
12 18 2
12 19 7
12 21 14
12 22 7
12 23 -18
12 24 3
12 25 21
12 26 -3
12 27 -19
12 28 -13
12 29 -17
12 34 11
12 38 23
12 39 12
12 41 -19
12 42 -8
12 43 2
12 44 -31
12 45 -17
12 47 -6
12 48 32
12 49 -10
12 51 -5
12 55 -16
12 57 9
12 58 -17
12 59 27
12 61 12
12 65 18
12 67 32
12 68 -15
12 69 -17
12 75 -5
12 76 -11
12 80 9
12 87 22
12 89 10
12 91 -27
12 94 14
12 95 -25
12 98 3
13 14 -27
13 16 -8
13 17 7
13 18 -32
13 19 23
13 20 14
13 22 20
13 24 4
13 27 -22
13 28 6
13 30 8
13 31 23
13 33 3
13 36 -26
13 37 -17
13 39 25
13 41 -8
13 43 28
13 54 -15
13 55 -19
13 61 -8
13 75 18
13 79 -9
13 81 -15
13 88 13
13 90 10
13 93 -16
13 97 17
14 15 -4
14 16 -14
14 17 14
14 18 23
14 19 -32
14 20 -4
14 21 -7
14 22 15
14 23 2
14 25 32
14 27 -23
14 29 32
14 32 -5
14 35 -9
14 44 16
14 48 -15
14 50 -9
14 51 13
14 56 -23
14 57 12
14 58 -13
14 70 -22
14 75 -32
14 83 -15
14 86 17
14 88 21
14 89 6
14 91 27
15 22 15
15 34 -27
15 37 4
15 51 29
15 53 -10
15 60 4
15 66 -11
15 75 8
15 88 -27
15 96 5
15 97 27
16 18 -2
16 19 -21
16 21 -13
16 25 -20
16 27 -28
16 28 -6
16 31 -25
16 37 23
16 39 10
16 42 30
16 81 14
16 82 -9
16 83 23
16 91 27
17 20 -31
17 21 -16
17 22 14
17 23 10
17 28 -10
17 29 12
17 30 -10
17 31 21
17 34 -19
17 35 -5
17 39 18
17 40 -28
17 42 -6
17 43 -5
17 44 10
17 48 -5
17 49 27
17 51 -2
17 52 -8
17 58 4
17 60 12
17 63 10
17 64 22
17 65 10
17 78 -11
17 79 -17
17 80 -18
17 83 -16
17 92 31
17 94 -4
17 98 -20
18 19 -26
18 21 -20
18 22 6
18 23 -21
18 24 11
18 26 -16
18 33 -3
18 37 2
18 39 10
18 42 -5
18 44 -28
18 45 -32
18 47 -22
18 49 -28
18 50 20
18 61 -8
18 62 10
18 73 -22
18 76 -23
19 20 -28
19 22 10
19 26 -13
19 31 -27
19 35 27
19 50 10
19 54 -2
19 55 -19
19 58 23
19 62 28
19 66 18
19 68 17
19 73 -12
19 74 2
19 85 -26
19 86 -13
19 92 -26
20 24 32
20 25 32
20 26 -26
20 32 -15
20 33 -7
20 34 3
20 43 11
20 62 23
20 64 -11
20 66 -3
20 72 27
20 99 -6
21 24 -26
21 26 -21
21 29 23
21 33 24
21 35 9
21 36 2
21 40 -10
21 48 23
21 49 7
21 51 -11
21 58 -21
21 63 17
21 85 19
21 90 28
22 23 -23
22 25 2
22 26 -13
22 27 -27
22 37 -12
22 38 32
22 46 -11
22 51 9
22 52 -20
22 54 -16
22 56 32
22 65 -32
22 69 32
22 73 16
22 74 5
22 79 5
22 82 -30
22 85 -4
22 91 -7
22 97 8
22 98 5
23 25 -14
23 28 -10
23 30 -22
23 38 -8
23 41 20
23 43 17
23 45 4
23 48 25
23 53 8
23 58 18
23 63 13
23 72 11
23 74 11
23 86 -11
23 88 -20
23 91 21
23 93 12
23 96 24
24 25 16
24 27 24
24 32 23
24 34 23
24 36 19
24 40 16
24 41 -32
24 42 20
24 45 -11
24 70 30
24 71 -2
24 74 -11
24 75 -26
24 82 4
24 95 23
24 98 27
25 28 -25
25 30 -17
25 31 -23
25 32 23
25 33 20
25 43 -2
25 46 25
25 47 3
25 54 20
25 59 -7
25 61 30
25 62 -30
25 68 -25
25 72 -15
25 79 -12
25 84 31
25 93 -2
25 96 19
25 99 -18
26 27 31
26 28 20
26 30 -15
26 31 4
26 33 -31
26 41 9
26 47 32
26 50 -7
26 59 11
26 62 -28
26 65 27
26 66 -30
26 70 23
26 79 29
26 83 22
26 87 20
26 92 -7
27 31 -23
27 33 4
27 34 29
27 36 -28
27 37 13
27 40 -21
27 53 14
27 55 19
27 73 8
27 81 -12
27 82 -17
27 84 9
27 89 13
28 29 9
28 30 10
28 35 6
28 40 -26
28 41 -20
28 46 21
28 48 22
28 53 6
28 54 -30
28 56 20
28 65 -25
28 67 -15
28 77 -12
28 79 8
28 83 2
28 93 28
29 30 -22
29 32 -5
29 35 -22
29 46 -9
29 61 9
29 64 18
29 65 17
29 68 5
29 69 17
29 70 5
29 74 16
30 42 25
30 50 -7
30 52 -7
30 53 14
30 62 17
30 68 14
30 76 -29
30 80 10
30 84 8
30 87 -29
30 97 -4
31 36 -22
31 45 -14
31 47 -2
31 50 -2
31 52 24
31 56 22
31 61 -21
31 71 2
31 96 30
31 98 -2
32 48 24
32 49 -29
32 60 30
32 61 -20
32 62 -18
32 77 -10
32 85 7
32 94 26
33 38 6
33 46 8
33 55 -30
33 57 11
33 58 14
33 64 8
33 72 6
33 73 14
33 78 9
33 80 -11
33 95 26
33 99 -16
34 38 6
34 42 -7
34 43 7
34 46 -24
34 47 -6
34 57 -32
34 58 -30
34 59 -5
34 75 -31
34 77 -3
34 79 16
34 81 -13
34 82 12
34 91 -9
34 98 20
35 36 3
35 41 -22
35 50 3
35 54 -31
35 56 7
35 58 -19
35 63 18
35 67 -29
35 77 -31
35 94 -21
36 38 29
36 44 -30
36 48 28
36 52 2
36 59 -8
36 60 8
36 68 12
36 70 11
36 71 -28
36 81 -11
36 82 -17
36 90 18
37 39 29
37 46 25
37 47 6
37 51 9
37 52 15
37 57 29
37 60 29
37 66 -17
37 69 29
37 72 -6
37 76 22
37 80 20
38 43 3
38 46 -17
38 67 -26
39 46 -26
39 47 -22
39 54 27
39 59 24
39 66 -16
39 69 -20
39 70 -29
39 71 -14
39 87 -19
39 89 28
39 93 -14
40 51 12
40 61 -20
40 71 -14
40 85 8
40 94 -30
41 78 11
41 90 7
42 45 -30
42 54 -23
42 80 5
42 94 -30
43 49 22
43 60 -26
43 63 28
43 64 -18
43 68 30
43 80 -25
43 87 -25
43 90 29
44 48 5
44 51 13
44 53 -27
44 56 29
44 64 10
44 78 10
44 85 -18
44 95 -6
45 53 11
45 58 17
45 65 29
45 73 -32
45 93 10
45 99 20
47 49 23
47 55 -31
47 62 18
47 67 24
47 71 -8
47 73 3
47 78 -14
48 49 -6
48 62 -29
48 67 -19
48 83 -15
48 84 26
48 92 -14
48 99 6
49 74 -28
49 95 23
50 76 -24
50 95 31
50 97 -24
51 55 28
51 60 -24
51 63 -23
51 69 -26
51 82 17
51 88 27
51 97 25
52 55 -27
52 64 -13
52 66 9
52 71 -10
52 94 -14
53 72 -13
53 74 -27
53 84 23
53 88 4
53 92 26
54 71 7
54 76 -23
54 82 14
54 90 -23
55 60 -14
55 78 -18
56 64 -19
56 66 8
56 70 30
56 74 3
56 75 -26
56 77 6
56 94 27
56 98 16
57 63 16
57 72 32
57 84 -17
58 69 21
58 81 -8
59 60 -12
59 75 13
59 77 16
60 65 7
60 67 -11
60 78 -31
60 81 24
61 84 -14
61 85 11
61 87 -9
61 92 -21
62 64 19
62 69 -4
62 86 19
62 95 -27
63 71 -18
63 76 -9
64 68 30
64 80 16
64 92 -19
65 68 4
65 86 -13
65 88 20
66 70 -28
68 70 20
68 89 2
69 70 13
69 93 -21
69 96 19
69 98 18
70 73 15
70 74 -6
70 75 18
70 78 9
70 81 -29
70 91 17
73 89 -10
74 78 12
74 89 32
74 90 12
75 76 25
75 77 18
75 78 19
75 79 17
75 94 -13
75 96 -3
75 97 3
76 82 -22
76 85 15
77 83 -16
77 85 7
77 96 -29
78 99 -10
81 87 -30
81 98 18
82 86 4
83 85 -6
84 90 3
85 86 -32
89 91 24
91 92 -25
91 93 -13
92 99 32
-1
-6054
