ba_100_8_8
100
-8
7
-2
-2
-4
5
6
8
-8
3
8
8
4
-2
5
-3
3
6
-4
-4
-7
3
7
-7
4
-2
-8
6
-3
-3
-3
-3
-8
-4
-3
-4
8
-3
3
2
-3
5
-4
-5
2
5
7
5
8
-2
6
-7
-7
-3
-2
-4
3
5
-7
3
8
-3
2
-6
3
-3
-5
4
6
5
-7
-2
-5
5
7
-2
-5
-4
7
-6
-8
-6
2
7
-7
-7
-3
8
3
-6
-5
5
6
4
8
6
-2
2
-8
-2
0 1 4
0 2 -5
0 3 5
0 4 -3
0 5 -4
0 6 8
0 7 -6
0 8 -3
0 9 4
0 10 8
0 11 6
0 12 5
0 13 -4
0 15 -6
0 16 4
0 17 -4
0 21 2
0 22 6
0 23 -7
0 25 -6
0 26 -3
0 28 4
0 31 -2
0 37 -8
0 45 -5
0 48 -2
0 50 -3
0 56 3
0 58 -7
0 65 7
0 69 -7
0 70 -8
0 71 -6
0 78 2
0 84 4
0 92 3
0 95 6
0 99 3
1 9 2
1 10 2
1 11 8
1 13 -3
1 15 -8
1 19 8
1 21 -6
1 22 3
1 23 3
1 27 -4
1 40 5
1 41 4
1 44 2
1 49 2
1 58 7
1 62 -2
1 71 4
1 72 7
1 85 -8
1 93 2
2 9 -7
2 10 -3
2 11 3
2 13 -3
2 17 -7
2 18 -5
2 24 -6
2 32 5
2 37 6
2 39 -8
2 46 3
2 47 2
2 53 -7
2 55 -4
2 57 -4
2 60 -2
2 67 7
2 78 -5
2 94 -5
3 9 -7
3 10 7
3 11 -7
3 12 4
3 14 -2
3 15 -6
3 16 -3
3 28 8
3 31 7
3 41 7
3 49 -2
3 50 4
3 51 4
3 52 7
3 61 2
3 67 5
3 78 -2
3 84 -8
3 92 -7
3 99 -8
4 9 6
4 11 7
4 14 -5
4 30 3
4 40 -4
4 96 -3
5 9 -4
5 10 -5
5 12 -7
5 14 -7
5 18 -2
5 36 -5
5 56 -4
5 61 -4
5 87 -6
5 88 2
5 92 3
5 95 -8
6 9 5
6 10 7
6 12 -7
6 14 -5
6 16 3
6 20 6
6 25 -4
6 35 -3
6 38 -4
6 40 -6
6 47 -6
6 51 6
6 61 -6
6 62 2
6 96 -5
7 9 3
7 11 -7
7 13 -2
7 17 -5
7 27 4
7 32 -2
7 38 3
7 42 -4
7 46 7
7 49 2
7 56 -2
7 62 -3
7 68 4
7 72 7
7 73 7
7 75 -6
7 85 7
7 96 3
8 10 7
8 12 -6
8 13 -4
8 14 3
8 17 -5
8 20 6
8 23 -2
8 25 8
8 26 -4
8 30 8
8 35 4
8 39 4
8 42 8
8 43 6
8 47 -3
8 58 -8
8 75 -4
8 92 -3
9 10 6
9 11 3
9 12 -4
9 13 -4
9 14 -8
9 15 -5
9 16 3
9 18 -4
9 19 7
9 20 2
9 23 -6
9 24 8
9 25 -2
9 28 5
9 30 -4
9 32 8
9 36 -4
9 42 -2
9 45 -7
9 46 -4
9 47 5
9 51 -6
9 63 -6
9 68 -2
9 73 -6
9 76 -8
9 77 8
9 78 -3
9 83 7
9 90 5
9 94 7
10 11 6
10 12 7
10 13 -3
10 14 3
10 15 8
10 16 -2
10 17 4
10 18 -2
10 19 8
10 20 6
10 21 -4
10 24 6
10 25 -7
10 27 -5
10 29 -6
10 31 -6
10 32 -4
10 33 5
10 34 4
10 36 3
10 37 4
10 38 2
10 41 -5
10 42 -5
10 43 5
10 44 -6
10 45 -2
10 46 -6
10 48 -7
10 49 -6
10 55 -4
10 56 -2
10 57 -3
10 60 -6
10 61 -8
10 65 5
10 66 6
10 71 -4
10 74 4
10 76 4
10 77 -5
10 80 5
10 86 -6
10 87 2
10 89 -7
10 91 2
10 92 7
10 93 -4
10 97 -2
10 98 -4
10 99 2
11 12 7
11 13 5
11 14 4
11 15 4
11 18 3
11 19 -3
11 24 3
11 25 -6
11 26 7
11 28 4
11 33 -2
11 35 -6
11 37 -7
11 41 5
11 43 8
11 44 4
11 47 3
11 48 7
11 52 6
11 53 -2
11 57 4
11 60 4
11 67 8
11 72 3
11 87 -3
11 89 7
11 94 4
11 96 7
12 15 7
12 16 8
12 17 -4
12 19 -7
12 20 6
12 29 2
12 34 -8
12 36 8
12 43 6
12 53 -8
12 59 6
12 68 -4
12 71 5
12 77 -5
12 82 6
12 88 -5
12 92 8
13 15 -4
13 16 -5
13 18 4
13 19 2
13 21 7
13 22 -2
13 23 -3
13 27 7
13 29 -3
13 32 -4
13 42 -8
13 52 7
13 53 -2
13 58 -6
13 63 -3
13 67 -4
13 68 -8
13 69 -2
13 79 -2
13 90 5
14 16 -8
14 17 7
14 18 8
14 20 8
14 21 4
14 22 -8
14 25 -8
14 26 -7
14 29 5
14 33 2
14 37 -6
14 40 8
14 43 4
14 45 -3
14 52 -6
14 58 8
14 59 -4
14 69 -8
14 72 5
14 75 -7
14 79 -4
14 80 -7
14 81 3
14 85 -6
14 86 2
14 95 -8
14 98 -8
15 19 7
15 33 -7
15 44 -6
15 54 5
15 60 2
15 82 6
15 87 7
15 89 -7
16 17 -3
16 18 6
16 21 2
16 22 8
16 23 -3
16 26 7
16 29 -2
16 33 -5
16 37 4
16 38 -3
16 39 -6
16 41 -7
16 46 -2
16 50 -2
16 60 -2
16 67 6
16 73 -5
16 74 -3
16 79 7
16 81 8
16 90 2
16 93 2
16 99 5
17 20 8
17 26 -8
17 27 -2
17 28 -2
17 29 -6
17 32 8
17 44 -2
17 46 2
17 53 7
17 55 -8
17 56 7
17 57 5
17 65 2
17 66 3
17 67 8
17 69 -3
17 74 -7
17 76 3
17 88 -7
17 89 -4
17 94 8
17 95 4
17 98 4
18 19 7
18 20 -4
18 21 -4
18 24 5
18 30 3
18 31 6
18 38 6
18 39 5
18 40 8
18 48 -8
18 50 2
18 52 6
18 59 7
18 64 -7
18 69 -3
18 75 -2
18 77 8
18 81 -4
18 98 -4
19 22 -6
19 23 4
19 25 -8
19 26 5
19 32 -8
19 34 7
19 35 6
19 45 -4
19 54 8
19 62 8
19 75 8
19 78 3
19 85 5
19 86 -8
19 90 -7
19 95 4
20 21 3
20 22 -5
20 23 -5
20 27 6
20 29 5
20 30 -3
20 31 8
20 34 -7
20 35 6
20 37 6
20 38 7
20 41 -3
20 48 -2
20 50 5
20 51 -5
20 53 5
20 54 -2
20 55 -8
20 57 -3
20 59 -2
20 60 -3
20 61 -4
20 62 -3
20 63 -3
20 64 -8
20 68 -3
20 71 -2
20 74 4
20 76 4
20 89 -2
21 22 3
21 24 6
21 27 5
21 30 6
21 31 4
21 34 -5
21 36 5
21 41 -7
21 43 4
21 45 2
21 51 -7
21 52 2
21 64 4
21 69 4
21 72 5
21 79 7
21 81 2
21 85 6
21 88 -3
21 91 -6
21 97 -4
22 24 -7
22 33 -4
22 36 -6
22 39 -6
22 42 5
22 51 6
22 55 -7
22 63 -5
23 24 5
23 27 5
23 34 -3
23 35 6
23 40 5
23 47 -7
23 48 2
23 52 -6
23 54 -5
23 61 4
23 66 -2
23 72 -4
23 73 -8
23 74 4
23 82 -6
23 84 -2
24 26 3
24 28 -5
24 33 7
24 36 6
24 38 -7
24 39 4
24 42 -2
24 46 7
24 47 -3
24 48 -7
24 54 8
24 60 -7
24 64 7
24 66 -2
24 84 -4
24 93 8
25 28 -6
25 43 -6
25 59 7
25 63 4
25 83 7
25 91 -4
25 94 -4
26 31 -5
26 35 -3
26 36 4
26 38 -6
26 44 -2
26 53 8
26 55 -6
26 62 3
26 64 -6
26 85 -8
26 88 -8
26 91 8
27 28 7
27 29 -4
27 30 5
27 31 3
27 34 -3
27 35 -2
27 39 8
27 46 6
27 48 6
27 50 5
27 52 -3
27 56 -6
27 57 7
27 58 8
27 66 7
27 67 8
27 71 -5
27 77 -7
27 90 -5
27 91 -2
27 93 5
27 96 -3
28 32 -7
28 58 8
28 64 -7
28 70 -6
28 73 -6
29 30 -6
29 33 -7
29 42 -4
29 50 8
29 53 4
29 82 -7
29 90 -5
29 99 -4
30 56 -2
30 85 5
30 98 -5
31 41 -6
31 51 -5
31 56 4
31 60 6
31 67 -5
31 75 2
31 76 -7
32 34 -6
32 37 5
32 49 3
32 66 2
32 72 -5
32 77 5
32 79 3
33 45 -3
33 54 -4
33 57 -2
33 74 -4
34 44 -7
34 59 -5
34 68 -3
34 81 -6
34 84 -2
35 40 2
35 80 -5
35 83 3
35 84 2
35 92 4
36 66 7
36 77 -8
36 97 -6
37 49 2
37 62 -5
37 63 2
37 70 -5
37 73 3
38 39 7
38 40 -5
38 44 2
38 63 -3
38 64 -6
38 65 2
38 82 6
38 87 8
38 89 3
38 92 3
39 90 2
39 99 8
40 47 4
40 54 -2
40 61 5
40 74 2
41 43 -6
41 51 3
41 61 -7
41 64 -7
41 80 -2
41 81 3
41 94 -3
42 55 3
42 70 5
42 83 6
42 86 4
42 88 -3
42 89 8
42 91 2
43 45 -5
43 49 -6
43 65 -4
43 70 -6
44 49 -5
44 50 -4
44 59 7
44 65 -8
44 72 -2
44 74 -3
44 78 3
45 57 -4
46 70 3
46 83 6
46 87 -8
46 96 -7
47 88 -3
48 93 -8
49 55 6
49 59 -5
49 77 4
49 82 -6
50 58 5
50 65 5
50 66 -5
50 99 5
51 54 2
51 78 3
51 88 -4
51 97 -5
52 63 4
52 69 6
52 70 -2
52 73 -6
52 83 5
54 62 2
54 71 -5
54 79 -4
54 80 -4
54 82 -6
54 95 -3
55 76 3
57 83 2
58 68 4
58 69 2
59 65 8
59 70 5
59 87 6
60 71 5
60 75 -4
60 80 4
60 97 -5
61 73 5
62 84 -7
62 95 3
63 68 5
63 86 5
63 94 -4
64 83 -3
65 76 -4
65 98 -6
66 75 -3
66 79 -7
66 82 -3
66 86 -2
67 81 7
67 91 6
67 96 -2
67 97 -4
68 93 -8
69 80 -5
69 86 -5
70 79 -6
70 84 -2
71 76 7
71 81 -4
72 96 -6
72 97 -6
73 78 4
73 98 7
73 99 -8
75 86 -3
75 87 -4
77 98 8
78 80 4
79 93 2
83 85 2
86 91 4
88 89 -8
89 90 7
91 94 -2
92 95 -4
92 97 8
-1
-1554
