ba_100_6_8
100
5
6
3
6
-2
2
-4
8
-2
-7
-4
3
2
4
-6
7
-5
-3
6
5
8
6
-4
7
-3
2
-3
-3
-6
-3
-2
6
2
7
4
-8
5
4
7
8
-6
-7
4
-7
-4
-8
4
3
-6
-3
5
-7
3
3
-6
-4
-6
-2
-6
-2
7
6
4
-2
-6
7
6
-6
-8
-7
-8
7
-5
3
4
-6
-8
-5
7
-5
4
-6
3
-3
6
-4
8
6
4
7
-6
2
6
-3
-4
-5
4
-8
6
-4
0 1 3
0 2 4
0 3 2
0 4 -2
0 5 3
0 6 4
0 7 -3
0 8 -3
0 9 4
0 10 4
0 11 -3
0 12 -7
0 13 -6
0 14 4
0 16 6
0 19 5
0 20 -4
0 23 -3
0 25 -4
0 29 -3
0 31 6
0 34 2
0 35 5
0 36 6
0 37 -4
0 39 8
0 43 -8
0 46 -8
0 49 4
0 53 -2
0 55 -4
0 56 -4
0 57 -3
0 64 7
0 79 -5
0 87 4
0 98 7
1 7 -3
1 8 -7
1 9 2
1 10 -4
1 12 -5
1 13 8
1 14 5
1 16 4
1 24 -6
1 28 -4
1 33 4
1 44 -6
1 48 -7
1 59 -5
1 63 -5
1 64 4
1 68 -7
1 72 -4
1 80 4
1 84 -6
1 86 -5
2 11 -8
2 12 6
2 40 -8
2 41 -4
2 59 6
2 71 -7
3 7 -4
3 25 8
3 32 7
4 7 5
4 8 2
4 9 4
4 10 -8
4 13 4
4 14 -7
4 18 -3
4 30 3
4 32 -8
4 40 -8
4 47 5
4 48 -6
4 75 -2
4 79 -7
4 82 8
4 83 5
4 85 6
4 97 8
5 7 -6
5 8 2
5 10 5
5 15 7
5 19 -6
5 45 -8
5 70 3
5 84 5
5 91 2
5 93 -8
6 7 -4
6 8 8
6 9 5
6 10 -6
6 12 -8
6 13 -3
6 14 -4
6 15 -2
6 16 5
6 17 3
6 21 -2
6 26 -6
6 35 -4
6 37 8
6 45 2
6 46 6
6 48 6
6 52 8
6 56 5
6 63 -8
6 65 2
6 69 -8
6 73 7
6 74 -6
6 84 8
7 8 7
7 9 2
7 11 -6
7 12 4
7 13 3
7 15 2
7 17 -3
7 18 4
7 20 3
7 21 5
7 22 3
7 24 -8
7 32 2
7 42 -4
7 43 5
7 49 -2
7 64 -7
7 73 6
7 75 8
7 82 5
7 95 -8
7 98 8
7 99 -8
8 9 3
8 11 6
8 12 -6
8 13 -3
8 15 -4
8 17 -6
8 18 -6
8 23 -2
8 26 5
8 28 8
8 33 -2
8 40 8
8 41 -4
8 42 -6
8 47 -8
8 48 6
8 49 3
8 53 2
8 54 8
8 61 4
8 62 4
8 70 8
8 71 3
8 73 -5
8 77 -2
8 78 -8
8 79 7
8 83 5
8 85 3
8 90 -8
8 97 7
9 10 6
9 11 -8
9 17 3
9 18 -2
9 19 -5
9 20 -4
9 24 7
9 25 -8
9 27 -2
9 28 7
9 29 -2
9 42 7
9 46 4
9 47 -7
9 62 7
9 63 7
9 66 5
9 69 2
9 82 4
9 85 6
9 86 3
9 93 -8
10 11 5
10 17 2
10 19 7
10 21 -2
10 22 -8
10 23 5
10 24 6
10 26 -2
10 29 -4
10 30 8
10 31 2
10 35 3
10 39 5
10 41 -2
10 44 -2
10 45 -6
10 49 4
10 50 -2
10 56 -2
10 58 -7
10 65 3
10 67 6
10 70 -8
10 75 -7
10 85 8
10 86 3
10 96 -3
10 97 -8
11 15 2
11 16 3
11 18 2
11 20 -2
11 22 -4
11 30 2
11 35 -5
11 38 -5
11 42 7
11 45 2
11 47 3
11 53 -4
11 60 -8
11 66 -8
11 68 8
11 71 -5
11 77 2
11 79 -3
11 81 -6
11 85 -5
11 94 -4
11 95 -7
12 14 -7
12 15 3
12 16 6
12 20 -8
12 21 3
12 22 2
12 31 3
12 32 -5
12 38 5
12 39 -8
12 49 2
12 50 -8
12 51 8
12 56 -6
12 58 5
12 62 2
12 67 6
12 78 -3
12 79 -2
12 82 -2
12 86 2
12 87 4
12 99 -7
13 14 5
13 19 -2
13 20 7
13 27 -5
13 28 -7
13 30 -6
13 33 -5
13 34 -5
13 37 -3
13 42 3
13 49 5
13 52 8
13 54 -5
13 57 7
13 64 5
13 68 -4
13 71 -2
14 17 2
14 27 -6
14 28 -3
14 29 4
14 52 2
14 55 6
14 58 6
14 61 -6
14 65 -8
14 72 -5
14 87 -2
14 88 5
14 91 5
15 16 4
15 18 -3
15 21 4
15 23 -7
15 32 -7
15 37 7
15 40 3
15 44 -2
15 45 -6
15 53 6
15 55 -7
15 89 8
15 92 6
16 19 -7
16 21 6
16 23 -6
16 30 5
16 32 -2
16 37 7
16 81 -8
16 94 6
16 99 7
17 22 -3
17 24 -7
17 29 2
17 35 8
17 36 -3
17 43 3
17 46 -2
17 62 -4
17 65 -7
18 31 -6
18 34 6
18 36 -6
18 38 -4
18 42 -4
18 56 -5
18 72 8
18 78 -4
18 80 -3
19 25 8
19 26 -8
19 29 8
19 30 -2
19 33 -5
19 52 -8
19 58 -6
19 61 5
19 65 5
19 66 -4
19 73 -5
19 74 -4
19 78 -5
19 83 7
19 92 -5
19 98 -6
20 22 5
20 36 -4
20 39 -6
20 43 -2
20 51 7
20 54 -5
20 64 5
20 69 3
20 72 7
20 75 2
20 76 5
20 78 -6
20 84 6
20 87 -8
20 91 -8
20 96 2
20 99 -6
21 44 -6
21 96 8
22 23 4
22 24 4
22 25 6
22 26 2
22 27 -8
22 31 -2
22 33 4
22 34 -5
22 38 -6
22 41 -5
22 50 8
22 59 -3
22 67 -7
22 69 -8
22 74 2
22 77 6
22 84 -7
22 88 4
22 94 -5
22 95 8
23 25 5
23 26 7
23 27 -3
23 31 2
23 54 -6
23 60 5
23 82 -7
24 27 5
24 36 7
24 51 -2
24 57 3
24 64 6
24 77 8
25 46 4
25 47 -6
25 74 -7
25 83 -6
26 39 -2
26 41 2
26 45 3
26 59 -3
27 28 -7
27 38 -3
27 47 8
27 93 6
28 67 -2
28 75 4
29 35 -2
29 36 4
29 44 4
29 73 -4
29 77 -4
30 46 -2
30 60 8
30 62 -6
30 73 3
30 86 -3
31 33 3
31 40 8
31 50 4
31 51 -7
31 53 -7
31 59 7
31 81 -6
31 90 7
31 92 4
31 98 2
32 34 -2
32 54 7
32 58 -4
32 67 -6
32 74 2
32 76 5
32 80 -2
32 92 -5
33 34 -6
33 37 5
33 55 -4
34 38 4
34 40 -4
34 66 3
34 83 -6
34 88 -8
36 41 -3
36 43 -5
36 50 3
36 55 -2
36 59 6
36 61 5
36 63 -6
36 66 -5
36 68 -8
36 72 8
36 75 3
36 76 5
36 81 8
36 89 4
36 94 -4
36 96 8
37 58 4
37 72 4
37 78 7
37 90 4
38 39 6
38 54 7
38 60 -8
38 90 2
38 95 -5
39 52 -3
39 56 -5
39 65 -7
39 66 -6
39 68 4
39 71 7
39 76 -3
40 44 6
40 48 3
40 79 -3
40 92 -3
40 97 7
40 98 -7
41 57 -3
41 61 -6
42 43 4
42 55 -4
42 57 5
42 69 7
43 51 -5
43 53 -2
44 52 7
44 57 3
44 62 7
44 88 -8
44 95 2
44 99 3
45 60 2
45 96 7
46 48 5
46 50 7
46 93 5
48 97 4
49 51 -8
49 60 8
49 61 7
49 84 -3
50 63 6
51 71 8
51 87 -7
51 93 3
51 96 -8
53 80 -8
53 89 2
54 91 -6
56 63 -8
56 76 6
56 89 2
56 90 -2
56 94 2
57 81 7
58 68 8
58 74 -2
58 76 4
60 86 6
60 89 -3
61 77 8
62 70 -5
63 67 8
63 70 6
64 69 -5
64 93 -8
65 70 3
65 80 -5
67 88 -4
67 92 4
70 85 8
70 94 -6
73 83 6
73 89 4
74 99 5
75 80 7
75 81 -2
75 82 6
75 88 -4
75 98 -6
78 91 8
81 91 2
81 95 -8
83 90 -3
84 87 -6
92 97 -2
-1
-1452
