ba_100_8_64
100
13
-64
-61
-54
-46
29
35
14
11
47
60
57
-13
54
-29
-15
-43
19
41
39
-57
5
26
20
-63
6
41
-52
63
-57
-23
16
-8
31
-22
42
13
59
37
-47
13
-11
-51
-41
50
-47
64
43
59
58
34
26
47
-21
-61
-46
-35
-7
34
-61
-38
-33
33
-61
48
-60
-24
-35
11
4
-41
-54
-4
-36
-60
-14
-51
50
-52
-63
45
47
58
46
13
-4
31
-41
-19
19
3
7
-5
-43
16
63
-19
-23
-15
-5
0 1 -56
0 2 52
0 3 -13
0 4 3
0 5 64
0 6 23
0 7 -50
0 8 -61
0 9 47
0 10 6
0 11 -53
0 12 -13
0 13 59
0 15 61
0 16 56
0 17 63
0 21 -55
0 22 -31
0 23 6
0 25 -58
0 26 38
0 28 -28
0 31 16
0 37 -25
0 45 60
0 48 -58
0 50 13
0 56 53
0 58 64
0 65 -46
0 69 32
0 70 62
0 71 -28
0 78 15
0 84 45
0 92 -41
0 95 -45
0 99 44
1 9 -38
1 10 45
1 11 51
1 13 -10
1 15 -54
1 19 32
1 21 -2
1 22 18
1 23 10
1 27 -40
1 40 10
1 41 41
1 44 39
1 49 64
1 58 34
1 62 -3
1 71 33
1 72 -38
1 85 42
1 93 24
2 9 5
2 10 -58
2 11 46
2 13 56
2 17 -61
2 18 47
2 24 10
2 32 5
2 37 -57
2 39 64
2 46 -32
2 47 43
2 53 -16
2 55 -7
2 57 -18
2 60 -39
2 67 -8
2 78 -30
2 94 -58
3 9 -10
3 10 -61
3 11 -58
3 12 18
3 14 -4
3 15 55
3 16 -5
3 28 39
3 31 6
3 41 20
3 49 -34
3 50 3
3 51 -36
3 52 -32
3 61 15
3 67 -33
3 78 14
3 84 31
3 92 13
3 99 44
4 9 -18
4 11 10
4 14 -64
4 30 -55
4 40 18
4 96 28
5 9 -55
5 10 34
5 12 -58
5 14 25
5 18 34
5 36 42
5 56 -61
5 61 -32
5 87 34
5 88 10
5 92 54
5 95 -8
6 9 41
6 10 27
6 12 -21
6 14 -10
6 16 -25
6 20 44
6 25 -63
6 35 9
6 38 63
6 40 -62
6 47 -55
6 51 -26
6 61 -25
6 62 42
6 96 -34
7 9 6
7 11 -15
7 13 50
7 17 44
7 27 37
7 32 -61
7 38 32
7 42 4
7 46 -55
7 49 -19
7 56 48
7 62 52
7 68 38
7 72 21
7 73 44
7 75 -53
7 85 -28
7 96 -23
8 10 63
8 12 -54
8 13 10
8 14 48
8 17 -51
8 20 -3
8 23 11
8 25 -26
8 26 -7
8 30 -2
8 35 -5
8 39 -50
8 42 -55
8 43 53
8 47 27
8 58 21
8 75 48
8 92 -40
9 10 -60
9 11 35
9 12 -32
9 13 -35
9 14 48
9 15 38
9 16 -62
9 18 -25
9 19 33
9 20 -6
9 23 45
9 24 9
9 25 39
9 28 -11
9 30 -29
9 32 -15
9 36 30
9 42 33
9 45 -3
9 46 9
9 47 -21
9 51 26
9 63 11
9 68 -27
9 73 63
9 76 -37
9 77 47
9 78 -44
9 83 -41
9 90 -59
9 94 10
10 11 29
10 12 -19
10 13 40
10 14 23
10 15 -4
10 16 -45
10 17 -51
10 18 -23
10 19 29
10 20 39
10 21 -50
10 24 -44
10 25 -24
10 27 23
10 29 64
10 31 25
10 32 -43
10 33 -53
10 34 -24
10 36 -45
10 37 40
10 38 57
10 41 45
10 42 58
10 43 37
10 44 -47
10 45 -61
10 46 -61
10 48 -22
10 49 5
10 55 -45
10 56 -12
10 57 4
10 60 -56
10 61 17
10 65 -55
10 66 31
10 71 -60
10 74 -57
10 76 -64
10 77 29
10 80 -50
10 86 45
10 87 -64
10 89 -24
10 91 -4
10 92 -19
10 93 -21
10 97 -48
10 98 -10
10 99 25
11 12 22
11 13 -10
11 14 16
11 15 -31
11 18 -31
11 19 -37
11 24 -35
11 25 -36
11 26 51
11 28 -60
11 33 23
11 35 -40
11 37 18
11 41 11
11 43 -12
11 44 14
11 47 -35
11 48 -37
11 52 46
11 53 -24
11 57 2
11 60 -19
11 67 -48
11 72 -57
11 87 40
11 89 24
11 94 -46
11 96 -27
12 15 -17
12 16 -37
12 17 -27
12 19 38
12 20 63
12 29 -39
12 34 16
12 36 -4
12 43 -13
12 53 -6
12 59 -2
12 68 -30
12 71 41
12 77 -36
12 82 -34
12 88 39
12 92 -30
13 15 12
13 16 -17
13 18 -10
13 19 43
13 21 53
13 22 54
13 23 61
13 27 -43
13 29 -44
13 32 19
13 42 46
13 52 54
13 53 18
13 58 54
13 63 -45
13 67 -39
13 68 55
13 69 -28
13 79 -21
13 90 -54
14 16 60
14 17 -36
14 18 37
14 20 41
14 21 -2
14 22 12
14 25 -23
14 26 -42
14 29 -28
14 33 -57
14 37 -44
14 40 16
14 43 2
14 45 -38
14 52 57
14 58 -31
14 59 -61
14 69 5
14 72 -28
14 75 -44
14 79 -46
14 80 44
14 81 60
14 85 38
14 86 20
14 95 46
14 98 -40
15 19 -11
15 33 12
15 44 41
15 54 26
15 60 15
15 82 50
15 87 62
15 89 -40
16 17 -29
16 18 -41
16 21 49
16 22 -4
16 23 -8
16 26 -40
16 29 -38
16 33 54
16 37 20
16 38 45
16 39 34
16 41 10
16 46 24
16 50 42
16 60 19
16 67 -34
16 73 53
16 74 21
16 79 -43
16 81 -14
16 90 -7
16 93 43
16 99 43
17 20 34
17 26 -3
17 27 56
17 28 50
17 29 48
17 32 -9
17 44 -26
17 46 -23
17 53 -34
17 55 -46
17 56 14
17 57 -12
17 65 -29
17 66 -56
17 67 -36
17 69 -64
17 74 21
17 76 13
17 88 24
17 89 25
17 94 -53
17 95 37
17 98 -56
18 19 17
18 20 13
18 21 -27
18 24 17
18 30 47
18 31 -43
18 38 -41
18 39 -39
18 40 24
18 48 -29
18 50 57
18 52 -32
18 59 50
18 64 -53
18 69 -50
18 75 -55
18 77 -4
18 81 13
18 98 59
19 22 -54
19 23 -46
19 25 -38
19 26 18
19 32 -36
19 34 49
19 35 18
19 45 37
19 54 -11
19 62 4
19 75 -55
19 78 31
19 85 59
19 86 -42
19 90 33
19 95 14
20 21 50
20 22 -12
20 23 56
20 27 -9
20 29 -23
20 30 -42
20 31 -38
20 34 6
20 35 2
20 37 28
20 38 14
20 41 13
20 48 -58
20 50 -54
20 51 -22
20 53 -39
20 54 -61
20 55 -8
20 57 -38
20 59 10
20 60 -32
20 61 -60
20 62 -24
20 63 35
20 64 34
20 68 40
20 71 -31
20 74 39
20 76 -22
20 89 -38
21 22 56
21 24 -43
21 27 49
21 30 -37
21 31 16
21 34 -19
21 36 29
21 41 21
21 43 15
21 45 -58
21 51 -42
21 52 23
21 64 -5
21 69 55
21 72 -37
21 79 25
21 81 -61
21 85 16
21 88 12
21 91 -17
21 97 4
22 24 63
22 33 -63
22 36 -21
22 39 18
22 42 -25
22 51 -23
22 55 -51
22 63 -63
23 24 -35
23 27 52
23 34 -26
23 35 42
23 40 -59
23 47 47
23 48 -41
23 52 -19
23 54 24
23 61 4
23 66 -6
23 72 -49
23 73 17
23 74 -10
23 82 -5
23 84 -63
24 26 -2
24 28 14
24 33 3
24 36 47
24 38 -29
24 39 33
24 42 -35
24 46 60
24 47 28
24 48 -42
24 54 34
24 60 62
24 64 18
24 66 -42
24 84 -26
24 93 -42
25 28 -45
25 43 64
25 59 30
25 63 49
25 83 -45
25 91 -32
25 94 11
26 31 59
26 35 39
26 36 -17
26 38 -17
26 44 16
26 53 -33
26 55 -50
26 62 46
26 64 -46
26 85 43
26 88 31
26 91 -52
27 28 23
27 29 62
27 30 -42
27 31 16
27 34 2
27 35 -62
27 39 -26
27 46 64
27 48 28
27 50 -52
27 52 -36
27 56 -59
27 57 33
27 58 18
27 66 14
27 67 -31
27 71 12
27 77 -5
27 90 -39
27 91 21
27 93 7
27 96 32
28 32 -8
28 58 39
28 64 30
28 70 -10
28 73 -48
29 30 40
29 33 -30
29 42 -31
29 50 53
29 53 -34
29 82 -31
29 90 -11
29 99 11
30 56 34
30 85 -43
30 98 -2
31 41 45
31 51 9
31 56 41
31 60 48
31 67 25
31 75 -24
31 76 -48
32 34 -56
32 37 26
32 49 40
32 66 -37
32 72 3
32 77 39
32 79 55
33 45 41
33 54 63
33 57 51
33 74 -9
34 44 -38
34 59 51
34 68 17
34 81 49
34 84 40
35 40 33
35 80 -10
35 83 -26
35 84 33
35 92 11
36 66 -42
36 77 14
36 97 37
37 49 -60
37 62 14
37 63 -36
37 70 20
37 73 46
38 39 -32
38 40 54
38 44 -16
38 63 37
38 64 57
38 65 -35
38 82 -48
38 87 13
38 89 -21
38 92 -10
39 90 34
39 99 31
40 47 30
40 54 46
40 61 52
40 74 -60
41 43 15
41 51 22
41 61 -5
41 64 -11
41 80 41
41 81 -33
41 94 -26
42 55 58
42 70 8
42 83 -25
42 86 -10
42 88 -40
42 89 -2
42 91 2
43 45 5
43 49 -43
43 65 -22
43 70 -32
44 49 -32
44 50 27
44 59 17
44 65 -9
44 72 41
44 74 -44
44 78 -48
45 57 51
46 70 -27
46 83 21
46 87 -59
46 96 52
47 88 -30
48 93 23
49 55 53
49 59 -58
49 77 -20
49 82 37
50 58 35
50 65 -7
50 66 33
50 99 -57
51 54 -44
51 78 24
51 88 23
51 97 2
52 63 60
52 69 32
52 70 -55
52 73 -60
52 83 48
54 62 -61
54 71 61
54 79 14
54 80 17
54 82 -61
54 95 -54
55 76 14
57 83 -36
58 68 -19
58 69 -35
59 65 14
59 70 19
59 87 8
60 71 -32
60 75 -5
60 80 2
60 97 -29
61 73 37
62 84 -43
62 95 16
63 68 32
63 86 -37
63 94 20
64 83 4
65 76 21
65 98 -53
66 75 35
66 79 31
66 82 47
66 86 6
67 81 24
67 91 41
67 96 -30
67 97 33
68 93 -27
69 80 33
69 86 34
70 79 -34
70 84 47
71 76 -33
71 81 31
72 96 30
72 97 32
73 78 14
73 98 -2
73 99 52
75 86 37
75 87 29
77 98 48
78 80 12
79 93 -51
83 85 33
86 91 61
88 89 20
89 90 4
91 94 -37
92 95 -20
92 97 -58
-1
-11316
