ba_100_10_8
100
-3
2
7
7
-7
-6
6
-2
6
8
-4
-3
8
8
-5
-3
-8
-2
5
-7
4
-5
8
6
-5
-7
-4
6
-7
-4
3
3
-3
-5
-7
8
-2
4
8
-6
-7
-2
-3
-4
-5
-3
2
4
-7
5
2
2
7
-3
4
-8
-7
-8
-5
7
5
-2
-7
-4
-5
2
5
3
6
-8
8
6
-4
2
-4
-8
3
5
-5
8
3
-8
8
-4
-3
5
4
-3
-7
-4
-5
-3
3
5
-8
4
2
7
-5
-6
0 1 -8
0 2 -5
0 3 -7
0 4 6
0 5 -5
0 6 -5
0 7 -8
0 8 4
0 9 4
0 10 -5
0 11 2
0 12 -4
0 13 -7
0 14 7
0 15 4
0 17 7
0 18 -3
0 20 4
0 21 -4
0 22 3
0 24 -2
0 27 7
0 28 3
0 32 2
0 33 4
0 34 7
0 37 2
0 38 -5
0 44 3
0 45 -8
0 50 -6
0 52 -2
0 54 8
0 57 -6
0 63 -4
0 67 -2
0 69 -3
0 71 8
0 75 -6
0 82 2
0 83 -4
0 84 8
0 87 -2
0 90 8
0 92 5
0 97 -8
1 11 3
1 12 -8
1 13 2
1 14 3
1 15 -8
1 19 2
1 20 4
1 23 -5
1 24 4
1 25 -5
1 26 3
1 29 -7
1 33 8
1 35 3
1 37 -6
1 42 -7
1 53 -2
1 56 -3
1 57 -8
1 59 -3
1 66 8
1 68 4
1 72 -3
1 79 6
1 86 2
2 11 -2
2 13 8
2 14 -3
2 15 4
2 16 5
2 17 6
2 18 -2
2 20 4
2 22 4
2 27 -7
2 31 7
2 34 4
2 37 4
2 38 -4
2 39 -4
2 41 -7
2 47 -7
2 56 -7
2 57 8
2 72 -3
2 73 5
2 83 -6
2 84 8
2 93 3
2 95 -3
3 11 -3
3 12 -2
3 18 3
3 44 2
3 57 3
3 59 -6
3 60 5
3 73 -6
3 74 6
3 80 -8
3 87 -6
3 94 -5
4 11 -5
4 12 7
4 13 4
4 14 8
4 17 -4
4 18 8
4 20 6
4 23 6
4 26 -3
4 29 4
4 32 -2
4 33 2
4 36 -2
4 39 3
4 40 5
4 44 3
4 45 5
4 46 6
4 52 -5
4 83 -2
4 97 3
4 99 2
5 11 2
5 13 -7
5 14 -5
5 15 -8
5 20 -4
5 21 5
5 23 -2
5 29 7
5 32 -2
5 39 -4
5 45 2
5 48 -8
5 61 4
5 63 8
5 67 -3
5 99 8
6 12 -2
6 16 -6
6 18 6
6 36 2
6 41 -5
6 43 6
6 44 -6
6 50 -6
6 86 -4
6 89 7
6 90 8
6 96 3
7 11 -6
7 12 -3
7 13 -3
7 15 -8
7 16 6
7 17 -7
7 19 -3
7 21 8
7 22 3
7 24 4
7 30 3
7 40 8
7 49 6
7 53 -2
7 59 8
7 88 -4
7 91 6
7 95 -6
7 96 8
8 11 -2
8 12 3
8 15 -8
8 16 4
8 17 -8
8 19 -7
8 23 -4
8 28 6
8 29 5
8 30 3
8 31 -8
8 35 -6
8 36 2
8 40 5
8 42 2
8 43 -2
8 44 -6
8 54 -5
8 55 7
8 62 7
8 63 -4
8 76 4
8 77 -4
8 99 7
9 11 -2
9 12 8
9 13 5
9 14 -2
9 15 3
9 16 -7
9 17 -8
9 19 -6
9 20 6
9 21 -8
9 24 -3
9 25 7
9 26 -7
9 29 4
9 31 -4
9 32 4
9 35 -8
9 38 3
9 39 4
9 45 -2
9 49 -4
9 51 -7
9 52 -2
9 55 -5
9 56 8
9 61 -3
9 65 5
9 67 -8
9 69 -2
9 72 -6
9 77 4
9 80 6
9 81 3
9 86 4
9 88 2
9 89 -2
9 96 4
9 97 -7
10 11 6
10 12 3
10 13 -8
10 14 -5
10 16 -4
10 18 5
10 19 6
10 23 5
10 28 -5
10 32 -5
10 34 -3
10 35 4
10 40 -3
10 52 -3
10 56 2
10 79 6
10 81 7
10 84 -5
10 89 -5
10 93 -2
10 95 -7
11 12 -2
11 13 5
11 14 8
11 15 -7
11 16 2
11 17 -4
11 21 -8
11 24 -3
11 25 7
11 26 8
11 27 8
11 30 5
11 34 -3
11 36 8
11 37 -8
11 38 3
11 40 7
11 41 8
11 42 5
11 47 4
11 50 2
11 53 -5
11 57 3
11 59 7
11 64 8
11 65 5
11 66 -7
11 76 2
11 77 7
11 87 3
11 88 2
11 91 2
11 92 -2
11 98 -8
12 13 6
12 14 -5
12 15 -7
12 16 2
12 17 -4
12 18 -3
12 19 2
12 21 -3
12 22 -2
12 23 -8
12 24 -8
12 25 -2
12 26 -2
12 27 4
12 28 3
12 29 6
12 34 3
12 38 -6
12 39 -7
12 41 7
12 42 -4
12 43 7
12 44 5
12 45 -2
12 47 2
12 48 6
12 49 -7
12 51 2
12 55 -3
12 57 -8
12 58 -8
12 59 -2
12 61 5
12 65 -7
12 67 2
12 68 4
12 69 -6
12 75 -7
12 76 -8
12 80 4
12 87 -2
12 89 2
12 91 8
12 94 2
12 95 -6
12 98 -8
13 14 8
13 16 5
13 17 7
13 18 -4
13 19 6
13 20 -8
13 22 6
13 24 -6
13 27 6
13 28 -5
13 30 -8
13 31 -4
13 33 8
13 36 -5
13 37 -5
13 39 -7
13 41 8
13 43 7
13 54 -3
13 55 -8
13 61 2
13 75 -6
13 79 -8
13 81 8
13 88 -4
13 90 -7
13 93 -7
13 97 6
14 15 -5
14 16 -6
14 17 7
14 18 -6
14 19 8
14 20 -5
14 21 7
14 22 7
14 23 -2
14 25 7
14 27 -8
14 29 -2
14 32 2
14 35 4
14 44 8
14 48 -5
14 50 5
14 51 -8
14 56 5
14 57 -4
14 58 -4
14 70 -7
14 75 4
14 83 4
14 86 -7
14 88 8
14 89 -2
14 91 -4
15 22 8
15 34 -5
15 37 -4
15 51 -7
15 53 -4
15 60 -4
15 66 -7
15 75 -6
15 88 4
15 96 -5
15 97 -2
16 18 6
16 19 5
16 21 4
16 25 -6
16 27 8
16 28 -4
16 31 8
16 37 -2
16 39 3
16 42 -4
16 81 8
16 82 -3
16 83 4
16 91 -6
17 20 -7
17 21 -6
17 22 3
17 23 -5
17 28 -5
17 29 -2
17 30 7
17 31 5
17 34 7
17 35 6
17 39 8
17 40 -5
17 42 5
17 43 -6
17 44 5
17 48 6
17 49 4
17 51 8
17 52 7
17 58 3
17 60 -2
17 63 -6
17 64 -4
17 65 3
17 78 8
17 79 -5
17 80 6
17 83 5
17 92 5
17 94 -5
17 98 -6
18 19 2
18 21 6
18 22 6
18 23 3
18 24 -5
18 26 3
18 33 -4
18 37 8
18 39 -6
18 42 -6
18 44 4
18 45 -3
18 47 -5
18 49 -8
18 50 5
18 61 2
18 62 -6
18 73 3
18 76 -2
19 20 6
19 22 7
19 26 -5
19 31 -5
19 35 8
19 50 -8
19 54 8
19 55 -7
19 58 -8
19 62 -2
19 66 3
19 68 7
19 73 4
19 74 2
19 85 -7
19 86 -8
19 92 -4
20 24 2
20 25 7
20 26 -5
20 32 -3
20 33 6
20 34 -4
20 43 -3
20 62 8
20 64 -6
20 66 -8
20 72 4
20 99 -4
21 24 5
21 26 6
21 29 -6
21 33 -2
21 35 -6
21 36 6
21 40 2
21 48 -2
21 49 -7
21 51 -3
21 58 -2
21 63 -6
21 85 -7
21 90 -2
22 23 -6
22 25 -2
22 26 -4
22 27 2
22 37 8
22 38 -2
22 46 -4
22 51 -7
22 52 3
22 54 -2
22 56 5
22 65 -2
22 69 7
22 73 -8
22 74 -5
22 79 -5
22 82 -2
22 85 -5
22 91 8
22 97 5
22 98 -7
23 25 -3
23 28 3
23 30 -4
23 38 3
23 41 2
23 43 8
23 45 -2
23 48 -4
23 53 2
23 58 6
23 63 -8
23 72 -8
23 74 -6
23 86 -3
23 88 6
23 91 -8
23 93 2
23 96 -5
24 25 -4
24 27 -5
24 32 -6
24 34 5
24 36 7
24 40 -6
24 41 3
24 42 8
24 45 -7
24 70 -7
24 71 -4
24 74 2
24 75 -4
24 82 -4
24 95 3
24 98 -7
25 28 4
25 30 5
25 31 7
25 32 -2
25 33 -2
25 43 3
25 46 -8
25 47 -4
25 54 -4
25 59 -5
25 61 -3
25 62 -4
25 68 -4
25 72 -6
25 79 4
25 84 5
25 93 7
25 96 3
25 99 -3
26 27 -6
26 28 -4
26 30 2
26 31 -7
26 33 6
26 41 -7
26 47 8
26 50 4
26 59 -7
26 62 -6
26 65 3
26 66 7
26 70 -8
26 79 -4
26 83 2
26 87 5
26 92 8
27 31 -3
27 33 7
27 34 5
27 36 -4
27 37 -5
27 40 -2
27 53 7
27 55 -4
27 73 -3
27 81 3
27 82 -3
27 84 8
27 89 8
28 29 -4
28 30 3
28 35 -8
28 40 -6
28 41 -7
28 46 -8
28 48 2
28 53 -3
28 54 6
28 56 4
28 65 -3
28 67 -2
28 77 -7
28 79 -7
28 83 8
28 93 4
29 30 5
29 32 5
29 35 7
29 46 3
29 61 2
29 64 -4
29 65 6
29 68 4
29 69 -4
29 70 -7
29 74 4
30 42 -3
30 50 -2
30 52 8
30 53 -7
30 62 4
30 68 -8
30 76 -7
30 80 -3
30 84 -3
30 87 2
30 97 3
31 36 -4
31 45 -8
31 47 -8
31 50 2
31 52 4
31 56 3
31 61 -4
31 71 -3
31 96 -4
31 98 5
32 48 6
32 49 -7
32 60 -3
32 61 2
32 62 -3
32 77 7
32 85 8
32 94 7
33 38 2
33 46 7
33 55 -2
33 57 -5
33 58 -6
33 64 -8
33 72 -4
33 73 -5
33 78 -8
33 80 4
33 95 -7
33 99 4
34 38 -7
34 42 8
34 43 7
34 46 -7
34 47 -8
34 57 -6
34 58 -6
34 59 -7
34 75 4
34 77 2
34 79 -4
34 81 7
34 82 3
34 91 2
34 98 7
35 36 -5
35 41 8
35 50 6
35 54 -6
35 56 -4
35 58 -7
35 63 2
35 67 -4
35 77 8
35 94 -4
36 38 3
36 44 2
36 48 6
36 52 -5
36 59 -5
36 60 -5
36 68 -4
36 70 -5
36 71 -4
36 81 5
36 82 4
36 90 8
37 39 6
37 46 -4
37 47 -7
37 51 -2
37 52 5
37 57 8
37 60 3
37 66 4
37 69 -4
37 72 4
37 76 8
37 80 6
38 43 -3
38 46 -2
38 67 -2
39 46 -3
39 47 -7
39 54 -4
39 59 -7
39 66 -6
39 69 6
39 70 6
39 71 8
39 87 4
39 89 -4
39 93 -6
40 51 3
40 61 -2
40 71 6
40 85 4
40 94 2
41 78 8
41 90 -4
42 45 3
42 54 -7
42 80 8
42 94 -3
43 49 5
43 60 2
43 63 -8
43 64 4
43 68 6
43 80 6
43 87 8
43 90 -3
44 48 -4
44 51 -3
44 53 -8
44 56 4
44 64 3
44 78 8
44 85 -3
44 95 3
45 53 -3
45 58 2
45 65 -8
45 73 -6
45 93 -8
45 99 -6
47 49 -6
47 55 -3
47 62 -3
47 67 -2
47 71 3
47 73 -4
47 78 4
48 49 -8
48 62 4
48 67 3
48 83 -4
48 84 2
48 92 3
48 99 -5
49 74 -7
49 95 -7
50 76 5
50 95 -2
50 97 -4
51 55 -8
51 60 -4
51 63 4
51 69 2
51 82 -6
51 88 8
51 97 7
52 55 3
52 64 4
52 66 -3
52 71 2
52 94 -7
53 72 -6
53 74 -5
53 84 -5
53 88 -7
53 92 -8
54 71 2
54 76 -7
54 82 6
54 90 -6
55 60 4
55 78 3
56 64 -2
56 66 -3
56 70 2
56 74 -7
56 75 2
56 77 2
56 94 -6
56 98 4
57 63 4
57 72 6
57 84 4
58 69 -4
58 81 8
59 60 -3
59 75 -7
59 77 -6
60 65 4
60 67 -8
60 78 -2
60 81 -6
61 84 -6
61 85 -8
61 87 -8
61 92 4
62 64 -6
62 69 4
62 86 -6
62 95 -4
63 71 -6
63 76 6
64 68 -2
64 80 3
64 92 8
65 68 -3
65 86 -6
65 88 5
66 70 2
68 70 -6
68 89 8
69 70 3
69 93 8
69 96 -7
69 98 2
70 73 2
70 74 -3
70 75 7
70 78 5
70 81 2
70 91 5
73 89 5
74 78 -6
74 89 -4
74 90 -6
75 76 -5
75 77 5
75 78 -3
75 79 3
75 94 -6
75 96 6
75 97 -3
76 82 2
76 85 -6
77 83 6
77 85 3
77 96 6
78 99 6
81 87 2
81 98 -8
82 86 2
83 85 4
84 90 8
85 86 -8
89 91 -5
91 92 6
91 93 3
92 99 -4
-1
-1739
