ba_100_4_4
100
4
3
4
-3
-2
3
4
4
4
-3
3
-3
-2
-4
2
-3
2
2
-4
-2
-3
-2
-2
-2
-3
2
4
-2
-4
3
-2
2
-3
-2
3
-3
3
-2
2
3
-3
3
-3
4
3
2
3
3
2
-4
-3
-4
-2
4
-2
2
-4
3
-2
-2
-3
3
3
3
3
4
-4
3
-3
3
-3
4
2
-3
4
-3
3
3
2
-2
4
-2
2
-2
3
-3
3
2
-4
-4
-3
4
3
-3
2
-4
-3
-3
-4
-3
0 1 2
0 2 4
0 3 -2
0 4 4
0 5 2
0 6 -3
0 7 -2
0 8 3
0 10 3
0 11 4
0 13 3
0 14 2
0 20 -3
0 21 2
0 23 -4
0 26 -4
0 27 -2
0 28 -4
0 32 2
0 33 -4
0 34 4
0 35 4
0 38 3
0 45 2
0 50 -4
0 57 -2
0 60 4
0 62 -2
0 65 -2
0 66 -2
0 73 4
0 81 2
0 85 -4
0 86 -3
0 89 2
0 99 2
1 5 -2
1 7 4
1 12 -2
1 14 3
1 17 2
1 19 2
1 27 4
1 30 -4
1 49 3
1 52 2
1 53 -2
1 91 -4
2 5 2
2 6 -3
2 9 -3
2 10 -2
2 13 3
2 15 -2
2 19 -3
2 21 3
2 39 -3
2 44 -3
2 49 3
2 62 3
2 65 -2
2 93 2
3 5 -4
3 6 -4
3 7 3
3 8 -2
3 9 -2
3 12 3
3 16 4
3 17 2
3 18 2
3 20 2
3 22 2
3 28 3
3 31 2
3 35 4
3 36 2
3 46 -4
3 57 2
3 71 -3
3 74 -2
3 76 3
3 77 2
3 84 3
3 86 -4
3 94 -3
4 11 4
4 25 4
4 29 3
5 6 2
5 7 2
5 8 -4
5 11 2
5 12 -4
5 13 2
5 14 4
5 16 -4
5 19 -4
5 20 4
5 21 2
5 22 -2
5 26 3
5 29 3
5 32 4
5 33 4
5 34 -3
5 40 -2
5 43 -4
5 44 -4
5 46 3
5 47 -2
5 55 -4
5 60 -3
5 69 3
5 70 -2
5 74 4
5 78 -4
5 88 3
6 8 4
6 20 4
6 27 -2
6 36 4
6 41 4
6 45 -3
6 64 -3
6 88 4
7 9 -4
7 10 -4
7 12 2
7 23 -2
7 25 3
7 33 2
7 36 -4
7 42 -3
7 43 3
7 50 2
7 56 4
7 59 4
7 66 -3
7 90 3
8 9 3
8 10 4
8 11 -3
8 15 -3
8 16 -4
8 17 -2
8 18 -4
8 23 2
8 24 2
8 30 2
8 37 -3
8 38 4
8 48 -4
8 49 -3
8 50 4
8 52 4
8 64 -2
8 67 -4
8 69 -4
8 71 -2
8 76 3
8 82 -4
8 93 -3
8 98 4
9 22 3
9 26 -3
9 34 -3
9 38 -3
9 42 -2
9 58 2
9 91 2
10 16 3
10 22 -3
10 29 -3
10 41 2
10 54 -4
10 92 -2
10 98 -3
11 13 -2
11 14 -3
11 15 -4
11 17 -2
11 19 -2
11 42 -3
11 59 3
11 81 4
11 86 4
12 27 4
12 49 3
12 63 4
12 67 -2
12 77 -2
12 98 -3
13 21 3
13 31 -3
13 70 3
13 71 2
13 73 -3
13 99 4
14 15 -3
14 18 -2
14 24 -4
14 37 3
14 41 -3
14 45 -4
14 54 -2
14 58 2
14 78 -4
15 18 -2
15 25 -2
15 28 -2
15 47 -4
15 48 -2
15 69 -2
15 75 2
15 82 -3
15 97 -4
16 23 4
16 40 -4
16 53 4
16 55 -4
16 68 -4
16 79 -4
16 84 -3
16 94 -2
17 36 -4
17 94 -3
18 25 3
18 29 -2
18 32 3
18 35 4
18 46 -4
18 53 -3
18 72 3
18 81 3
18 87 -4
18 94 4
19 26 -4
19 28 -3
19 31 -3
19 51 -3
19 54 3
19 60 3
19 61 -3
19 67 3
19 72 -2
20 24 -3
20 40 -2
20 97 -2
21 33 2
21 39 -2
21 97 -4
22 24 -4
22 45 -3
22 58 4
22 75 3
23 43 -4
23 44 4
23 56 -3
24 41 2
24 47 -2
24 85 3
24 96 -3
25 30 2
25 55 4
25 57 4
25 61 2
25 68 -2
25 70 3
25 78 -2
25 87 -4
25 93 -3
25 96 -2
26 30 2
26 31 3
26 43 2
26 46 4
26 61 3
26 63 -4
26 76 -4
26 87 -2
26 99 -3
27 37 -4
27 71 -2
27 79 2
28 32 -2
28 34 2
28 39 -4
28 40 3
28 44 -2
28 52 4
28 84 -3
29 37 -3
29 39 -2
29 51 3
29 54 -4
29 76 4
29 80 4
29 85 -4
29 95 2
31 50 -4
31 51 2
31 63 4
31 95 2
32 93 3
34 35 -3
34 66 -3
36 38 2
36 56 -4
37 80 2
38 65 2
38 72 -2
39 53 -3
40 42 3
41 48 -4
41 51 -3
41 59 4
41 61 -2
41 62 2
41 64 -2
41 66 4
41 87 4
41 95 -3
42 47 4
42 59 4
42 73 -3
42 74 3
42 78 -2
42 82 2
42 86 2
42 97 3
43 79 4
44 83 2
45 48 -4
45 80 3
46 55 -2
46 62 4
46 68 4
47 67 -3
47 96 -4
49 60 2
49 80 -3
50 57 2
50 70 -2
51 52 3
52 56 -3
52 63 -4
52 69 -2
52 88 -3
52 89 3
54 75 -2
54 82 2
55 65 3
55 79 2
56 64 2
56 85 -2
57 58 -3
57 84 -3
57 89 -4
58 81 -3
58 83 -3
60 73 2
61 75 3
61 83 4
61 91 -3
62 92 4
62 98 -2
63 68 -4
68 72 -3
68 90 2
69 74 -4
69 88 -2
69 90 -4
71 77 4
75 77 -4
77 92 -2
77 96 -4
79 91 2
79 92 2
80 95 4
82 83 3
82 89 2
82 90 -2
90 99 4
-1
-654
