ba_100_8_32
100
-30
8
-7
9
-22
-26
-19
-10
10
6
-3
-31
13
29
24
-16
28
23
16
-3
-12
-25
-12
-11
-12
-25
-31
8
29
9
-12
-7
-12
-3
25
27
13
-7
17
25
27
-2
-27
-17
6
4
6
-4
-30
-28
-18
26
28
19
10
21
4
2
29
32
-5
9
9
-25
24
-29
-11
-13
-32
-12
-25
-26
23
-22
7
3
29
-8
-31
-6
5
-20
-16
-11
-11
3
-10
16
9
8
-16
-24
-7
20
19
-4
6
-27
-30
26
0 1 5
0 2 -4
0 3 -6
0 4 -19
0 5 2
0 6 -27
0 7 -8
0 8 15
0 9 4
0 10 8
0 11 -6
0 12 19
0 13 15
0 15 -8
0 16 14
0 17 24
0 21 -29
0 22 29
0 23 -2
0 25 30
0 26 -23
0 28 14
0 31 32
0 37 -22
0 45 -2
0 48 9
0 50 -27
0 56 7
0 58 6
0 65 8
0 69 2
0 70 -7
0 71 8
0 78 11
0 84 13
0 92 -18
0 95 9
0 99 15
1 9 -5
1 10 5
1 11 21
1 13 -9
1 15 26
1 19 29
1 21 12
1 22 -12
1 23 28
1 27 29
1 40 3
1 41 28
1 44 12
1 49 -7
1 58 -2
1 62 3
1 71 -9
1 72 -15
1 85 24
1 93 -12
2 9 23
2 10 -32
2 11 28
2 13 18
2 17 30
2 18 2
2 24 -14
2 32 -17
2 37 5
2 39 -9
2 46 -20
2 47 29
2 53 -18
2 55 -21
2 57 5
2 60 -17
2 67 -30
2 78 -6
2 94 -10
3 9 2
3 10 -13
3 11 -31
3 12 -24
3 14 22
3 15 22
3 16 30
3 28 -8
3 31 20
3 41 -32
3 49 -9
3 50 -4
3 51 5
3 52 -26
3 61 -3
3 67 25
3 78 -30
3 84 4
3 92 -14
3 99 -10
4 9 11
4 11 17
4 14 25
4 30 -12
4 40 5
4 96 -12
5 9 -20
5 10 21
5 12 30
5 14 -2
5 18 32
5 36 14
5 56 27
5 61 26
5 87 -26
5 88 9
5 92 30
5 95 18
6 9 -16
6 10 15
6 12 22
6 14 -23
6 16 -9
6 20 2
6 25 14
6 35 29
6 38 25
6 40 -3
6 47 12
6 51 -5
6 61 24
6 62 -4
6 96 -7
7 9 -23
7 11 19
7 13 9
7 17 -10
7 27 -15
7 32 -3
7 38 27
7 42 -5
7 46 19
7 49 -4
7 56 15
7 62 -10
7 68 28
7 72 -21
7 73 -16
7 75 -20
7 85 -28
7 96 29
8 10 31
8 12 26
8 13 -2
8 14 -12
8 17 -5
8 20 -18
8 23 -7
8 25 21
8 26 8
8 30 11
8 35 3
8 39 25
8 42 5
8 43 -26
8 47 -12
8 58 11
8 75 21
8 92 6
9 10 8
9 11 -25
9 12 20
9 13 28
9 14 -23
9 15 12
9 16 -17
9 18 -4
9 19 10
9 20 12
9 23 -7
9 24 -31
9 25 16
9 28 -24
9 30 -7
9 32 29
9 36 -24
9 42 11
9 45 -9
9 46 -25
9 47 4
9 51 -28
9 63 4
9 68 -16
9 73 13
9 76 3
9 77 31
9 78 -5
9 83 20
9 90 12
9 94 25
10 11 -28
10 12 17
10 13 -9
10 14 -20
10 15 30
10 16 -26
10 17 -13
10 18 29
10 19 15
10 20 31
10 21 -23
10 24 29
10 25 -16
10 27 27
10 29 -20
10 31 21
10 32 -15
10 33 32
10 34 32
10 36 17
10 37 -26
10 38 21
10 41 10
10 42 -2
10 43 12
10 44 -29
10 45 24
10 46 30
10 48 12
10 49 -5
10 55 15
10 56 -4
10 57 18
10 60 16
10 61 -9
10 65 9
10 66 15
10 71 4
10 74 -5
10 76 18
10 77 -2
10 80 13
10 86 28
10 87 31
10 89 -5
10 91 -18
10 92 13
10 93 -9
10 97 19
10 98 -31
10 99 -30
11 12 27
11 13 -20
11 14 -30
11 15 -6
11 18 19
11 19 -31
11 24 -18
11 25 18
11 26 -25
11 28 -13
11 33 9
11 35 -12
11 37 -21
11 41 9
11 43 -6
11 44 -28
11 47 19
11 48 -2
11 52 -30
11 53 -19
11 57 -4
11 60 -20
11 67 -28
11 72 -4
11 87 -32
11 89 4
11 94 15
11 96 -20
12 15 21
12 16 8
12 17 5
12 19 -29
12 20 -12
12 29 18
12 34 29
12 36 18
12 43 22
12 53 -6
12 59 -27
12 68 15
12 71 -29
12 77 -9
12 82 6
12 88 -11
12 92 22
13 15 -10
13 16 23
13 18 -22
13 19 -8
13 21 32
13 22 -22
13 23 30
13 27 6
13 29 3
13 32 4
13 42 -5
13 52 18
13 53 30
13 58 -26
13 63 -22
13 67 -4
13 68 -11
13 69 12
13 79 -27
13 90 12
14 16 -3
14 17 -16
14 18 2
14 20 27
14 21 -10
14 22 25
14 25 -5
14 26 -12
14 29 7
14 33 -6
14 37 5
14 40 29
14 43 -2
14 45 -26
14 52 14
14 58 -15
14 59 11
14 69 -21
14 72 4
14 75 9
14 79 -19
14 80 -13
14 81 -17
14 85 -29
14 86 8
14 95 -19
14 98 9
15 19 -2
15 33 4
15 44 -20
15 54 -12
15 60 26
15 82 27
15 87 19
15 89 3
16 17 22
16 18 -17
16 21 -13
16 22 31
16 23 31
16 26 31
16 29 -30
16 33 -27
16 37 31
16 38 -6
16 39 28
16 41 7
16 46 -11
16 50 -23
16 60 31
16 67 3
16 73 -24
16 74 12
16 79 -3
16 81 23
16 90 -17
16 93 17
16 99 -11
17 20 -23
17 26 12
17 27 -4
17 28 22
17 29 -27
17 32 22
17 44 -8
17 46 24
17 53 -10
17 55 2
17 56 24
17 57 -15
17 65 9
17 66 -22
17 67 12
17 69 5
17 74 -26
17 76 25
17 88 -23
17 89 6
17 94 -29
17 95 -28
17 98 -12
18 19 -31
18 20 -16
18 21 13
18 24 -6
18 30 -3
18 31 12
18 38 4
18 39 17
18 40 -29
18 48 -25
18 50 12
18 52 2
18 59 20
18 64 -31
18 69 -10
18 75 19
18 77 2
18 81 6
18 98 -18
19 22 -25
19 23 18
19 25 25
19 26 -19
19 32 9
19 34 -4
19 35 23
19 45 15
19 54 5
19 62 13
19 75 -3
19 78 17
19 85 -23
19 86 -31
19 90 -25
19 95 -6
20 21 12
20 22 19
20 23 -4
20 27 25
20 29 5
20 30 6
20 31 20
20 34 31
20 35 29
20 37 13
20 38 -13
20 41 32
20 48 5
20 50 -26
20 51 20
20 53 4
20 54 13
20 55 -2
20 57 2
20 59 -31
20 60 28
20 61 14
20 62 12
20 63 -23
20 64 -28
20 68 25
20 71 18
20 74 -8
20 76 22
20 89 7
21 22 -22
21 24 3
21 27 13
21 30 13
21 31 -6
21 34 29
21 36 19
21 41 -26
21 43 25
21 45 -27
21 51 7
21 52 25
21 64 12
21 69 -18
21 72 -4
21 79 9
21 81 27
21 85 -9
21 88 -2
21 91 10
21 97 27
22 24 21
22 33 -22
22 36 30
22 39 25
22 42 17
22 51 -9
22 55 26
22 63 21
23 24 -5
23 27 -6
23 34 -28
23 35 -12
23 40 30
23 47 17
23 48 -4
23 52 14
23 54 -27
23 61 23
23 66 27
23 72 4
23 73 -11
23 74 24
23 82 -14
23 84 6
24 26 6
24 28 5
24 33 20
24 36 23
24 38 -3
24 39 -18
24 42 6
24 46 -32
24 47 8
24 48 -13
24 54 -5
24 60 -22
24 64 9
24 66 -13
24 84 32
24 93 -29
25 28 8
25 43 -13
25 59 6
25 63 -6
25 83 -4
25 91 15
25 94 2
26 31 16
26 35 2
26 36 29
26 38 -22
26 44 -2
26 53 28
26 55 10
26 62 30
26 64 -5
26 85 -6
26 88 -14
26 91 -8
27 28 11
27 29 5
27 30 -29
27 31 4
27 34 -17
27 35 -22
27 39 7
27 46 -10
27 48 -31
27 50 26
27 52 -32
27 56 24
27 57 -16
27 58 21
27 66 -24
27 67 -26
27 71 -32
27 77 2
27 90 12
27 91 28
27 93 20
27 96 2
28 32 -30
28 58 2
28 64 13
28 70 21
28 73 -2
29 30 4
29 33 4
29 42 9
29 50 8
29 53 -21
29 82 -30
29 90 32
29 99 -8
30 56 30
30 85 14
30 98 -15
31 41 -25
31 51 6
31 56 19
31 60 18
31 67 -10
31 75 15
31 76 -5
32 34 13
32 37 11
32 49 -16
32 66 29
32 72 -9
32 77 -3
32 79 -31
33 45 -7
33 54 13
33 57 29
33 74 -11
34 44 6
34 59 19
34 68 3
34 81 3
34 84 -32
35 40 -14
35 80 -14
35 83 4
35 84 -22
35 92 6
36 66 -25
36 77 -16
36 97 -16
37 49 15
37 62 32
37 63 -2
37 70 -22
37 73 -19
38 39 -8
38 40 -25
38 44 -29
38 63 20
38 64 25
38 65 31
38 82 -9
38 87 5
38 89 24
38 92 -16
39 90 26
39 99 -12
40 47 11
40 54 -5
40 61 22
40 74 -10
41 43 -28
41 51 8
41 61 -21
41 64 -8
41 80 15
41 81 14
41 94 -8
42 55 12
42 70 8
42 83 12
42 86 -4
42 88 -21
42 89 -29
42 91 -19
43 45 4
43 49 10
43 65 19
43 70 -9
44 49 -8
44 50 -7
44 59 25
44 65 24
44 72 29
44 74 -29
44 78 32
45 57 32
46 70 -24
46 83 23
46 87 10
46 96 14
47 88 24
48 93 15
49 55 11
49 59 -18
49 77 -27
49 82 4
50 58 -13
50 65 -21
50 66 26
50 99 -14
51 54 32
51 78 17
51 88 -11
51 97 19
52 63 24
52 69 -29
52 70 -30
52 73 -28
52 83 -4
54 62 -16
54 71 -14
54 79 21
54 80 -18
54 82 18
54 95 -30
55 76 32
57 83 -32
58 68 -12
58 69 -6
59 65 22
59 70 3
59 87 -7
60 71 31
60 75 -26
60 80 4
60 97 3
61 73 3
62 84 12
62 95 -4
63 68 22
63 86 -30
63 94 32
64 83 2
65 76 4
65 98 7
66 75 -10
66 79 16
66 82 -23
66 86 -32
67 81 -6
67 91 3
67 96 30
67 97 11
68 93 27
69 80 22
69 86 9
70 79 -2
70 84 28
71 76 29
71 81 -12
72 96 -2
72 97 -30
73 78 -25
73 98 11
73 99 9
75 86 -9
75 87 22
77 98 -4
78 80 -22
79 93 -21
83 85 -19
86 91 8
88 89 -28
89 90 13
91 94 3
92 95 28
92 97 -25
-1
-5237
