ba_100_12_64
100
9
-16
14
52
58
25
13
60
-21
18
45
-29
30
-11
-56
-25
41
33
-58
53
-56
-25
-40
31
54
12
-18
22
-9
-25
64
-33
-63
-61
11
-39
37
-48
-31
14
-35
40
7
-5
-27
-22
-13
10
-26
-38
-57
-36
-22
49
32
43
-38
-43
-5
-62
17
35
-34
-19
-60
57
-48
-25
-13
-30
59
5
-53
27
28
35
60
-10
56
-22
-16
2
-34
-16
33
60
12
-50
44
-60
-55
51
57
37
-57
31
-45
51
22
12
0 1 -5
0 2 55
0 3 61
0 4 20
0 5 -46
0 6 15
0 7 46
0 8 -40
0 9 -42
0 10 -24
0 11 38
0 12 43
0 13 -48
0 14 -61
0 15 -32
0 16 -26
0 17 -6
0 18 53
0 19 63
0 21 -50
0 23 4
0 26 -36
0 28 -49
0 29 -42
0 32 -23
0 34 -39
0 37 -3
0 38 -40
0 39 21
0 43 16
0 45 -8
0 47 -33
0 49 -13
0 52 -34
0 53 -12
0 54 -64
0 55 60
0 58 -8
0 59 7
0 60 47
0 61 34
0 69 16
0 70 46
0 73 -55
0 74 29
0 81 -55
0 82 -16
0 90 -12
0 91 13
0 96 39
0 97 52
1 13 8
1 14 -27
1 17 -13
1 18 24
1 23 -3
1 25 47
1 27 -19
1 33 -41
1 34 -41
1 35 9
1 39 20
1 42 61
1 44 -30
1 50 19
1 65 -43
1 70 -39
1 86 62
1 93 41
1 94 -38
1 97 -64
2 13 51
2 14 47
2 15 -42
2 16 -64
2 17 61
2 19 38
2 20 -45
2 24 2
2 27 41
2 32 58
2 38 -20
2 39 7
2 71 -64
2 77 36
2 79 13
3 13 -12
3 14 5
3 15 24
3 17 -56
3 18 -36
3 19 -45
3 20 9
3 22 46
3 32 47
3 35 -50
3 37 -10
3 41 64
3 55 -27
3 63 32
3 64 2
3 71 -2
3 80 -8
3 87 27
3 88 32
3 92 -7
3 95 9
3 98 14
4 14 -31
4 16 -42
4 18 44
4 20 61
4 22 -5
4 24 19
4 30 3
4 36 -19
4 39 17
4 92 18
5 13 35
5 14 15
5 15 -6
5 16 43
5 17 57
5 18 -50
5 22 -4
5 23 29
5 24 43
5 26 21
5 27 61
5 29 -34
5 31 -39
5 37 11
5 38 -32
5 45 -11
5 52 46
5 56 -55
5 62 9
5 63 61
5 65 -7
5 75 -40
5 76 -22
5 78 -59
5 79 -15
5 92 49
5 93 -27
5 94 -22
6 13 24
6 14 45
6 15 -22
6 16 -52
6 17 34
6 18 33
6 19 -62
6 21 -5
6 23 -44
6 24 11
6 25 10
6 30 44
6 35 53
6 36 34
6 46 -23
6 48 -55
6 53 -14
6 58 -30
6 66 -27
6 67 -62
6 79 -25
6 80 -4
6 81 -3
6 87 34
7 13 -25
7 14 -64
7 19 22
7 20 -46
7 21 -39
7 22 -41
7 23 9
7 27 -39
7 29 40
7 30 -37
7 31 56
7 32 55
7 33 38
7 35 44
7 39 3
7 42 36
7 43 -61
7 45 59
7 50 4
7 51 -50
7 54 11
7 64 -55
7 67 61
7 72 -25
7 73 55
7 76 -7
7 92 50
7 93 -32
8 13 17
8 14 31
8 15 -21
8 16 50
8 18 37
8 21 -46
8 22 6
8 24 32
8 28 8
8 36 -34
8 38 40
8 43 -6
8 46 50
8 48 25
8 55 -47
8 58 12
8 60 -34
8 61 55
8 64 -19
8 70 40
8 78 19
8 80 -36
8 89 -39
8 90 -49
8 96 -32
9 13 -59
9 15 -34
9 16 11
9 21 -55
9 27 -9
9 28 -20
9 63 53
9 64 42
9 70 30
9 80 18
9 84 25
9 89 39
9 99 -60
10 13 49
10 14 -17
10 15 -64
10 18 19
10 19 45
10 20 41
10 21 32
10 22 -47
10 23 -54
10 25 -48
10 26 -34
10 27 5
10 30 60
10 31 18
10 33 -9
10 36 16
10 38 -61
10 40 22
10 41 -20
10 43 30
10 47 -13
10 48 14
10 62 33
10 72 16
10 78 6
10 79 -52
10 82 30
10 88 -60
10 91 -17
10 94 -23
10 95 -59
10 98 -36
11 13 50
11 14 -2
11 15 23
11 16 7
11 17 -15
11 19 24
11 24 30
11 26 37
11 31 -15
11 33 -63
11 37 -64
11 48 -63
11 59 46
11 61 -36
11 71 51
12 13 33
12 15 24
12 16 -64
12 17 41
12 19 56
12 25 64
12 26 64
12 28 -7
12 33 -44
12 35 -42
12 38 -59
12 40 53
12 41 53
12 42 61
12 66 54
12 76 42
12 84 56
12 96 33
13 14 -20
13 15 20
13 16 13
13 17 22
13 18 26
13 19 2
13 20 5
13 21 8
13 22 -9
13 24 35
13 25 -10
13 26 14
13 28 -43
13 29 -39
13 30 -14
13 32 -38
13 34 -22
13 37 -38
13 39 24
13 42 26
13 43 -13
13 44 30
13 45 40
13 48 -45
13 49 47
13 50 51
13 53 44
13 56 -8
13 57 -37
13 58 -27
13 60 50
13 64 37
13 65 36
13 69 -43
13 70 -12
13 72 -4
13 73 -64
13 77 13
13 78 -30
13 85 -26
13 88 55
13 90 31
13 91 -62
13 92 -2
13 94 60
13 98 -40
14 15 -55
14 16 27
14 17 53
14 18 16
14 19 29
14 20 -21
14 21 -21
14 23 46
14 25 -25
14 26 -32
14 30 59
14 32 39
14 33 -11
14 35 -31
14 38 -64
14 42 -48
14 45 46
14 48 29
14 63 -3
14 66 10
14 68 33
14 69 64
14 70 -32
14 77 -6
14 93 27
14 94 -24
14 95 -54
15 16 55
15 17 64
15 18 -48
15 19 -55
15 20 -3
15 21 -30
15 22 -59
15 23 48
15 24 42
15 25 60
15 26 38
15 27 60
15 31 59
15 32 -19
15 33 -45
15 35 50
15 39 32
15 42 47
15 43 31
15 45 -28
15 47 30
15 50 63
15 52 -33
15 53 -29
15 54 -21
15 56 -3
15 59 19
15 64 -20
15 68 -51
15 77 44
15 80 51
15 87 40
15 92 -17
15 94 34
15 95 -30
15 96 -62
15 99 -52
16 17 -21
16 20 62
16 21 -36
16 22 36
16 24 -29
16 29 35
16 31 45
16 32 6
16 33 36
16 34 30
16 37 11
16 46 23
16 49 -10
16 53 26
16 57 25
16 58 12
16 63 50
16 64 -14
16 70 34
16 73 -39
16 74 -15
16 81 46
16 83 -28
16 89 -20
16 90 19
16 91 -56
16 96 -32
17 18 10
17 20 -17
17 23 8
17 24 -21
17 25 -24
17 26 44
17 27 34
17 29 4
17 32 5
17 33 -54
17 34 -47
17 46 44
17 49 23
17 51 -11
17 53 -19
17 55 -30
17 62 -55
17 64 41
17 69 -42
17 72 -30
17 73 6
17 76 47
17 81 -51
17 85 -32
17 87 -19
17 97 -42
18 19 -6
18 20 -8
18 26 52
18 27 22
18 28 21
18 29 -6
18 34 21
18 36 49
18 37 27
18 38 56
18 39 -34
18 44 19
18 45 35
18 46 16
18 49 23
18 51 10
18 52 -62
18 54 25
18 57 -34
18 60 -15
18 62 43
18 64 2
18 65 52
18 66 31
18 70 59
18 74 5
18 77 -16
18 81 29
18 90 -6
18 95 36
19 20 20
19 21 5
19 22 -9
19 23 12
19 24 -36
19 25 44
19 27 -59
19 28 -11
19 29 -21
19 30 33
19 31 -31
19 34 -39
19 37 44
19 38 -56
19 39 24
19 40 -8
19 41 -30
19 42 -11
19 45 -57
19 46 64
19 47 15
19 49 39
19 55 -20
19 59 29
19 60 18
19 64 -42
19 67 27
19 70 59
19 72 -5
19 75 -31
19 77 -40
19 78 -17
19 79 -10
19 83 -37
19 84 21
19 85 -38
19 88 23
19 89 18
19 91 -3
19 98 -45
20 21 -21
20 22 30
20 25 9
20 27 -36
20 28 -6
20 29 -37
20 30 -59
20 34 -10
20 36 25
20 41 36
20 44 51
20 45 -27
20 46 -58
20 52 -63
20 53 -53
20 54 -41
20 57 -43
20 68 35
20 69 -28
20 76 -11
20 85 -25
20 91 4
20 95 39
21 22 -62
21 23 10
21 26 -8
21 28 6
21 29 52
21 30 18
21 31 -18
21 32 60
21 33 30
21 36 38
21 40 3
21 42 49
21 43 12
21 44 -58
21 45 31
21 50 -59
21 55 -12
21 62 -61
21 67 -20
21 71 15
21 83 55
21 84 -28
21 85 31
21 92 35
21 93 -22
22 23 -5
22 24 26
22 25 -44
22 30 -23
22 31 8
22 34 15
22 40 4
22 44 -18
22 45 -37
22 48 -9
22 50 -19
22 56 35
22 59 -26
22 63 -36
22 76 -9
22 81 -24
22 83 -21
22 88 -40
22 92 -22
22 98 7
23 25 -47
23 26 14
23 33 -64
23 36 -23
23 37 54
23 39 12
23 40 47
23 41 -11
23 47 -29
23 51 35
23 52 -55
23 56 33
23 61 26
23 67 -51
23 68 54
23 69 -55
23 71 41
23 76 -56
23 80 11
23 82 10
23 89 39
23 94 -27
23 95 31
24 28 -23
24 31 38
24 32 18
24 37 -56
24 46 -22
24 49 49
24 51 16
24 52 12
24 58 -23
24 59 57
24 67 59
24 75 18
25 28 47
25 29 -25
25 38 29
25 44 2
25 46 61
25 47 59
25 51 -11
25 52 55
25 54 8
25 55 15
25 56 -5
25 58 -37
25 59 24
25 83 10
25 87 -20
25 90 -51
25 94 22
26 27 -19
26 28 -18
26 29 -54
26 31 -29
26 35 49
26 36 -64
26 43 32
26 47 21
26 65 -46
26 66 33
26 68 -30
26 69 51
26 72 -5
26 75 46
26 82 60
26 83 48
26 93 -13
27 30 -2
27 34 -17
27 35 -16
27 42 18
27 46 -52
27 48 62
27 50 63
27 52 23
27 57 31
27 58 -59
27 63 -34
27 68 61
27 70 -59
27 78 -28
27 82 -20
27 84 33
27 86 -61
27 88 -33
27 90 45
27 99 -53
28 30 47
28 32 -39
28 35 -30
28 55 -13
28 56 -40
28 65 27
28 66 61
28 67 47
28 72 35
28 74 -50
28 82 55
28 85 -21
28 87 -17
29 31 -16
29 33 -18
29 35 -36
29 36 -55
29 37 -33
29 39 -52
29 40 15
29 41 63
29 43 29
29 44 -59
29 48 63
29 51 31
29 52 -61
29 61 -23
29 62 -37
29 66 -29
29 71 46
29 76 -39
29 77 -7
29 79 49
29 94 -43
29 98 -3
29 99 -3
30 41 -19
30 43 -37
30 47 52
30 54 -51
30 55 31
30 60 -48
30 62 -35
30 65 -24
30 91 18
30 97 9
31 34 -15
31 40 45
31 42 50
31 47 15
31 49 26
31 50 61
31 54 -7
31 56 14
31 57 -36
31 61 32
31 67 36
31 75 19
31 79 -58
31 96 64
32 34 59
32 37 39
32 41 -37
32 44 48
32 49 -47
32 50 8
32 51 -61
32 54 52
32 65 44
32 68 49
32 75 4
32 76 -27
32 80 22
32 81 54
32 82 7
33 36 8
33 39 38
33 44 -56
33 48 60
33 53 47
33 57 40
33 60 37
33 83 -50
33 86 -42
33 87 -38
33 98 -12
34 35 -10
34 36 3
34 40 -57
34 41 57
34 44 -15
34 48 29
34 61 40
34 65 5
34 73 -42
35 38 -46
35 40 39
35 43 40
35 47 -35
35 49 -28
35 50 -13
35 51 -55
35 54 -9
35 56 -54
35 66 -10
35 68 61
35 73 -9
35 74 -31
35 75 -5
35 78 6
35 80 37
35 84 -36
35 87 -4
35 88 -22
35 96 52
36 40 -34
36 41 -30
36 46 63
36 51 53
36 53 -23
36 55 -47
36 57 -17
36 59 50
36 60 10
36 65 -48
36 75 23
36 76 -50
36 78 -50
36 79 48
37 38 -23
37 52 -40
37 54 21
37 60 -8
37 62 -45
37 65 11
37 66 47
37 69 25
37 74 30
37 78 26
37 79 -48
37 83 45
37 84 25
37 86 -18
37 97 -23
38 40 -47
38 42 62
38 43 -41
38 50 18
38 51 34
38 57 5
38 75 -3
38 77 -37
38 82 -35
38 83 42
38 86 -15
38 87 54
38 88 -31
39 44 38
39 49 59
39 58 22
39 61 -3
39 63 -61
39 69 43
39 76 41
39 81 -10
39 98 -6
40 41 57
40 42 59
40 46 -38
40 47 -63
40 48 43
40 56 61
40 57 -28
40 66 5
40 72 -57
40 85 -26
40 89 -20
40 91 53
40 95 27
41 45 9
41 50 -64
41 53 -30
41 54 45
41 56 51
41 62 50
41 77 2
41 86 -29
41 99 30
42 49 59
42 52 41
42 76 11
42 77 60
42 83 -41
42 84 -31
42 88 60
42 98 28
42 99 -58
43 58 15
43 74 38
43 79 -41
43 83 56
43 91 10
44 97 -9
44 99 6
45 53 18
45 58 -19
45 94 46
46 47 46
46 51 36
46 55 33
46 69 -18
46 71 63
46 80 -60
46 86 19
47 56 -61
47 57 -53
47 60 61
47 85 -44
47 93 -9
48 53 -48
48 62 13
48 63 -37
48 73 16
48 75 10
48 83 47
48 84 21
48 85 -44
48 88 -47
48 89 16
48 90 53
49 61 -20
49 62 -43
49 66 34
49 68 -14
50 55 -31
50 70 -55
50 72 17
50 73 -32
50 82 20
50 87 32
50 89 34
50 90 52
50 91 5
50 92 35
51 57 8
51 61 13
51 71 -64
51 84 -57
51 91 -14
52 59 -61
52 61 -2
52 67 -53
53 59 53
53 63 -22
53 65 -32
53 74 7
53 81 46
53 89 -9
53 97 -18
54 59 -7
54 61 -28
54 64 -34
54 68 -7
54 71 -18
54 73 -51
54 80 14
54 86 4
54 95 52
54 99 31
55 59 53
55 60 -38
55 62 40
55 72 -47
55 73 36
55 79 -47
55 85 61
55 92 -3
55 95 -38
55 96 -45
55 97 -3
56 60 -63
56 64 7
56 85 -48
56 92 -21
57 58 -29
57 82 -11
57 90 -20
58 72 18
58 74 -13
58 94 24
59 68 -53
59 77 -30
59 81 44
59 93 8
59 98 7
60 63 63
60 67 -38
60 71 18
60 81 -63
60 94 -10
60 95 -16
61 77 62
61 78 46
61 79 -15
61 80 -62
61 82 -16
61 84 -3
61 93 -62
62 63 -30
62 68 -28
62 71 7
62 93 -5
64 67 -32
64 69 60
64 71 48
64 78 -8
64 89 -33
64 96 10
65 66 40
65 74 37
65 95 55
66 67 2
66 78 -53
66 84 13
67 69 -59
67 98 -31
68 70 -58
68 93 51
69 72 -53
69 75 20
70 74 -54
70 97 -48
71 73 -15
71 82 -3
71 86 38
71 88 -14
72 97 -6
72 99 -21
73 74 -42
73 75 50
73 86 37
73 90 45
73 97 -8
74 99 18
75 85 43
75 89 -45
76 92 -26
77 80 53
78 91 35
79 81 -2
79 90 22
80 96 53
80 99 -33
81 86 29
81 87 -60
82 87 21
82 97 35
82 99 -44
84 86 15
85 88 9
88 89 -37
90 93 -6
93 98 -50
94 96 -39
95 96 24
-1
-12704
