ba_100_10_64
100
-8
32
-53
27
55
44
-61
-24
42
3
-13
-16
-23
2
12
49
10
25
58
19
12
24
36
-18
-51
62
61
-4
26
-49
34
-15
59
-51
-3
41
-30
58
37
45
28
-43
-6
52
12
-46
32
-56
19
60
-35
22
-49
-35
19
19
-9
28
19
4
19
8
25
19
35
26
-62
3
-29
8
-42
-13
-40
-46
44
57
-49
-6
26
-61
28
60
37
33
37
-54
-31
33
-7
-23
-28
11
45
13
36
52
51
62
-23
49
0 1 38
0 2 -7
0 3 -6
0 4 48
0 5 32
0 6 -63
0 7 -43
0 8 53
0 9 -8
0 10 -21
0 11 -48
0 12 26
0 13 -11
0 14 6
0 15 -14
0 17 12
0 18 46
0 20 24
0 21 -64
0 22 3
0 24 -31
0 27 45
0 28 -51
0 32 -48
0 33 54
0 34 -20
0 37 -19
0 38 -2
0 44 22
0 45 21
0 50 -11
0 52 -39
0 54 -40
0 57 60
0 63 62
0 67 21
0 69 -35
0 71 44
0 75 -34
0 82 -58
0 83 27
0 84 25
0 87 -22
0 90 -41
0 92 -14
0 97 10
1 11 -19
1 12 11
1 13 59
1 14 -57
1 15 57
1 19 50
1 20 -25
1 23 -8
1 24 -51
1 25 -44
1 26 37
1 29 -9
1 33 10
1 35 -15
1 37 -23
1 42 -21
1 53 -8
1 56 20
1 57 8
1 59 -17
1 66 14
1 68 -5
1 72 9
1 79 16
1 86 -31
2 11 -47
2 13 47
2 14 45
2 15 -55
2 16 -53
2 17 -21
2 18 52
2 20 22
2 22 -20
2 27 -61
2 31 -21
2 34 -47
2 37 -47
2 38 47
2 39 34
2 41 39
2 47 -15
2 56 21
2 57 -55
2 72 -6
2 73 -22
2 83 -22
2 84 3
2 93 43
2 95 47
3 11 22
3 12 2
3 18 61
3 44 30
3 57 24
3 59 -16
3 60 61
3 73 5
3 74 -64
3 80 57
3 87 14
3 94 -19
4 11 -45
4 12 -13
4 13 -62
4 14 7
4 17 -37
4 18 -17
4 20 -47
4 23 -33
4 26 -26
4 29 40
4 32 -7
4 33 14
4 36 37
4 39 -33
4 40 25
4 44 -14
4 45 27
4 46 -14
4 52 33
4 83 18
4 97 63
4 99 -39
5 11 -10
5 13 -26
5 14 -61
5 15 -49
5 20 14
5 21 57
5 23 22
5 29 29
5 32 39
5 39 44
5 45 34
5 48 12
5 61 -19
5 63 -43
5 67 -43
5 99 48
6 12 -25
6 16 55
6 18 43
6 36 20
6 41 -42
6 43 -51
6 44 51
6 50 9
6 86 35
6 89 -23
6 90 -41
6 96 20
7 11 60
7 12 -31
7 13 48
7 15 -32
7 16 10
7 17 60
7 19 -16
7 21 21
7 22 2
7 24 -32
7 30 13
7 40 35
7 49 2
7 53 45
7 59 -21
7 88 20
7 91 56
7 95 -17
7 96 57
8 11 45
8 12 23
8 15 47
8 16 -32
8 17 29
8 19 45
8 23 -45
8 28 -2
8 29 62
8 30 -43
8 31 -4
8 35 9
8 36 -19
8 40 57
8 42 14
8 43 39
8 44 -41
8 54 50
8 55 -64
8 62 16
8 63 30
8 76 -52
8 77 -2
8 99 -18
9 11 3
9 12 58
9 13 18
9 14 27
9 15 3
9 16 -44
9 17 -17
9 19 31
9 20 -18
9 21 47
9 24 22
9 25 60
9 26 -22
9 29 41
9 31 -57
9 32 -57
9 35 -14
9 38 25
9 39 4
9 45 -2
9 49 -61
9 51 5
9 52 17
9 55 2
9 56 51
9 61 22
9 65 -52
9 67 -33
9 69 24
9 72 -21
9 77 54
9 80 18
9 81 41
9 86 -57
9 88 46
9 89 45
9 96 -27
9 97 -49
10 11 -36
10 12 -10
10 13 -64
10 14 40
10 16 -56
10 18 -4
10 19 59
10 23 -63
10 28 -47
10 32 45
10 34 9
10 35 59
10 40 45
10 52 -48
10 56 -27
10 79 -40
10 81 -64
10 84 10
10 89 4
10 93 -3
10 95 52
11 12 -11
11 13 -36
11 14 59
11 15 53
11 16 44
11 17 44
11 21 -25
11 24 -20
11 25 -20
11 26 -48
11 27 40
11 30 25
11 34 63
11 36 17
11 37 -26
11 38 -27
11 40 4
11 41 25
11 42 -8
11 47 -9
11 50 3
11 53 -36
11 57 -8
11 59 -18
11 64 46
11 65 20
11 66 56
11 76 -64
11 77 -24
11 87 -43
11 88 4
11 91 33
11 92 -19
11 98 -64
12 13 20
12 14 11
12 15 51
12 16 -38
12 17 -56
12 18 -54
12 19 -17
12 21 -40
12 22 -28
12 23 29
12 24 17
12 25 9
12 26 16
12 27 -16
12 28 8
12 29 35
12 34 -33
12 38 -41
12 39 25
12 41 -56
12 42 -35
12 43 22
12 44 28
12 45 3
12 47 -35
12 48 50
12 49 22
12 51 -3
12 55 -15
12 57 -43
12 58 -60
12 59 -10
12 61 -23
12 65 -17
12 67 36
12 68 63
12 69 -53
12 75 41
12 76 -54
12 80 44
12 87 -57
12 89 10
12 91 27
12 94 48
12 95 -61
12 98 38
13 14 4
13 16 62
13 17 22
13 18 40
13 19 -43
13 20 -37
13 22 -4
13 24 -32
13 27 -47
13 28 -64
13 30 -10
13 31 -10
13 33 7
13 36 21
13 37 28
13 39 -63
13 41 29
13 43 -58
13 54 9
13 55 -39
13 61 -38
13 75 19
13 79 23
13 81 -17
13 88 57
13 90 -5
13 93 -12
13 97 -41
14 15 -44
14 16 -28
14 17 23
14 18 -17
14 19 62
14 20 -39
14 21 -62
14 22 -44
14 23 49
14 25 51
14 27 -15
14 29 -6
14 32 -20
14 35 -6
14 44 -34
14 48 -8
14 50 -55
14 51 -51
14 56 -49
14 57 -6
14 58 6
14 70 -13
14 75 -37
14 83 52
14 86 -47
14 88 4
14 89 15
14 91 43
15 22 63
15 34 -63
15 37 24
15 51 7
15 53 39
15 60 -10
15 66 21
15 75 18
15 88 39
15 96 23
15 97 -10
16 18 9
16 19 -10
16 21 -11
16 25 42
16 27 -18
16 28 27
16 31 -62
16 37 45
16 39 29
16 42 53
16 81 -62
16 82 -56
16 83 -39
16 91 -44
17 20 15
17 21 -14
17 22 2
17 23 -37
17 28 24
17 29 11
17 30 31
17 31 -44
17 34 -16
17 35 22
17 39 27
17 40 16
17 42 -24
17 43 -34
17 44 -33
17 48 -12
17 49 14
17 51 -31
17 52 -63
17 58 18
17 60 16
17 63 4
17 64 -4
17 65 13
17 78 29
17 79 56
17 80 -4
17 83 56
17 92 -64
17 94 59
17 98 -22
18 19 -56
18 21 -37
18 22 58
18 23 28
18 24 -57
18 26 -51
18 33 -18
18 37 -44
18 39 7
18 42 -4
18 44 -37
18 45 -29
18 47 36
18 49 15
18 50 -24
18 61 3
18 62 -38
18 73 6
18 76 55
19 20 -39
19 22 12
19 26 49
19 31 -61
19 35 36
19 50 55
19 54 36
19 55 12
19 58 -25
19 62 17
19 66 -52
19 68 4
19 73 -2
19 74 -10
19 85 -25
19 86 17
19 92 22
20 24 51
20 25 -60
20 26 26
20 32 -45
20 33 -12
20 34 50
20 43 63
20 62 34
20 64 17
20 66 -39
20 72 10
20 99 -57
21 24 -35
21 26 -52
21 29 -59
21 33 57
21 35 64
21 36 27
21 40 -16
21 48 -41
21 49 46
21 51 15
21 58 -26
21 63 -52
21 85 63
21 90 -4
22 23 -22
22 25 11
22 26 -5
22 27 -19
22 37 -54
22 38 -12
22 46 -12
22 51 32
22 52 21
22 54 38
22 56 5
22 65 -4
22 69 23
22 73 -28
22 74 21
22 79 37
22 82 57
22 85 -43
22 91 -11
22 97 -60
22 98 53
23 25 -55
23 28 21
23 30 -32
23 38 -45
23 41 -24
23 43 -32
23 45 -22
23 48 -28
23 53 34
23 58 12
23 63 32
23 72 -33
23 74 -30
23 86 -46
23 88 -26
23 91 -34
23 93 6
23 96 -5
24 25 48
24 27 11
24 32 9
24 34 60
24 36 53
24 40 -5
24 41 20
24 42 -33
24 45 9
24 70 -39
24 71 37
24 74 56
24 75 4
24 82 -9
24 95 -38
24 98 -45
25 28 -25
25 30 26
25 31 49
25 32 14
25 33 -46
25 43 -57
25 46 -15
25 47 45
25 54 26
25 59 39
25 61 9
25 62 -52
25 68 -51
25 72 -14
25 79 20
25 84 34
25 93 -4
25 96 21
25 99 -5
26 27 5
26 28 -22
26 30 2
26 31 42
26 33 -42
26 41 29
26 47 59
26 50 -47
26 59 -37
26 62 9
26 65 47
26 66 -21
26 70 -54
26 79 36
26 83 -15
26 87 -37
26 92 9
27 31 -32
27 33 -27
27 34 17
27 36 3
27 37 8
27 40 45
27 53 -8
27 55 -47
27 73 6
27 81 62
27 82 3
27 84 58
27 89 61
28 29 54
28 30 -5
28 35 14
28 40 -22
28 41 -49
28 46 52
28 48 -5
28 53 -30
28 54 -23
28 56 -64
28 65 -29
28 67 53
28 77 43
28 79 -41
28 83 44
28 93 -42
29 30 13
29 32 -54
29 35 -27
29 46 24
29 61 24
29 64 -16
29 65 -50
29 68 -9
29 69 -9
29 70 -54
29 74 23
30 42 63
30 50 40
30 52 52
30 53 -27
30 62 -59
30 68 24
30 76 -63
30 80 -56
30 84 -37
30 87 -9
30 97 -30
31 36 47
31 45 -13
31 47 -18
31 50 9
31 52 -47
31 56 27
31 61 39
31 71 3
31 96 -41
31 98 -17
32 48 -38
32 49 -3
32 60 19
32 61 19
32 62 -18
32 77 -30
32 85 -37
32 94 37
33 38 -20
33 46 -16
33 55 17
33 57 2
33 58 -13
33 64 -27
33 72 -28
33 73 -62
33 78 -28
33 80 -28
33 95 -8
33 99 -8
34 38 12
34 42 35
34 43 6
34 46 -27
34 47 -49
34 57 -48
34 58 38
34 59 53
34 75 -4
34 77 -14
34 79 -5
34 81 62
34 82 52
34 91 -34
34 98 49
35 36 -9
35 41 7
35 50 -37
35 54 -17
35 56 -43
35 58 -25
35 63 35
35 67 -48
35 77 24
35 94 -31
36 38 34
36 44 41
36 48 -31
36 52 -30
36 59 -29
36 60 41
36 68 -50
36 70 63
36 71 19
36 81 8
36 82 -44
36 90 -34
37 39 -23
37 46 -41
37 47 -25
37 51 -35
37 52 -15
37 57 -53
37 60 -61
37 66 -18
37 69 25
37 72 -30
37 76 -3
37 80 -45
38 43 60
38 46 -62
38 67 -20
39 46 17
39 47 -44
39 54 26
39 59 -51
39 66 -50
39 69 2
39 70 18
39 71 7
39 87 -6
39 89 41
39 93 16
40 51 -50
40 61 53
40 71 -58
40 85 6
40 94 28
41 78 12
41 90 25
42 45 -5
42 54 -5
42 80 -64
42 94 -51
43 49 29
43 60 58
43 63 -25
43 64 -28
43 68 57
43 80 47
43 87 -36
43 90 16
44 48 52
44 51 -43
44 53 -9
44 56 34
44 64 -36
44 78 -44
44 85 -47
44 95 24
45 53 9
45 58 -51
45 65 -58
45 73 -60
45 93 7
45 99 -16
47 49 7
47 55 -59
47 62 -19
47 67 61
47 71 -22
47 73 -44
47 78 19
48 49 47
48 62 62
48 67 -55
48 83 -50
48 84 -35
48 92 22
48 99 10
49 74 21
49 95 -33
50 76 19
50 95 11
50 97 33
51 55 -6
51 60 18
51 63 14
51 69 26
51 82 56
51 88 -11
51 97 39
52 55 47
52 64 -57
52 66 -9
52 71 60
52 94 -17
53 72 54
53 74 58
53 84 -43
53 88 -62
53 92 -17
54 71 40
54 76 5
54 82 55
54 90 44
55 60 -9
55 78 -44
56 64 60
56 66 -29
56 70 47
56 74 -32
56 75 23
56 77 -14
56 94 -12
56 98 -46
57 63 -15
57 72 -18
57 84 -56
58 69 3
58 81 41
59 60 -59
59 75 -17
59 77 -58
60 65 55
60 67 37
60 78 55
60 81 13
61 84 54
61 85 13
61 87 -59
61 92 11
62 64 -47
62 69 -43
62 86 19
62 95 -64
63 71 44
63 76 -15
64 68 2
64 80 42
64 92 -36
65 68 28
65 86 -46
65 88 53
66 70 13
68 70 57
68 89 49
69 70 33
69 93 -6
69 96 -59
69 98 17
70 73 47
70 74 -43
70 75 20
70 78 -3
70 81 -33
70 91 -18
73 89 -44
74 78 11
74 89 -16
74 90 -61
75 76 -32
75 77 27
75 78 5
75 79 7
75 94 14
75 96 5
75 97 49
76 82 12
76 85 -9
77 83 -17
77 85 39
77 96 34
78 99 47
81 87 -64
81 98 -9
82 86 -42
83 85 62
84 90 15
85 86 -15
89 91 -59
91 92 -13
91 93 10
92 99 25
-1
-11369
