ba_100_10_16
100
16
11
16
-9
10
3
8
-16
-7
2
16
-8
10
7
9
-14
6
4
3
6
-15
3
9
13
6
10
-9
10
6
9
11
12
2
-2
16
4
12
2
11
-7
-2
9
3
15
-13
-6
-14
15
-13
4
9
8
2
-6
12
-12
-7
2
16
-12
12
-7
3
-3
7
15
13
11
14
9
-2
14
-15
-5
3
2
2
7
-14
-10
3
-4
-4
-13
-10
-8
-11
-6
-4
16
15
9
-2
5
12
4
-8
-8
-4
-7
0 1 5
0 2 -9
0 3 4
0 4 12
0 5 13
0 6 -2
0 7 10
0 8 -16
0 9 3
0 10 15
0 11 -14
0 12 11
0 13 -11
0 14 -6
0 15 -15
0 17 -3
0 18 13
0 20 7
0 21 -13
0 22 10
0 24 -5
0 27 -6
0 28 8
0 32 12
0 33 2
0 34 -14
0 37 -12
0 38 10
0 44 -7
0 45 14
0 50 -2
0 52 10
0 54 -2
0 57 14
0 63 15
0 67 -10
0 69 13
0 71 -9
0 75 13
0 82 4
0 83 -16
0 84 -5
0 87 15
0 90 -11
0 92 -5
0 97 -2
1 11 -4
1 12 7
1 13 11
1 14 3
1 15 -6
1 19 -4
1 20 16
1 23 6
1 24 -9
1 25 -4
1 26 -6
1 29 -5
1 33 -14
1 35 16
1 37 11
1 42 -15
1 53 4
1 56 13
1 57 10
1 59 14
1 66 -3
1 68 5
1 72 -10
1 79 12
1 86 -8
2 11 6
2 13 -4
2 14 -11
2 15 3
2 16 -13
2 17 -4
2 18 7
2 20 -10
2 22 14
2 27 -3
2 31 -7
2 34 12
2 37 -7
2 38 4
2 39 -16
2 41 16
2 47 -9
2 56 16
2 57 13
2 72 -14
2 73 2
2 83 -6
2 84 -7
2 93 -5
2 95 -15
3 11 5
3 12 12
3 18 11
3 44 -12
3 57 -11
3 59 -15
3 60 2
3 73 -5
3 74 -9
3 80 -10
3 87 11
3 94 -12
4 11 -12
4 12 4
4 13 10
4 14 -11
4 17 -12
4 18 3
4 20 -15
4 23 -10
4 26 -3
4 29 7
4 32 6
4 33 11
4 36 11
4 39 6
4 40 10
4 44 15
4 45 -9
4 46 14
4 52 -3
4 83 -9
4 97 6
4 99 2
5 11 16
5 13 -2
5 14 9
5 15 9
5 20 -5
5 21 13
5 23 -7
5 29 9
5 32 11
5 39 14
5 45 -2
5 48 5
5 61 -2
5 63 10
5 67 7
5 99 -13
6 12 -3
6 16 6
6 18 14
6 36 10
6 41 -12
6 43 5
6 44 3
6 50 -8
6 86 9
6 89 13
6 90 -7
6 96 -9
7 11 -16
7 12 -5
7 13 -5
7 15 15
7 16 10
7 17 -4
7 19 -16
7 21 -2
7 22 9
7 24 15
7 30 9
7 40 13
7 49 -16
7 53 -14
7 59 12
7 88 11
7 91 6
7 95 9
7 96 12
8 11 7
8 12 9
8 15 7
8 16 14
8 17 -6
8 19 5
8 23 -14
8 28 10
8 29 10
8 30 9
8 31 15
8 35 12
8 36 -7
8 40 9
8 42 13
8 43 14
8 44 -11
8 54 12
8 55 16
8 62 -3
8 63 -13
8 76 -16
8 77 6
8 99 -8
9 11 -3
9 12 -4
9 13 15
9 14 13
9 15 4
9 16 6
9 17 3
9 19 15
9 20 -15
9 21 15
9 24 -15
9 25 -11
9 26 14
9 29 -4
9 31 -10
9 32 5
9 35 -3
9 38 -9
9 39 3
9 45 -16
9 49 -11
9 51 -9
9 52 -14
9 55 5
9 56 12
9 61 -10
9 65 -15
9 67 -12
9 69 -2
9 72 8
9 77 4
9 80 10
9 81 -5
9 86 -3
9 88 7
9 89 -11
9 96 16
9 97 16
10 11 -11
10 12 3
10 13 7
10 14 5
10 16 14
10 18 11
10 19 2
10 23 10
10 28 3
10 32 3
10 34 15
10 35 -11
10 40 14
10 52 7
10 56 8
10 79 9
10 81 16
10 84 -8
10 89 4
10 93 9
10 95 -3
11 12 -9
11 13 4
11 14 2
11 15 -16
11 16 -4
11 17 13
11 21 9
11 24 -8
11 25 8
11 26 -10
11 27 -14
11 30 13
11 34 -11
11 36 -8
11 37 8
11 38 7
11 40 -12
11 41 -6
11 42 -3
11 47 -15
11 50 -2
11 53 12
11 57 -16
11 59 -16
11 64 5
11 65 -12
11 66 12
11 76 13
11 77 -16
11 87 2
11 88 8
11 91 -7
11 92 -2
11 98 12
12 13 -4
12 14 12
12 15 -8
12 16 8
12 17 16
12 18 -16
12 19 16
12 21 6
12 22 2
12 23 5
12 24 13
12 25 -2
12 26 9
12 27 7
12 28 -10
12 29 -15
12 34 10
12 38 -3
12 39 -7
12 41 16
12 42 -2
12 43 -11
12 44 -14
12 45 -11
12 47 -4
12 48 12
12 49 6
12 51 -8
12 55 3
12 57 -4
12 58 -10
12 59 2
12 61 -10
12 65 7
12 67 -10
12 68 6
12 69 2
12 75 -14
12 76 15
12 80 -3
12 87 -14
12 89 10
12 91 16
12 94 -12
12 95 -13
12 98 -2
13 14 -9
13 16 -11
13 17 -6
13 18 -9
13 19 10
13 20 -9
13 22 3
13 24 -14
13 27 2
13 28 -7
13 30 7
13 31 10
13 33 -9
13 36 9
13 37 15
13 39 13
13 41 -4
13 43 15
13 54 16
13 55 -2
13 61 15
13 75 -14
13 79 -5
13 81 -12
13 88 -10
13 90 -13
13 93 -14
13 97 12
14 15 -8
14 16 -14
14 17 -8
14 18 -14
14 19 10
14 20 10
14 21 9
14 22 7
14 23 5
14 25 3
14 27 2
14 29 6
14 32 15
14 35 -5
14 44 -15
14 48 -11
14 50 2
14 51 -15
14 56 -2
14 57 -11
14 58 12
14 70 -16
14 75 -4
14 83 9
14 86 10
14 88 -3
14 89 -14
14 91 8
15 22 -6
15 34 -12
15 37 16
15 51 -15
15 53 16
15 60 5
15 66 14
15 75 -8
15 88 4
15 96 9
15 97 -5
16 18 -6
16 19 -10
16 21 7
16 25 -12
16 27 -13
16 28 15
16 31 6
16 37 -7
16 39 10
16 42 -2
16 81 14
16 82 16
16 83 8
16 91 2
17 20 -13
17 21 14
17 22 -11
17 23 -9
17 28 -11
17 29 -8
17 30 -7
17 31 -13
17 34 16
17 35 7
17 39 5
17 40 10
17 42 -7
17 43 -13
17 44 2
17 48 -12
17 49 -14
17 51 13
17 52 12
17 58 11
17 60 8
17 63 15
17 64 -7
17 65 15
17 78 -4
17 79 8
17 80 -9
17 83 -2
17 92 5
17 94 9
17 98 -2
18 19 -8
18 21 -6
18 22 2
18 23 16
18 24 16
18 26 6
18 33 14
18 37 7
18 39 6
18 42 -12
18 44 -7
18 45 -4
18 47 -15
18 49 -13
18 50 -4
18 61 -8
18 62 5
18 73 -5
18 76 11
19 20 -3
19 22 15
19 26 -13
19 31 -8
19 35 16
19 50 -14
19 54 7
19 55 -16
19 58 2
19 62 -13
19 66 12
19 68 3
19 73 8
19 74 4
19 85 6
19 86 -9
19 92 -11
20 24 6
20 25 -6
20 26 12
20 32 13
20 33 6
20 34 -4
20 43 -7
20 62 2
20 64 -7
20 66 -2
20 72 -9
20 99 12
21 24 6
21 26 12
21 29 12
21 33 16
21 35 -6
21 36 -13
21 40 -5
21 48 -16
21 49 16
21 51 -6
21 58 9
21 63 -9
21 85 -5
21 90 -4
22 23 5
22 25 4
22 26 7
22 27 -6
22 37 -11
22 38 8
22 46 -8
22 51 15
22 52 2
22 54 -8
22 56 -14
22 65 4
22 69 16
22 73 14
22 74 8
22 79 9
22 82 4
22 85 15
22 91 8
22 97 9
22 98 15
23 25 3
23 28 -14
23 30 16
23 38 6
23 41 14
23 43 2
23 45 8
23 48 8
23 53 15
23 58 -15
23 63 -7
23 72 15
23 74 -7
23 86 -11
23 88 -3
23 91 4
23 93 -9
23 96 15
24 25 15
24 27 -2
24 32 7
24 34 -15
24 36 7
24 40 16
24 41 16
24 42 -6
24 45 13
24 70 -14
24 71 9
24 74 -13
24 75 -2
24 82 13
24 95 10
24 98 6
25 28 12
25 30 10
25 31 -8
25 32 12
25 33 -12
25 43 5
25 46 16
25 47 13
25 54 4
25 59 2
25 61 -9
25 62 14
25 68 10
25 72 5
25 79 -13
25 84 -4
25 93 13
25 96 -13
25 99 9
26 27 16
26 28 10
26 30 -3
26 31 -4
26 33 10
26 41 -9
26 47 12
26 50 12
26 59 -10
26 62 -11
26 65 6
26 66 -16
26 70 -10
26 79 -13
26 83 -12
26 87 -12
26 92 -8
27 31 6
27 33 -13
27 34 -13
27 36 -4
27 37 5
27 40 -13
27 53 -12
27 55 16
27 73 10
27 81 -2
27 82 -9
27 84 8
27 89 -7
28 29 16
28 30 -5
28 35 2
28 40 -4
28 41 -5
28 46 11
28 48 -7
28 53 12
28 54 7
28 56 9
28 65 14
28 67 2
28 77 -7
28 79 5
28 83 12
28 93 -6
29 30 -6
29 32 15
29 35 2
29 46 13
29 61 2
29 64 -15
29 65 -10
29 68 11
29 69 10
29 70 -15
29 74 -4
30 42 4
30 50 12
30 52 -16
30 53 9
30 62 -5
30 68 13
30 76 9
30 80 -7
30 84 -12
30 87 10
30 97 8
31 36 12
31 45 9
31 47 -13
31 50 -4
31 52 -16
31 56 10
31 61 4
31 71 -16
31 96 -13
31 98 -16
32 48 -14
32 49 10
32 60 6
32 61 13
32 62 -6
32 77 -16
32 85 -11
32 94 -9
33 38 10
33 46 -11
33 55 11
33 57 -10
33 58 10
33 64 -9
33 72 4
33 73 -5
33 78 7
33 80 -11
33 95 -13
33 99 5
34 38 9
34 42 4
34 43 2
34 46 -3
34 47 -6
34 57 -12
34 58 6
34 59 13
34 75 -14
34 77 16
34 79 -12
34 81 13
34 82 15
34 91 9
34 98 -9
35 36 3
35 41 -16
35 50 11
35 54 6
35 56 14
35 58 4
35 63 10
35 67 11
35 77 4
35 94 -15
36 38 -16
36 44 -9
36 48 15
36 52 -5
36 59 9
36 60 -14
36 68 16
36 70 -8
36 71 -13
36 81 -3
36 82 -13
36 90 -4
37 39 -9
37 46 4
37 47 16
37 51 13
37 52 11
37 57 -12
37 60 14
37 66 2
37 69 -7
37 72 12
37 76 7
37 80 -9
38 43 -16
38 46 6
38 67 -3
39 46 6
39 47 -5
39 54 5
39 59 -16
39 66 8
39 69 2
39 70 -7
39 71 -15
39 87 13
39 89 -16
39 93 16
40 51 11
40 61 -16
40 71 -6
40 85 -10
40 94 -6
41 78 8
41 90 -5
42 45 -8
42 54 7
42 80 10
42 94 -5
43 49 -14
43 60 6
43 63 12
43 64 7
43 68 -16
43 80 -16
43 87 16
43 90 -2
44 48 5
44 51 -5
44 53 -13
44 56 9
44 64 2
44 78 3
44 85 9
44 95 -10
45 53 -9
45 58 13
45 65 -2
45 73 4
45 93 -13
45 99 12
47 49 12
47 55 3
47 62 2
47 67 13
47 71 -5
47 73 -7
47 78 3
48 49 16
48 62 -4
48 67 12
48 83 -12
48 84 7
48 92 10
48 99 10
49 74 15
49 95 15
50 76 8
50 95 -8
50 97 -11
51 55 -4
51 60 4
51 63 10
51 69 7
51 82 -10
51 88 -4
51 97 -10
52 55 3
52 64 -13
52 66 14
52 71 -10
52 94 15
53 72 -15
53 74 11
53 84 -12
53 88 -8
53 92 -15
54 71 -9
54 76 14
54 82 -4
54 90 -13
55 60 -8
55 78 -2
56 64 7
56 66 -4
56 70 14
56 74 -5
56 75 -8
56 77 4
56 94 -15
56 98 10
57 63 11
57 72 -10
57 84 16
58 69 -11
58 81 -7
59 60 -9
59 75 5
59 77 -11
60 65 -7
60 67 9
60 78 -8
60 81 4
61 84 5
61 85 10
61 87 7
61 92 -6
62 64 -3
62 69 -15
62 86 -6
62 95 -10
63 71 5
63 76 -8
64 68 2
64 80 6
64 92 -6
65 68 6
65 86 -11
65 88 -10
66 70 -2
68 70 -6
68 89 11
69 70 2
69 93 -6
69 96 7
69 98 -16
70 73 -15
70 74 4
70 75 2
70 78 7
70 81 -9
70 91 7
73 89 11
74 78 -5
74 89 11
74 90 14
75 76 -16
75 77 4
75 78 -2
75 79 -10
75 94 -3
75 96 -4
75 97 -8
76 82 16
76 85 -3
77 83 4
77 85 -11
77 96 7
78 99 16
81 87 -11
81 98 13
82 86 -10
83 85 -6
84 90 2
85 86 16
89 91 -5
91 92 -16
91 93 6
92 99 8
-1
-3230
