ba_100_12_16
100
2
14
7
10
12
12
-7
13
13
-6
-12
16
-13
16
10
5
16
16
6
2
5
-4
-12
7
16
-11
3
11
-7
5
-13
-5
-5
4
-14
-13
-9
-3
12
11
-5
7
-9
-7
5
15
3
-5
-15
-5
-7
-9
-16
-12
-15
12
15
-7
-12
14
-6
5
-3
2
-15
-4
5
7
-7
5
8
12
11
2
-6
-7
-8
5
-5
5
-16
-2
12
-4
-13
3
-12
12
4
-8
-15
-5
-3
11
-13
-9
-10
14
7
-12
0 1 -7
0 2 -14
0 3 -4
0 4 13
0 5 -11
0 6 13
0 7 10
0 8 -8
0 9 15
0 10 -14
0 11 -5
0 12 -7
0 13 -11
0 14 5
0 15 11
0 16 6
0 17 -16
0 18 4
0 19 4
0 21 -15
0 23 -6
0 26 9
0 28 -14
0 29 8
0 32 -16
0 34 4
0 37 5
0 38 -6
0 39 5
0 43 -9
0 45 10
0 47 14
0 49 -3
0 52 -13
0 53 -6
0 54 5
0 55 11
0 58 15
0 59 -2
0 60 -8
0 61 -14
0 69 8
0 70 -13
0 73 -16
0 74 -14
0 81 10
0 82 -10
0 90 16
0 91 -12
0 96 15
0 97 -6
1 13 2
1 14 -9
1 17 -9
1 18 14
1 23 12
1 25 -8
1 27 2
1 33 10
1 34 16
1 35 11
1 39 11
1 42 -9
1 44 -12
1 50 7
1 65 16
1 70 -14
1 86 -10
1 93 -2
1 94 12
1 97 -13
2 13 11
2 14 8
2 15 15
2 16 -9
2 17 -9
2 19 10
2 20 -14
2 24 2
2 27 3
2 32 -13
2 38 -15
2 39 6
2 71 9
2 77 -9
2 79 -12
3 13 -4
3 14 -9
3 15 14
3 17 -2
3 18 -9
3 19 16
3 20 -7
3 22 -14
3 32 12
3 35 -15
3 37 6
3 41 -3
3 55 15
3 63 -16
3 64 6
3 71 -14
3 80 -13
3 87 -5
3 88 -15
3 92 8
3 95 -10
3 98 -15
4 14 -2
4 16 6
4 18 -16
4 20 5
4 22 -4
4 24 15
4 30 -16
4 36 10
4 39 -14
4 92 6
5 13 12
5 14 15
5 15 3
5 16 -5
5 17 2
5 18 -2
5 22 2
5 23 -4
5 24 -4
5 26 15
5 27 -3
5 29 -16
5 31 -15
5 37 7
5 38 -16
5 45 13
5 52 10
5 56 7
5 62 11
5 63 -5
5 65 -8
5 75 13
5 76 14
5 78 7
5 79 12
5 92 -16
5 93 8
5 94 6
6 13 13
6 14 8
6 15 6
6 16 -2
6 17 -2
6 18 7
6 19 -15
6 21 12
6 23 12
6 24 -7
6 25 -2
6 30 3
6 35 5
6 36 -8
6 46 12
6 48 -13
6 53 -7
6 58 8
6 66 -8
6 67 -6
6 79 14
6 80 14
6 81 10
6 87 -12
7 13 -13
7 14 -6
7 19 -11
7 20 7
7 21 9
7 22 14
7 23 6
7 27 -5
7 29 -16
7 30 -6
7 31 6
7 32 7
7 33 11
7 35 7
7 39 8
7 42 -4
7 43 9
7 45 13
7 50 -7
7 51 9
7 54 4
7 64 16
7 67 -11
7 72 -6
7 73 12
7 76 -13
7 92 3
7 93 4
8 13 10
8 14 -9
8 15 -6
8 16 4
8 18 -4
8 21 -4
8 22 -15
8 24 14
8 28 6
8 36 -13
8 38 -5
8 43 7
8 46 9
8 48 -12
8 55 -13
8 58 14
8 60 -7
8 61 -2
8 64 9
8 70 10
8 78 -3
8 80 15
8 89 -16
8 90 -3
8 96 6
9 13 16
9 15 -14
9 16 -4
9 21 -11
9 27 5
9 28 -12
9 63 6
9 64 -6
9 70 10
9 80 -2
9 84 10
9 89 3
9 99 12
10 13 5
10 14 -4
10 15 13
10 18 8
10 19 -11
10 20 -11
10 21 -2
10 22 -8
10 23 15
10 25 11
10 26 2
10 27 2
10 30 -7
10 31 -14
10 33 -14
10 36 5
10 38 -6
10 40 6
10 41 2
10 43 2
10 47 11
10 48 -8
10 62 4
10 72 6
10 78 -5
10 79 -5
10 82 8
10 88 3
10 91 16
10 94 9
10 95 5
10 98 13
11 13 -11
11 14 -9
11 15 10
11 16 -11
11 17 11
11 19 -8
11 24 -11
11 26 -12
11 31 -11
11 33 -13
11 37 -15
11 48 -16
11 59 6
11 61 6
11 71 -16
12 13 -2
12 15 -9
12 16 -6
12 17 -2
12 19 9
12 25 -10
12 26 -5
12 28 10
12 33 11
12 35 -15
12 38 3
12 40 -5
12 41 6
12 42 -3
12 66 9
12 76 -10
12 84 -11
12 96 2
13 14 8
13 15 -10
13 16 -7
13 17 6
13 18 16
13 19 -2
13 20 -5
13 21 2
13 22 2
13 24 6
13 25 15
13 26 -6
13 28 -5
13 29 12
13 30 13
13 32 5
13 34 9
13 37 8
13 39 -12
13 42 7
13 43 -12
13 44 12
13 45 5
13 48 -8
13 49 -11
13 50 -6
13 53 3
13 56 -11
13 57 15
13 58 5
13 60 -9
13 64 -11
13 65 -6
13 69 -11
13 70 -3
13 72 -16
13 73 -4
13 77 10
13 78 4
13 85 4
13 88 2
13 90 -9
13 91 16
13 92 -4
13 94 3
13 98 5
14 15 -3
14 16 -3
14 17 14
14 18 11
14 19 -10
14 20 -11
14 21 14
14 23 -2
14 25 -10
14 26 -13
14 30 -10
14 32 -11
14 33 -16
14 35 14
14 38 -10
14 42 16
14 45 15
14 48 -12
14 63 11
14 66 14
14 68 7
14 69 12
14 70 -6
14 77 -14
14 93 -9
14 94 -2
14 95 -14
15 16 6
15 17 3
15 18 12
15 19 2
15 20 -14
15 21 -12
15 22 -5
15 23 12
15 24 8
15 25 -6
15 26 3
15 27 -9
15 31 6
15 32 -8
15 33 5
15 35 -4
15 39 -16
15 42 11
15 43 14
15 45 -3
15 47 6
15 50 6
15 52 -15
15 53 -7
15 54 10
15 56 -4
15 59 6
15 64 7
15 68 -16
15 77 2
15 80 9
15 87 4
15 92 9
15 94 -12
15 95 8
15 96 5
15 99 -16
16 17 -10
16 20 14
16 21 15
16 22 -15
16 24 -15
16 29 11
16 31 9
16 32 -16
16 33 8
16 34 -8
16 37 9
16 46 -4
16 49 -9
16 53 5
16 57 -13
16 58 -16
16 63 -5
16 64 -15
16 70 12
16 73 -7
16 74 11
16 81 -14
16 83 12
16 89 9
16 90 -3
16 91 3
16 96 -14
17 18 -8
17 20 -10
17 23 15
17 24 12
17 25 -16
17 26 14
17 27 14
17 29 -9
17 32 -6
17 33 -10
17 34 5
17 46 -13
17 49 7
17 51 10
17 53 12
17 55 14
17 62 16
17 64 7
17 69 -14
17 72 7
17 73 -5
17 76 3
17 81 16
17 85 5
17 87 16
17 97 -3
18 19 7
18 20 -3
18 26 -16
18 27 -6
18 28 -15
18 29 14
18 34 -14
18 36 -14
18 37 -2
18 38 -7
18 39 12
18 44 -11
18 45 -4
18 46 -16
18 49 15
18 51 12
18 52 -4
18 54 -9
18 57 8
18 60 2
18 62 -15
18 64 5
18 65 12
18 66 -9
18 70 -3
18 74 -8
18 77 -7
18 81 -5
18 90 -11
18 95 16
19 20 10
19 21 15
19 22 -2
19 23 10
19 24 -11
19 25 -15
19 27 -2
19 28 -2
19 29 16
19 30 -11
19 31 -11
19 34 10
19 37 4
19 38 9
19 39 3
19 40 -12
19 41 -11
19 42 9
19 45 -14
19 46 14
19 47 -9
19 49 -12
19 55 -3
19 59 7
19 60 11
19 64 -3
19 67 -15
19 70 3
19 72 -4
19 75 -14
19 77 3
19 78 13
19 79 -7
19 83 -16
19 84 -10
19 85 10
19 88 14
19 89 -8
19 91 -8
19 98 -15
20 21 -8
20 22 -16
20 25 2
20 27 -5
20 28 -4
20 29 -15
20 30 9
20 34 9
20 36 4
20 41 -15
20 44 11
20 45 -14
20 46 5
20 52 -10
20 53 11
20 54 -6
20 57 -10
20 68 7
20 69 14
20 76 -8
20 85 -6
20 91 -11
20 95 14
21 22 -10
21 23 6
21 26 -6
21 28 7
21 29 14
21 30 -4
21 31 -11
21 32 15
21 33 2
21 36 -2
21 40 -12
21 42 -11
21 43 11
21 44 -5
21 45 15
21 50 15
21 55 -14
21 62 3
21 67 9
21 71 11
21 83 -13
21 84 -2
21 85 -6
21 92 -9
21 93 15
22 23 -6
22 24 -9
22 25 -3
22 30 13
22 31 -14
22 34 -11
22 40 16
22 44 -12
22 45 -4
22 48 9
22 50 14
22 56 -15
22 59 -3
22 63 7
22 76 -14
22 81 -10
22 83 -10
22 88 6
22 92 -9
22 98 -3
23 25 -10
23 26 -12
23 33 -5
23 36 -9
23 37 -10
23 39 -14
23 40 -6
23 41 -10
23 47 2
23 51 -2
23 52 -12
23 56 10
23 61 11
23 67 16
23 68 6
23 69 -4
23 71 -8
23 76 9
23 80 -4
23 82 -9
23 89 8
23 94 16
23 95 -8
24 28 -6
24 31 -4
24 32 14
24 37 6
24 46 -4
24 49 16
24 51 14
24 52 -9
24 58 10
24 59 -6
24 67 15
24 75 -3
25 28 2
25 29 9
25 38 11
25 44 -13
25 46 13
25 47 -4
25 51 10
25 52 -10
25 54 -15
25 55 5
25 56 6
25 58 -16
25 59 -8
25 83 16
25 87 11
25 90 9
25 94 -14
26 27 14
26 28 5
26 29 6
26 31 -8
26 35 16
26 36 8
26 43 -3
26 47 12
26 65 14
26 66 9
26 68 -16
26 69 -9
26 72 -4
26 75 3
26 82 12
26 83 -8
26 93 12
27 30 11
27 34 10
27 35 11
27 42 11
27 46 -5
27 48 -4
27 50 8
27 52 8
27 57 14
27 58 15
27 63 5
27 68 3
27 70 7
27 78 6
27 82 10
27 84 3
27 86 -2
27 88 -10
27 90 14
27 99 -5
28 30 -10
28 32 3
28 35 -6
28 55 9
28 56 -5
28 65 -6
28 66 -16
28 67 -16
28 72 10
28 74 2
28 82 -16
28 85 4
28 87 6
29 31 -8
29 33 -8
29 35 -9
29 36 -5
29 37 -2
29 39 5
29 40 -13
29 41 4
29 43 -15
29 44 12
29 48 -3
29 51 -15
29 52 2
29 61 -2
29 62 -16
29 66 -8
29 71 9
29 76 6
29 77 -15
29 79 4
29 94 12
29 98 -16
29 99 -6
30 41 -13
30 43 -6
30 47 -10
30 54 6
30 55 -4
30 60 -4
30 62 4
30 65 -5
30 91 -12
30 97 16
31 34 15
31 40 -9
31 42 -11
31 47 -11
31 49 14
31 50 -5
31 54 -16
31 56 12
31 57 8
31 61 -15
31 67 -7
31 75 -5
31 79 11
31 96 9
32 34 -16
32 37 15
32 41 11
32 44 -7
32 49 8
32 50 2
32 51 -7
32 54 7
32 65 9
32 68 -15
32 75 11
32 76 -11
32 80 8
32 81 -12
32 82 -4
33 36 5
33 39 10
33 44 2
33 48 11
33 53 -16
33 57 -7
33 60 -14
33 83 -7
33 86 -10
33 87 2
33 98 10
34 35 -14
34 36 3
34 40 -12
34 41 -7
34 44 -2
34 48 -15
34 61 -4
34 65 -14
34 73 -16
35 38 3
35 40 16
35 43 11
35 47 -6
35 49 -5
35 50 9
35 51 -7
35 54 6
35 56 2
35 66 9
35 68 -6
35 73 -4
35 74 -10
35 75 2
35 78 6
35 80 -2
35 84 8
35 87 11
35 88 -5
35 96 -3
36 40 -11
36 41 12
36 46 13
36 51 15
36 53 5
36 55 -15
36 57 -6
36 59 10
36 60 9
36 65 -6
36 75 -14
36 76 -4
36 78 10
36 79 -11
37 38 14
37 52 14
37 54 -11
37 60 15
37 62 -7
37 65 -16
37 66 14
37 69 3
37 74 -2
37 78 -3
37 79 3
37 83 -4
37 84 12
37 86 8
37 97 3
38 40 -13
38 42 4
38 43 -13
38 50 -10
38 51 -15
38 57 4
38 75 -6
38 77 8
38 82 8
38 83 15
38 86 -7
38 87 -9
38 88 10
39 44 6
39 49 8
39 58 -4
39 61 -15
39 63 -11
39 69 7
39 76 -3
39 81 9
39 98 15
40 41 10
40 42 13
40 46 7
40 47 9
40 48 -2
40 56 -8
40 57 14
40 66 -14
40 72 -3
40 85 3
40 89 13
40 91 7
40 95 16
41 45 2
41 50 8
41 53 5
41 54 13
41 56 5
41 62 -14
41 77 -13
41 86 4
41 99 -2
42 49 -10
42 52 15
42 76 16
42 77 16
42 83 14
42 84 3
42 88 14
42 98 -6
42 99 4
43 58 -10
43 74 15
43 79 -2
43 83 10
43 91 -4
44 97 -6
44 99 -15
45 53 -10
45 58 -11
45 94 10
46 47 10
46 51 -15
46 55 -8
46 69 -11
46 71 6
46 80 -5
46 86 16
47 56 -15
47 57 -9
47 60 -13
47 85 14
47 93 2
48 53 8
48 62 -7
48 63 -10
48 73 -2
48 75 16
48 83 -12
48 84 -7
48 85 -10
48 88 -16
48 89 4
48 90 -6
49 61 -14
49 62 -14
49 66 7
49 68 12
50 55 -8
50 70 -8
50 72 -13
50 73 2
50 82 -16
50 87 10
50 89 13
50 90 -14
50 91 14
50 92 7
51 57 -11
51 61 -15
51 71 13
51 84 -6
51 91 -8
52 59 15
52 61 10
52 67 -13
53 59 -2
53 63 -4
53 65 -10
53 74 8
53 81 -12
53 89 3
53 97 5
54 59 16
54 61 13
54 64 -15
54 68 11
54 71 -16
54 73 9
54 80 12
54 86 -16
54 95 -16
54 99 13
55 59 -2
55 60 -14
55 62 11
55 72 -11
55 73 12
55 79 6
55 85 -2
55 92 11
55 95 -11
55 96 10
55 97 8
56 60 -5
56 64 -16
56 85 -13
56 92 -13
57 58 -3
57 82 5
57 90 8
58 72 7
58 74 -11
58 94 12
59 68 -6
59 77 6
59 81 11
59 93 15
59 98 6
60 63 -5
60 67 4
60 71 -4
60 81 -6
60 94 -10
60 95 9
61 77 2
61 78 -16
61 79 16
61 80 -11
61 82 16
61 84 9
61 93 12
62 63 13
62 68 7
62 71 4
62 93 5
64 67 -13
64 69 -14
64 71 -8
64 78 -10
64 89 -13
64 96 3
65 66 -8
65 74 16
65 95 8
66 67 -9
66 78 -9
66 84 10
67 69 14
67 98 -15
68 70 -8
68 93 -13
69 72 -13
69 75 16
70 74 -14
70 97 -9
71 73 9
71 82 -3
71 86 -2
71 88 -9
72 97 11
72 99 2
73 74 2
73 75 10
73 86 11
73 90 11
73 97 4
74 99 16
75 85 16
75 89 10
76 92 -11
77 80 8
78 91 13
79 81 15
79 90 -5
80 96 -9
80 99 2
81 86 10
81 87 5
82 87 4
82 97 10
82 99 -11
84 86 -4
85 88 3
88 89 -5
90 93 -8
93 98 -12
94 96 16
95 96 6
-1
-3379
