ba_100_6_64
100
35
-40
-54
9
-30
-49
64
-19
-53
39
57
46
-21
-51
-4
-3
42
63
61
60
28
20
-51
-7
-39
-19
-62
-14
40
63
38
-9
40
33
24
-36
-2
-13
42
49
-15
-43
52
61
3
-6
-47
26
-54
-36
-23
35
-19
49
49
-58
-10
58
-50
-24
-56
-10
59
21
-28
17
-49
17
35
-10
-43
-55
64
-42
-44
21
26
56
-10
-33
52
-62
39
-52
46
-25
19
22
-14
43
23
55
4
-41
25
-38
-11
8
-45
12
0 1 21
0 2 32
0 3 -23
0 4 -26
0 5 10
0 6 57
0 7 40
0 8 7
0 9 25
0 10 -43
0 11 44
0 12 21
0 13 17
0 14 -54
0 16 34
0 19 13
0 20 -51
0 23 47
0 25 -17
0 29 2
0 31 58
0 34 7
0 35 20
0 36 28
0 37 -24
0 39 21
0 43 2
0 46 13
0 49 -12
0 53 -56
0 55 38
0 56 -23
0 57 4
0 64 -12
0 79 -47
0 87 -52
0 98 51
1 7 -12
1 8 58
1 9 63
1 10 27
1 12 10
1 13 40
1 14 53
1 16 -37
1 24 -63
1 28 17
1 33 15
1 44 42
1 48 -31
1 59 21
1 63 35
1 64 54
1 68 -59
1 72 -6
1 80 25
1 84 32
1 86 -28
2 11 -53
2 12 -53
2 40 -20
2 41 -63
2 59 37
2 71 3
3 7 39
3 25 15
3 32 -31
4 7 -60
4 8 -28
4 9 18
4 10 47
4 13 9
4 14 -17
4 18 -17
4 30 -6
4 32 -36
4 40 -54
4 47 53
4 48 11
4 75 36
4 79 -39
4 82 -5
4 83 48
4 85 -3
4 97 32
5 7 13
5 8 -13
5 10 -29
5 15 -52
5 19 12
5 45 13
5 70 -64
5 84 -54
5 91 -28
5 93 31
6 7 2
6 8 -8
6 9 5
6 10 -28
6 12 24
6 13 48
6 14 63
6 15 57
6 16 60
6 17 -25
6 21 -6
6 26 40
6 35 3
6 37 34
6 45 2
6 46 48
6 48 -58
6 52 20
6 56 63
6 63 40
6 65 63
6 69 -25
6 73 -29
6 74 14
6 84 20
7 8 -7
7 9 -2
7 11 3
7 12 59
7 13 15
7 15 -31
7 17 54
7 18 30
7 20 -52
7 21 -14
7 22 -62
7 24 -24
7 32 18
7 42 -59
7 43 -54
7 49 26
7 64 21
7 73 -16
7 75 -34
7 82 -48
7 95 49
7 98 19
7 99 21
8 9 21
8 11 20
8 12 39
8 13 -58
8 15 -18
8 17 58
8 18 40
8 23 -60
8 26 21
8 28 -44
8 33 -57
8 40 21
8 41 29
8 42 -35
8 47 -53
8 48 -59
8 49 -25
8 53 -39
8 54 -46
8 61 -31
8 62 23
8 70 13
8 71 -10
8 73 16
8 77 61
8 78 35
8 79 -3
8 83 -48
8 85 -34
8 90 63
8 97 -31
9 10 51
9 11 37
9 17 48
9 18 -44
9 19 -2
9 20 -60
9 24 10
9 25 7
9 27 29
9 28 51
9 29 -59
9 42 -21
9 46 -21
9 47 43
9 62 -6
9 63 42
9 66 -60
9 69 -46
9 82 -52
9 85 -35
9 86 28
9 93 -40
10 11 -52
10 17 -4
10 19 4
10 21 -54
10 22 6
10 23 35
10 24 -9
10 26 41
10 29 14
10 30 -10
10 31 15
10 35 42
10 39 27
10 41 49
10 44 10
10 45 18
10 49 5
10 50 40
10 56 29
10 58 31
10 65 -58
10 67 59
10 70 14
10 75 -32
10 85 -50
10 86 -7
10 96 -15
10 97 54
11 15 36
11 16 59
11 18 54
11 20 50
11 22 59
11 30 5
11 35 63
11 38 47
11 42 -52
11 45 28
11 47 -38
11 53 40
11 60 -11
11 66 -60
11 68 -57
11 71 -14
11 77 56
11 79 -55
11 81 11
11 85 -51
11 94 -11
11 95 -32
12 14 -20
12 15 -63
12 16 -49
12 20 47
12 21 -27
12 22 43
12 31 -63
12 32 -8
12 38 13
12 39 -55
12 49 -17
12 50 10
12 51 17
12 56 -19
12 58 -31
12 62 32
12 67 -52
12 78 13
12 79 22
12 82 -13
12 86 -42
12 87 50
12 99 -47
13 14 -3
13 19 -23
13 20 22
13 27 -2
13 28 -36
13 30 14
13 33 55
13 34 -34
13 37 -45
13 42 4
13 49 -50
13 52 -57
13 54 57
13 57 -56
13 64 -59
13 68 35
13 71 26
14 17 -39
14 27 53
14 28 31
14 29 -54
14 52 24
14 55 18
14 58 -52
14 61 -15
14 65 29
14 72 -58
14 87 14
14 88 36
14 91 54
15 16 -61
15 18 -22
15 21 -50
15 23 30
15 32 26
15 37 2
15 40 18
15 44 10
15 45 64
15 53 39
15 55 -36
15 89 6
15 92 -45
16 19 19
16 21 19
16 23 -8
16 30 63
16 32 -32
16 37 60
16 81 -52
16 94 -20
16 99 -64
17 22 19
17 24 50
17 29 24
17 35 -15
17 36 -37
17 43 34
17 46 -45
17 62 49
17 65 -63
18 31 64
18 34 13
18 36 45
18 38 -47
18 42 5
18 56 -46
18 72 -12
18 78 44
18 80 -42
19 25 51
19 26 -30
19 29 -11
19 30 33
19 33 -35
19 52 -10
19 58 -56
19 61 54
19 65 -42
19 66 7
19 73 -51
19 74 -61
19 78 -58
19 83 23
19 92 4
19 98 -26
20 22 -48
20 36 39
20 39 41
20 43 -23
20 51 48
20 54 50
20 64 24
20 69 34
20 72 -50
20 75 -4
20 76 56
20 78 51
20 84 61
20 87 -2
20 91 -39
20 96 15
20 99 -58
21 44 33
21 96 -30
22 23 -62
22 24 46
22 25 2
22 26 62
22 27 -3
22 31 -24
22 33 14
22 34 -11
22 38 -25
22 41 61
22 50 28
22 59 -19
22 67 33
22 69 23
22 74 11
22 77 46
22 84 20
22 88 -13
22 94 56
22 95 44
23 25 -14
23 26 3
23 27 -56
23 31 -56
23 54 7
23 60 -56
23 82 -41
24 27 -48
24 36 -55
24 51 60
24 57 -45
24 64 32
24 77 62
25 46 -26
25 47 -56
25 74 28
25 83 3
26 39 46
26 41 40
26 45 13
26 59 10
27 28 -64
27 38 17
27 47 -33
27 93 -55
28 67 52
28 75 36
29 35 26
29 36 -14
29 44 -63
29 73 -36
29 77 54
30 46 -16
30 60 51
30 62 -54
30 73 43
30 86 31
31 33 -20
31 40 44
31 50 45
31 51 -6
31 53 -21
31 59 4
31 81 33
31 90 28
31 92 -6
31 98 -22
32 34 -32
32 54 -51
32 58 -58
32 67 39
32 74 7
32 76 36
32 80 26
32 92 -44
33 34 -56
33 37 -13
33 55 21
34 38 -46
34 40 6
34 66 21
34 83 14
34 88 17
36 41 -45
36 43 -3
36 50 -4
36 55 17
36 59 -63
36 61 19
36 63 31
36 66 -40
36 68 62
36 72 51
36 75 -60
36 76 48
36 81 46
36 89 -62
36 94 27
36 96 -60
37 58 -40
37 72 48
37 78 18
37 90 23
38 39 16
38 54 4
38 60 43
38 90 32
38 95 10
39 52 -14
39 56 10
39 65 22
39 66 -9
39 68 -32
39 71 -2
39 76 -38
40 44 27
40 48 49
40 79 44
40 92 -52
40 97 -37
40 98 -48
41 57 -52
41 61 -7
42 43 56
42 55 -25
42 57 -22
42 69 37
43 51 56
43 53 -39
44 52 -31
44 57 -13
44 62 -52
44 88 -49
44 95 -18
44 99 -25
45 60 -52
45 96 -7
46 48 18
46 50 23
46 93 57
48 97 42
49 51 57
49 60 -29
49 61 63
49 84 -23
50 63 54
51 71 57
51 87 -33
51 93 -61
51 96 -41
53 80 53
53 89 41
54 91 13
56 63 -58
56 76 -23
56 89 -47
56 90 -54
56 94 -39
57 81 21
58 68 3
58 74 -53
58 76 -55
60 86 -3
60 89 31
61 77 25
62 70 37
63 67 3
63 70 44
64 69 28
64 93 -2
65 70 63
65 80 23
67 88 -32
67 92 44
70 85 -10
70 94 -20
73 83 -38
73 89 34
74 99 -34
75 80 42
75 81 -19
75 82 -54
75 88 62
75 98 -13
78 91 -34
81 91 27
81 95 9
83 90 -15
84 87 -11
92 97 -51
-1
-9702
