ba_100_12_32
100
19
-3
-18
16
27
21
-20
29
-30
23
-18
-17
-31
3
-13
-28
-20
26
30
12
24
21
-30
18
-13
-2
32
-24
30
-20
18
-24
-32
-15
-12
-12
-28
-10
19
-10
27
-9
-29
4
13
-23
-25
-16
-16
7
-27
23
28
9
11
7
24
-21
24
-2
15
20
-9
-23
-25
7
27
-21
8
-16
13
6
22
12
14
20
-5
-5
-17
2
-14
-18
-23
-28
-26
31
-2
-6
8
25
-6
2
-23
31
13
25
-16
-3
-31
-8
0 1 -13
0 2 -19
0 3 -29
0 4 6
0 5 -31
0 6 -29
0 7 -27
0 8 -9
0 9 -31
0 10 9
0 11 -16
0 12 31
0 13 26
0 14 -32
0 15 5
0 16 -18
0 17 -20
0 18 -19
0 19 14
0 21 -15
0 23 17
0 26 16
0 28 20
0 29 -28
0 32 5
0 34 -21
0 37 31
0 38 -5
0 39 -17
0 43 -26
0 45 -7
0 47 -25
0 49 30
0 52 -24
0 53 -5
0 54 14
0 55 -4
0 58 -10
0 59 15
0 60 -11
0 61 13
0 69 6
0 70 22
0 73 -29
0 74 -7
0 81 10
0 82 8
0 90 11
0 91 -5
0 96 -32
0 97 -14
1 13 27
1 14 20
1 17 28
1 18 -10
1 23 4
1 25 31
1 27 -31
1 33 -12
1 34 -31
1 35 -26
1 39 3
1 42 27
1 44 -4
1 50 15
1 65 17
1 70 -13
1 86 8
1 93 -11
1 94 23
1 97 27
2 13 31
2 14 27
2 15 31
2 16 -18
2 17 16
2 19 -30
2 20 -30
2 24 31
2 27 -10
2 32 14
2 38 -6
2 39 -18
2 71 -19
2 77 -16
2 79 6
3 13 -23
3 14 26
3 15 -17
3 17 7
3 18 29
3 19 -12
3 20 -24
3 22 -5
3 32 -24
3 35 6
3 37 -14
3 41 17
3 55 22
3 63 29
3 64 -13
3 71 -3
3 80 -29
3 87 -14
3 88 -16
3 92 -7
3 95 -5
3 98 13
4 14 28
4 16 27
4 18 27
4 20 -29
4 22 19
4 24 -7
4 30 -10
4 36 25
4 39 31
4 92 -29
5 13 -6
5 14 -22
5 15 4
5 16 26
5 17 -31
5 18 -17
5 22 -10
5 23 22
5 24 22
5 26 17
5 27 -21
5 29 -28
5 31 -2
5 37 22
5 38 -17
5 45 -32
5 52 13
5 56 -8
5 62 20
5 63 31
5 65 -11
5 75 -14
5 76 2
5 78 22
5 79 -19
5 92 -17
5 93 -11
5 94 -10
6 13 -29
6 14 8
6 15 5
6 16 18
6 17 -12
6 18 -14
6 19 -16
6 21 13
6 23 28
6 24 27
6 25 22
6 30 16
6 35 -2
6 36 -4
6 46 -23
6 48 18
6 53 -17
6 58 5
6 66 22
6 67 24
6 79 -10
6 80 -10
6 81 27
6 87 -3
7 13 28
7 14 -32
7 19 -32
7 20 -26
7 21 -25
7 22 -4
7 23 26
7 27 30
7 29 -32
7 30 -13
7 31 -31
7 32 8
7 33 -19
7 35 19
7 39 20
7 42 29
7 43 -14
7 45 -13
7 50 -25
7 51 -28
7 54 -29
7 64 -16
7 67 19
7 72 14
7 73 32
7 76 13
7 92 18
7 93 -31
8 13 3
8 14 -21
8 15 31
8 16 13
8 18 -12
8 21 -24
8 22 29
8 24 24
8 28 -32
8 36 12
8 38 27
8 43 31
8 46 -9
8 48 -6
8 55 17
8 58 -15
8 60 -26
8 61 2
8 64 12
8 70 8
8 78 -2
8 80 -28
8 89 -26
8 90 -17
8 96 -10
9 13 29
9 15 20
9 16 -15
9 21 31
9 27 19
9 28 -28
9 63 -19
9 64 5
9 70 -21
9 80 -11
9 84 31
9 89 20
9 99 -9
10 13 -16
10 14 -3
10 15 31
10 18 17
10 19 -26
10 20 -4
10 21 -19
10 22 24
10 23 6
10 25 -16
10 26 -15
10 27 16
10 30 -29
10 31 24
10 33 -30
10 36 -14
10 38 7
10 40 13
10 41 14
10 43 10
10 47 16
10 48 30
10 62 12
10 72 6
10 78 -2
10 79 -8
10 82 -8
10 88 18
10 91 -24
10 94 -4
10 95 10
10 98 21
11 13 -7
11 14 13
11 15 18
11 16 21
11 17 31
11 19 -27
11 24 3
11 26 29
11 31 -11
11 33 17
11 37 6
11 48 -27
11 59 9
11 61 12
11 71 11
12 13 -30
12 15 26
12 16 18
12 17 10
12 19 12
12 25 14
12 26 12
12 28 -13
12 33 -32
12 35 -32
12 38 -12
12 40 -15
12 41 -17
12 42 -30
12 66 17
12 76 9
12 84 -30
12 96 15
13 14 16
13 15 -18
13 16 -16
13 17 6
13 18 21
13 19 -23
13 20 -18
13 21 12
13 22 -29
13 24 -2
13 25 -12
13 26 -25
13 28 29
13 29 20
13 30 -10
13 32 21
13 34 11
13 37 -7
13 39 14
13 42 -19
13 43 -13
13 44 9
13 45 -29
13 48 -16
13 49 22
13 50 -3
13 53 -23
13 56 12
13 57 -27
13 58 -23
13 60 -14
13 64 -23
13 65 11
13 69 -5
13 70 31
13 72 24
13 73 -4
13 77 11
13 78 -21
13 85 27
13 88 -15
13 90 -3
13 91 11
13 92 -19
13 94 17
13 98 5
14 15 -5
14 16 -15
14 17 8
14 18 32
14 19 6
14 20 32
14 21 -8
14 23 -32
14 25 -30
14 26 -5
14 30 18
14 32 -28
14 33 16
14 35 30
14 38 24
14 42 30
14 45 17
14 48 -12
14 63 -8
14 66 -7
14 68 26
14 69 -7
14 70 -24
14 77 -3
14 93 -22
14 94 26
14 95 -15
15 16 -14
15 17 27
15 18 3
15 19 -17
15 20 -6
15 21 -15
15 22 32
15 23 -7
15 24 10
15 25 -13
15 26 27
15 27 21
15 31 18
15 32 -3
15 33 4
15 35 -24
15 39 -4
15 42 17
15 43 -19
15 45 -5
15 47 -30
15 50 7
15 52 -16
15 53 8
15 54 9
15 56 32
15 59 3
15 64 -18
15 68 -30
15 77 18
15 80 30
15 87 5
15 92 12
15 94 -25
15 95 -30
15 96 27
15 99 -18
16 17 31
16 20 28
16 21 32
16 22 6
16 24 18
16 29 27
16 31 25
16 32 30
16 33 -7
16 34 4
16 37 -19
16 46 -2
16 49 -15
16 53 -2
16 57 18
16 58 9
16 63 -4
16 64 27
16 70 -8
16 73 25
16 74 18
16 81 -4
16 83 -13
16 89 -9
16 90 11
16 91 9
16 96 16
17 18 -3
17 20 4
17 23 31
17 24 19
17 25 32
17 26 -12
17 27 -17
17 29 12
17 32 26
17 33 -29
17 34 25
17 46 2
17 49 30
17 51 -9
17 53 24
17 55 19
17 62 10
17 64 26
17 69 17
17 72 3
17 73 -21
17 76 -16
17 81 -18
17 85 -28
17 87 -13
17 97 12
18 19 20
18 20 3
18 26 -5
18 27 3
18 28 10
18 29 -11
18 34 -30
18 36 -20
18 37 14
18 38 13
18 39 16
18 44 -16
18 45 -11
18 46 -16
18 49 -14
18 51 -28
18 52 -17
18 54 -14
18 57 -3
18 60 -32
18 62 -27
18 64 31
18 65 -28
18 66 11
18 70 -20
18 74 24
18 77 3
18 81 9
18 90 31
18 95 27
19 20 10
19 21 -15
19 22 8
19 23 12
19 24 -29
19 25 22
19 27 21
19 28 -17
19 29 26
19 30 13
19 31 6
19 34 -17
19 37 23
19 38 -4
19 39 7
19 40 -30
19 41 -7
19 42 -32
19 45 -12
19 46 -14
19 47 -30
19 49 16
19 55 -23
19 59 -32
19 60 -15
19 64 29
19 67 -22
19 70 -31
19 72 5
19 75 11
19 77 -8
19 78 8
19 79 -23
19 83 23
19 84 -30
19 85 -22
19 88 3
19 89 -18
19 91 -30
19 98 24
20 21 27
20 22 3
20 25 30
20 27 29
20 28 -28
20 29 -24
20 30 -9
20 34 20
20 36 -19
20 41 -20
20 44 -10
20 45 25
20 46 -6
20 52 -13
20 53 31
20 54 9
20 57 -22
20 68 9
20 69 31
20 76 -25
20 85 2
20 91 -32
20 95 28
21 22 21
21 23 24
21 26 7
21 28 -2
21 29 -11
21 30 32
21 31 -26
21 32 -22
21 33 -7
21 36 11
21 40 -27
21 42 -9
21 43 5
21 44 -13
21 45 -26
21 50 -20
21 55 17
21 62 20
21 67 32
21 71 -10
21 83 18
21 84 -15
21 85 3
21 92 19
21 93 13
22 23 8
22 24 -25
22 25 28
22 30 7
22 31 13
22 34 11
22 40 -5
22 44 -31
22 45 -16
22 48 -27
22 50 -24
22 56 -12
22 59 -20
22 63 23
22 76 -9
22 81 23
22 83 -6
22 88 -9
22 92 -15
22 98 -15
23 25 5
23 26 -18
23 33 15
23 36 -16
23 37 2
23 39 32
23 40 -8
23 41 29
23 47 -30
23 51 -26
23 52 -27
23 56 -3
23 61 -15
23 67 -32
23 68 31
23 69 -2
23 71 28
23 76 22
23 80 -32
23 82 23
23 89 23
23 94 4
23 95 10
24 28 -6
24 31 -22
24 32 -22
24 37 15
24 46 22
24 49 2
24 51 -28
24 52 32
24 58 14
24 59 31
24 67 3
24 75 -16
25 28 -31
25 29 -16
25 38 -28
25 44 31
25 46 -28
25 47 30
25 51 32
25 52 -16
25 54 -23
25 55 -20
25 56 15
25 58 -6
25 59 -5
25 83 -20
25 87 -7
25 90 -10
25 94 -17
26 27 -20
26 28 -16
26 29 9
26 31 31
26 35 13
26 36 30
26 43 -2
26 47 -21
26 65 -27
26 66 22
26 68 -2
26 69 30
26 72 27
26 75 30
26 82 -3
26 83 -14
26 93 -10
27 30 -6
27 34 29
27 35 -17
27 42 -13
27 46 5
27 48 -6
27 50 -31
27 52 2
27 57 -3
27 58 11
27 63 30
27 68 -29
27 70 -27
27 78 -29
27 82 -29
27 84 -3
27 86 -6
27 88 28
27 90 -27
27 99 -5
28 30 -21
28 32 32
28 35 -26
28 55 13
28 56 18
28 65 -3
28 66 -22
28 67 -18
28 72 20
28 74 2
28 82 -21
28 85 6
28 87 13
29 31 16
29 33 23
29 35 23
29 36 27
29 37 21
29 39 32
29 40 10
29 41 15
29 43 -17
29 44 31
29 48 -21
29 51 -16
29 52 -9
29 61 -28
29 62 -23
29 66 -18
29 71 -6
29 76 17
29 77 23
29 79 -25
29 94 25
29 98 25
29 99 16
30 41 5
30 43 -21
30 47 -21
30 54 29
30 55 14
30 60 -7
30 62 8
30 65 5
30 91 -3
30 97 26
31 34 15
31 40 -27
31 42 30
31 47 -8
31 49 4
31 50 10
31 54 7
31 56 -26
31 57 9
31 61 -16
31 67 4
31 75 -26
31 79 -23
31 96 11
32 34 18
32 37 15
32 41 -10
32 44 4
32 49 -27
32 50 -10
32 51 -29
32 54 -16
32 65 -24
32 68 -21
32 75 19
32 76 -30
32 80 4
32 81 -3
32 82 -26
33 36 4
33 39 9
33 44 -6
33 48 19
33 53 -28
33 57 -2
33 60 3
33 83 30
33 86 -13
33 87 -10
33 98 -7
34 35 -17
34 36 7
34 40 -32
34 41 30
34 44 10
34 48 7
34 61 -2
34 65 -10
34 73 -18
35 38 12
35 40 -23
35 43 15
35 47 -17
35 49 -23
35 50 -12
35 51 -21
35 54 -3
35 56 -28
35 66 -28
35 68 11
35 73 -4
35 74 25
35 75 -16
35 78 2
35 80 20
35 84 20
35 87 13
35 88 23
35 96 28
36 40 20
36 41 25
36 46 -26
36 51 18
36 53 25
36 55 -22
36 57 14
36 59 2
36 60 23
36 65 -9
36 75 16
36 76 11
36 78 -22
36 79 30
37 38 -32
37 52 -20
37 54 -14
37 60 -14
37 62 -31
37 65 32
37 66 7
37 69 -26
37 74 30
37 78 9
37 79 -11
37 83 -19
37 84 2
37 86 15
37 97 -16
38 40 2
38 42 -11
38 43 8
38 50 25
38 51 -9
38 57 24
38 75 18
38 77 -23
38 82 -17
38 83 -27
38 86 14
38 87 -26
38 88 32
39 44 -23
39 49 -4
39 58 10
39 61 -29
39 63 -16
39 69 5
39 76 6
39 81 3
39 98 -26
40 41 -17
40 42 -24
40 46 -22
40 47 13
40 48 -18
40 56 -32
40 57 -12
40 66 -32
40 72 -4
40 85 -6
40 89 -31
40 91 32
40 95 -32
41 45 -13
41 50 -2
41 53 -2
41 54 10
41 56 23
41 62 30
41 77 -20
41 86 -28
41 99 31
42 49 -17
42 52 -9
42 76 8
42 77 -16
42 83 12
42 84 -9
42 88 -29
42 98 -19
42 99 23
43 58 32
43 74 -32
43 79 -22
43 83 -23
43 91 -8
44 97 -15
44 99 19
45 53 26
45 58 -18
45 94 -30
46 47 21
46 51 11
46 55 -32
46 69 29
46 71 6
46 80 9
46 86 -18
47 56 -2
47 57 10
47 60 26
47 85 26
47 93 -25
48 53 31
48 62 21
48 63 25
48 73 -18
48 75 8
48 83 3
48 84 -8
48 85 -18
48 88 -15
48 89 -16
48 90 -28
49 61 -20
49 62 22
49 66 -32
49 68 7
50 55 13
50 70 -23
50 72 13
50 73 4
50 82 -32
50 87 -20
50 89 12
50 90 -29
50 91 11
50 92 18
51 57 18
51 61 -4
51 71 -17
51 84 -28
51 91 12
52 59 -19
52 61 29
52 67 18
53 59 -15
53 63 27
53 65 26
53 74 21
53 81 25
53 89 2
53 97 -29
54 59 18
54 61 31
54 64 -23
54 68 -31
54 71 14
54 73 -29
54 80 17
54 86 -16
54 95 -17
54 99 -13
55 59 17
55 60 31
55 62 -15
55 72 8
55 73 -11
55 79 17
55 85 -16
55 92 13
55 95 -6
55 96 -28
55 97 -7
56 60 -12
56 64 21
56 85 -16
56 92 13
57 58 10
57 82 -7
57 90 27
58 72 13
58 74 -20
58 94 -3
59 68 -14
59 77 19
59 81 27
59 93 19
59 98 7
60 63 -23
60 67 -24
60 71 14
60 81 -19
60 94 -15
60 95 13
61 77 26
61 78 7
61 79 3
61 80 19
61 82 15
61 84 -29
61 93 -29
62 63 -6
62 68 23
62 71 9
62 93 -11
64 67 -29
64 69 -11
64 71 -4
64 78 12
64 89 30
64 96 -6
65 66 -3
65 74 21
65 95 11
66 67 15
66 78 14
66 84 17
67 69 27
67 98 -19
68 70 31
68 93 30
69 72 -6
69 75 8
70 74 -31
70 97 -15
71 73 -9
71 82 16
71 86 18
71 88 -17
72 97 -7
72 99 -28
73 74 25
73 75 -15
73 86 -4
73 90 -9
73 97 17
74 99 -21
75 85 -16
75 89 -13
76 92 15
77 80 -25
78 91 25
79 81 4
79 90 13
80 96 -19
80 99 -29
81 86 22
81 87 -20
82 87 28
82 97 -7
82 99 22
84 86 7
85 88 4
88 89 30
90 93 9
93 98 31
94 96 20
95 96 28
-1
-6739
