ba_100_4_8
100
-5
-4
-5
-8
-2
3
6
-2
8
5
4
3
-6
-6
7
-4
-3
7
-7
8
-2
3
7
-5
-8
-2
-4
5
-4
-7
-6
-4
3
8
4
-3
-7
-7
3
-5
4
-7
-7
-6
8
8
-5
-4
8
7
-6
-6
6
-7
-4
-3
3
7
-7
-2
3
7
-4
-3
5
7
2
2
6
-3
-5
-2
-8
-6
4
-6
4
-4
2
-2
2
4
4
7
-2
-2
6
7
3
7
-2
6
3
7
-6
-3
-2
-4
-2
-4
0 1 -8
0 2 -8
0 3 -4
0 4 -7
0 5 7
0 6 7
0 7 -7
0 8 -8
0 10 5
0 11 -2
0 13 7
0 14 -6
0 20 8
0 21 -3
0 23 -5
0 26 2
0 27 7
0 28 -2
0 32 5
0 33 5
0 34 8
0 35 4
0 38 2
0 45 3
0 50 7
0 57 -5
0 60 2
0 62 8
0 65 5
0 66 -2
0 73 -8
0 81 -6
0 85 8
0 86 8
0 89 2
0 99 -5
1 5 -3
1 7 3
1 12 -8
1 14 -4
1 17 -6
1 19 -2
1 27 -2
1 30 3
1 49 -3
1 52 -2
1 53 -5
1 91 7
2 5 -3
2 6 4
2 9 -6
2 10 -3
2 13 4
2 15 -5
2 19 -7
2 21 -4
2 39 -6
2 44 4
2 49 3
2 62 -7
2 65 4
2 93 3
3 5 3
3 6 4
3 7 -3
3 8 -8
3 9 -5
3 12 -6
3 16 -5
3 17 2
3 18 4
3 20 -5
3 22 6
3 28 -4
3 31 -5
3 35 -2
3 36 -8
3 46 -3
3 57 2
3 71 -3
3 74 7
3 76 -6
3 77 -7
3 84 -8
3 86 -2
3 94 5
4 11 8
4 25 7
4 29 8
5 6 -4
5 7 -3
5 8 -2
5 11 -3
5 12 2
5 13 -5
5 14 -5
5 16 7
5 19 7
5 20 -7
5 21 7
5 22 6
5 26 5
5 29 -4
5 32 6
5 33 -8
5 34 7
5 40 -7
5 43 2
5 44 -2
5 46 8
5 47 -6
5 55 -7
5 60 -8
5 69 7
5 70 -8
5 74 7
5 78 -8
5 88 -8
6 8 -7
6 20 -2
6 27 -6
6 36 -8
6 41 6
6 45 -7
6 64 5
6 88 -2
7 9 8
7 10 -8
7 12 -5
7 23 2
7 25 -4
7 33 -2
7 36 3
7 42 -5
7 43 7
7 50 -6
7 56 -8
7 59 -8
7 66 -4
7 90 7
8 9 2
8 10 -4
8 11 7
8 15 6
8 16 -3
8 17 -4
8 18 -4
8 23 -7
8 24 4
8 30 -4
8 37 -5
8 38 8
8 48 -8
8 49 -5
8 50 -4
8 52 8
8 64 3
8 67 5
8 69 -8
8 71 5
8 76 3
8 82 -2
8 93 4
8 98 -4
9 22 5
9 26 -8
9 34 8
9 38 -5
9 42 3
9 58 2
9 91 -7
10 16 -7
10 22 5
10 29 5
10 41 -7
10 54 -6
10 92 -2
10 98 6
11 13 5
11 14 4
11 15 -5
11 17 -6
11 19 5
11 42 -7
11 59 -8
11 81 -4
11 86 3
12 27 -8
12 49 8
12 63 -7
12 67 7
12 77 -6
12 98 7
13 21 3
13 31 -7
13 70 -5
13 71 6
13 73 4
13 99 7
14 15 -2
14 18 -8
14 24 4
14 37 7
14 41 -2
14 45 6
14 54 -5
14 58 -8
14 78 -5
15 18 7
15 25 -8
15 28 -5
15 47 -2
15 48 2
15 69 5
15 75 -3
15 82 -8
15 97 -3
16 23 5
16 40 2
16 53 -8
16 55 5
16 68 -5
16 79 -3
16 84 4
16 94 6
17 36 -3
17 94 4
18 25 5
18 29 -2
18 32 -5
18 35 5
18 46 3
18 53 -2
18 72 -3
18 81 6
18 87 -8
18 94 -2
19 26 4
19 28 -7
19 31 4
19 51 3
19 54 -4
19 60 6
19 61 8
19 67 8
19 72 -8
20 24 -7
20 40 2
20 97 -7
21 33 3
21 39 5
21 97 8
22 24 -5
22 45 5
22 58 -3
22 75 -3
23 43 8
23 44 5
23 56 -4
24 41 -8
24 47 7
24 85 6
24 96 -8
25 30 -2
25 55 4
25 57 8
25 61 4
25 68 -2
25 70 2
25 78 2
25 87 8
25 93 4
25 96 5
26 30 6
26 31 -4
26 43 5
26 46 3
26 61 8
26 63 -5
26 76 -4
26 87 3
26 99 -6
27 37 -2
27 71 3
27 79 -6
28 32 -2
28 34 6
28 39 2
28 40 -6
28 44 7
28 52 5
28 84 -2
29 37 2
29 39 -6
29 51 5
29 54 -6
29 76 -7
29 80 -2
29 85 4
29 95 2
31 50 -5
31 51 3
31 63 7
31 95 -4
32 93 3
34 35 -3
34 66 -3
36 38 4
36 56 5
37 80 -3
38 65 -3
38 72 -3
39 53 3
40 42 -7
41 48 -8
41 51 2
41 59 3
41 61 -8
41 62 -2
41 64 -7
41 66 4
41 87 2
41 95 -6
42 47 -2
42 59 -4
42 73 -6
42 74 -2
42 78 -3
42 82 7
42 86 -4
42 97 -7
43 79 4
44 83 3
45 48 -2
45 80 -2
46 55 7
46 62 6
46 68 -3
47 67 -6
47 96 4
49 60 -6
49 80 4
50 57 4
50 70 -6
51 52 4
52 56 2
52 63 6
52 69 -8
52 88 8
52 89 -8
54 75 4
54 82 -8
55 65 -5
55 79 5
56 64 7
56 85 5
57 58 -6
57 84 5
57 89 -2
58 81 6
58 83 5
60 73 2
61 75 7
61 83 4
61 91 -8
62 92 5
62 98 6
63 68 -8
68 72 -6
68 90 8
69 74 8
69 88 8
69 90 -5
71 77 -4
75 77 -6
77 92 5
77 96 2
79 91 4
79 92 -6
80 95 2
82 83 6
82 89 -2
82 90 -6
90 99 5
-1
-1188
