ba_100_4_64
100
-38
-43
-6
64
-25
-4
-55
-4
-25
-42
-61
57
-42
14
43
-44
-60
-19
-9
-38
31
15
-16
55
16
3
-20
-35
62
34
17
-45
60
-26
43
39
-29
44
-39
62
-39
-27
-53
55
-57
61
-13
-54
-54
-40
-37
-56
-23
51
-52
-3
58
30
58
30
-25
44
-5
-20
-27
-39
-14
50
-51
-28
61
59
-24
-55
-24
-47
-10
-35
-8
-21
-17
-8
-36
-49
9
-8
26
-57
55
-13
62
-41
43
12
40
-44
27
-63
-47
-2
0 1 39
0 2 45
0 3 45
0 4 57
0 5 -3
0 6 21
0 7 34
0 8 14
0 10 -61
0 11 -17
0 13 34
0 14 -43
0 20 -35
0 21 -30
0 23 -55
0 26 -24
0 27 -13
0 28 -34
0 32 -15
0 33 -51
0 34 -17
0 35 64
0 38 38
0 45 -5
0 50 16
0 57 2
0 60 40
0 62 -28
0 65 21
0 66 61
0 73 -8
0 81 -54
0 85 -9
0 86 -63
0 89 -41
0 99 13
1 5 54
1 7 47
1 12 55
1 14 -46
1 17 -25
1 19 -36
1 27 -58
1 30 -60
1 49 -47
1 52 -30
1 53 -40
1 91 8
2 5 -36
2 6 25
2 9 -56
2 10 38
2 13 -49
2 15 40
2 19 -63
2 21 21
2 39 44
2 44 -28
2 49 -38
2 62 46
2 65 32
2 93 43
3 5 4
3 6 33
3 7 24
3 8 -3
3 9 2
3 12 29
3 16 48
3 17 46
3 18 34
3 20 -11
3 22 18
3 28 -36
3 31 -50
3 35 20
3 36 -5
3 46 -40
3 57 -44
3 71 -23
3 74 -17
3 76 -63
3 77 -56
3 84 -8
3 86 5
3 94 52
4 11 57
4 25 4
4 29 9
5 6 55
5 7 53
5 8 -11
5 11 64
5 12 -60
5 13 -32
5 14 44
5 16 4
5 19 7
5 20 63
5 21 51
5 22 -14
5 26 -24
5 29 20
5 32 63
5 33 62
5 34 -31
5 40 58
5 43 38
5 44 -11
5 46 -22
5 47 -12
5 55 7
5 60 -23
5 69 52
5 70 58
5 74 26
5 78 44
5 88 -4
6 8 28
6 20 25
6 27 -58
6 36 24
6 41 40
6 45 -51
6 64 12
6 88 -33
7 9 34
7 10 46
7 12 -59
7 23 45
7 25 -5
7 33 -3
7 36 9
7 42 59
7 43 31
7 50 -56
7 56 59
7 59 4
7 66 -53
7 90 36
8 9 -2
8 10 -51
8 11 33
8 15 60
8 16 -33
8 17 -5
8 18 19
8 23 -56
8 24 37
8 30 62
8 37 -31
8 38 -53
8 48 -13
8 49 27
8 50 -46
8 52 -45
8 64 -34
8 67 -13
8 69 20
8 71 16
8 76 33
8 82 -13
8 93 64
8 98 45
9 22 3
9 26 -46
9 34 50
9 38 -33
9 42 32
9 58 2
9 91 56
10 16 -49
10 22 23
10 29 31
10 41 -44
10 54 -30
10 92 21
10 98 62
11 13 23
11 14 12
11 15 31
11 17 14
11 19 -41
11 42 -21
11 59 -60
11 81 21
11 86 15
12 27 -37
12 49 26
12 63 -7
12 67 25
12 77 -46
12 98 23
13 21 4
13 31 -48
13 70 48
13 71 46
13 73 -24
13 99 53
14 15 -18
14 18 -26
14 24 -54
14 37 47
14 41 62
14 45 49
14 54 -43
14 58 47
14 78 -20
15 18 57
15 25 19
15 28 -50
15 47 40
15 48 -48
15 69 16
15 75 -61
15 82 -39
15 97 9
16 23 8
16 40 -41
16 53 61
16 55 54
16 68 17
16 79 23
16 84 -45
16 94 31
17 36 -18
17 94 39
18 25 11
18 29 19
18 32 -48
18 35 -48
18 46 63
18 53 39
18 72 -11
18 81 -38
18 87 34
18 94 15
19 26 -44
19 28 -60
19 31 56
19 51 57
19 54 -13
19 60 -30
19 61 62
19 67 -42
19 72 -21
20 24 19
20 40 -4
20 97 -53
21 33 28
21 39 -5
21 97 -63
22 24 23
22 45 -48
22 58 -47
22 75 27
23 43 16
23 44 -48
23 56 -46
24 41 60
24 47 -50
24 85 -10
24 96 -63
25 30 -27
25 55 37
25 57 6
25 61 -9
25 68 11
25 70 14
25 78 10
25 87 42
25 93 -10
25 96 -58
26 30 -54
26 31 10
26 43 48
26 46 35
26 61 -33
26 63 -32
26 76 -31
26 87 -54
26 99 63
27 37 34
27 71 -25
27 79 44
28 32 -54
28 34 44
28 39 -56
28 40 -3
28 44 15
28 52 34
28 84 -3
29 37 -18
29 39 -39
29 51 23
29 54 7
29 76 -44
29 80 -64
29 85 -2
29 95 34
31 50 37
31 51 -13
31 63 -3
31 95 -11
32 93 16
34 35 -19
34 66 -48
36 38 35
36 56 -27
37 80 -5
38 65 -24
38 72 -5
39 53 59
40 42 -31
41 48 -24
41 51 -27
41 59 -43
41 61 -35
41 62 -12
41 64 23
41 66 55
41 87 -27
41 95 30
42 47 -38
42 59 -13
42 73 -62
42 74 42
42 78 -38
42 82 -13
42 86 -49
42 97 18
43 79 -26
44 83 -23
45 48 4
45 80 50
46 55 -61
46 62 2
46 68 62
47 67 -43
47 96 -54
49 60 6
49 80 20
50 57 -49
50 70 2
51 52 48
52 56 43
52 63 7
52 69 -2
52 88 -20
52 89 -44
54 75 15
54 82 51
55 65 11
55 79 38
56 64 47
56 85 56
57 58 59
57 84 -36
57 89 -56
58 81 6
58 83 -26
60 73 35
61 75 -57
61 83 61
61 91 51
62 92 59
62 98 -11
63 68 -4
68 72 49
68 90 16
69 74 40
69 88 54
69 90 38
71 77 20
75 77 2
77 92 36
77 96 54
79 91 13
79 92 -51
80 95 -57
82 83 19
82 89 -19
82 90 9
90 99 51
-1
-8051
