ba_100_8_16
100
15
2
-16
-11
2
-14
-15
-14
-8
-15
-11
11
-11
-7
-10
7
-12
12
-4
-4
2
8
7
-13
-4
-10
6
9
-5
5
-8
-7
2
8
-16
-3
11
-16
7
-12
15
3
-3
13
7
-5
-13
7
-10
2
-16
2
-8
-15
-8
-15
8
14
13
-9
15
-3
-10
-9
-15
-16
-9
-10
5
3
16
16
-12
-10
14
-7
-11
10
10
-12
12
-3
4
5
16
4
-7
-3
12
-5
6
-15
6
4
-5
-9
11
10
10
13
0 1 -6
0 2 7
0 3 16
0 4 8
0 5 -3
0 6 -6
0 7 -15
0 8 11
0 9 -10
0 10 3
0 11 -6
0 12 16
0 13 -15
0 15 -5
0 16 9
0 17 -15
0 21 -13
0 22 -10
0 23 5
0 25 15
0 26 -7
0 28 14
0 31 -2
0 37 2
0 45 16
0 48 -14
0 50 -3
0 56 14
0 58 9
0 65 -12
0 69 -6
0 70 -2
0 71 4
0 78 14
0 84 -9
0 92 -11
0 95 -15
0 99 -12
1 9 -15
1 10 12
1 11 -3
1 13 -2
1 15 9
1 19 -7
1 21 7
1 22 11
1 23 13
1 27 -9
1 40 6
1 41 -15
1 44 14
1 49 -3
1 58 8
1 62 9
1 71 3
1 72 -12
1 85 6
1 93 -10
2 9 -15
2 10 -14
2 11 14
2 13 -5
2 17 -4
2 18 13
2 24 -5
2 32 2
2 37 8
2 39 -8
2 46 -9
2 47 15
2 53 15
2 55 -6
2 57 11
2 60 8
2 67 -4
2 78 -14
2 94 -16
3 9 -13
3 10 -16
3 11 -4
3 12 -10
3 14 -13
3 15 -16
3 16 4
3 28 12
3 31 2
3 41 -15
3 49 2
3 50 -10
3 51 -10
3 52 -14
3 61 -4
3 67 14
3 78 -10
3 84 -9
3 92 -16
3 99 14
4 9 7
4 11 -4
4 14 -9
4 30 -16
4 40 -3
4 96 16
5 9 13
5 10 -6
5 12 8
5 14 -8
5 18 -9
5 36 -11
5 56 -11
5 61 -9
5 87 2
5 88 -9
5 92 -16
5 95 -2
6 9 16
6 10 -3
6 12 10
6 14 -10
6 16 -15
6 20 -8
6 25 4
6 35 -6
6 38 -7
6 40 10
6 47 -10
6 51 15
6 61 12
6 62 4
6 96 -2
7 9 2
7 11 -7
7 13 -6
7 17 5
7 27 2
7 32 -15
7 38 -8
7 42 -13
7 46 -15
7 49 -13
7 56 -15
7 62 -10
7 68 -4
7 72 4
7 73 -10
7 75 -7
7 85 6
7 96 -2
8 10 2
8 12 -4
8 13 -5
8 14 -12
8 17 11
8 20 -16
8 23 -3
8 25 16
8 26 5
8 30 -10
8 35 16
8 39 4
8 42 8
8 43 14
8 47 10
8 58 -9
8 75 13
8 92 16
9 10 16
9 11 3
9 12 14
9 13 12
9 14 11
9 15 10
9 16 -13
9 18 12
9 19 -12
9 20 -2
9 23 5
9 24 -9
9 25 10
9 28 -8
9 30 -9
9 32 16
9 36 -7
9 42 -8
9 45 -15
9 46 -8
9 47 9
9 51 3
9 63 2
9 68 15
9 73 -15
9 76 4
9 77 -5
9 78 -16
9 83 -12
9 90 13
9 94 5
10 11 -9
10 12 10
10 13 -5
10 14 3
10 15 -13
10 16 -7
10 17 5
10 18 -5
10 19 7
10 20 -9
10 21 13
10 24 7
10 25 3
10 27 -14
10 29 3
10 31 8
10 32 5
10 33 13
10 34 6
10 36 6
10 37 -10
10 38 -15
10 41 12
10 42 2
10 43 -11
10 44 12
10 45 11
10 46 16
10 48 -11
10 49 8
10 55 -5
10 56 -16
10 57 -4
10 60 2
10 61 13
10 65 14
10 66 -5
10 71 3
10 74 8
10 76 -15
10 77 -13
10 80 -9
10 86 -15
10 87 16
10 89 -8
10 91 -10
10 92 9
10 93 -15
10 97 11
10 98 -7
10 99 -6
11 12 -3
11 13 -11
11 14 -5
11 15 -16
11 18 2
11 19 -16
11 24 12
11 25 4
11 26 -9
11 28 -9
11 33 11
11 35 15
11 37 -9
11 41 -15
11 43 14
11 44 7
11 47 9
11 48 3
11 52 9
11 53 -6
11 57 -13
11 60 11
11 67 4
11 72 -10
11 87 12
11 89 -14
11 94 7
11 96 6
12 15 -6
12 16 3
12 17 -3
12 19 -12
12 20 12
12 29 -14
12 34 4
12 36 -3
12 43 -2
12 53 -9
12 59 -13
12 68 6
12 71 5
12 77 -7
12 82 -5
12 88 11
12 92 5
13 15 -11
13 16 11
13 18 -11
13 19 -7
13 21 5
13 22 16
13 23 -6
13 27 -3
13 29 3
13 32 2
13 42 -6
13 52 -10
13 53 -9
13 58 11
13 63 -6
13 67 -3
13 68 -13
13 69 15
13 79 -4
13 90 -8
14 16 9
14 17 8
14 18 -3
14 20 -7
14 21 14
14 22 -15
14 25 16
14 26 6
14 29 -9
14 33 3
14 37 -5
14 40 15
14 43 12
14 45 -12
14 52 -9
14 58 -15
14 59 -12
14 69 9
14 72 -8
14 75 -7
14 79 -14
14 80 2
14 81 3
14 85 -2
14 86 -13
14 95 -5
14 98 8
15 19 2
15 33 2
15 44 2
15 54 13
15 60 6
15 82 5
15 87 14
15 89 -5
16 17 2
16 18 -8
16 21 4
16 22 -12
16 23 -12
16 26 -10
16 29 3
16 33 -6
16 37 -12
16 38 -3
16 39 -9
16 41 8
16 46 15
16 50 -15
16 60 5
16 67 11
16 73 13
16 74 8
16 79 -4
16 81 3
16 90 -11
16 93 -12
16 99 6
17 20 13
17 26 -16
17 27 -15
17 28 -11
17 29 11
17 32 -6
17 44 -5
17 46 -6
17 53 -2
17 55 8
17 56 -8
17 57 12
17 65 16
17 66 -10
17 67 9
17 69 4
17 74 3
17 76 15
17 88 10
17 89 -15
17 94 16
17 95 5
17 98 3
18 19 -14
18 20 5
18 21 9
18 24 6
18 30 5
18 31 5
18 38 2
18 39 -4
18 40 16
18 48 15
18 50 4
18 52 -2
18 59 -14
18 64 -6
18 69 9
18 75 14
18 77 5
18 81 14
18 98 -3
19 22 15
19 23 3
19 25 13
19 26 -13
19 32 12
19 34 -2
19 35 -3
19 45 -9
19 54 10
19 62 5
19 75 9
19 78 5
19 85 4
19 86 -12
19 90 -2
19 95 10
20 21 4
20 22 -16
20 23 -8
20 27 -7
20 29 12
20 30 -2
20 31 4
20 34 -10
20 35 12
20 37 -6
20 38 -5
20 41 15
20 48 2
20 50 8
20 51 14
20 53 -7
20 54 -12
20 55 4
20 57 -2
20 59 -7
20 60 -16
20 61 12
20 62 -4
20 63 6
20 64 15
20 68 6
20 71 -6
20 74 -2
20 76 11
20 89 -8
21 22 -10
21 24 -7
21 27 -6
21 30 -3
21 31 6
21 34 3
21 36 14
21 41 -15
21 43 10
21 45 -10
21 51 -9
21 52 14
21 64 15
21 69 -3
21 72 5
21 79 13
21 81 16
21 85 -14
21 88 -6
21 91 -8
21 97 -8
22 24 -10
22 33 11
22 36 -6
22 39 -6
22 42 11
22 51 12
22 55 -15
22 63 14
23 24 -5
23 27 10
23 34 -16
23 35 -13
23 40 -5
23 47 12
23 48 12
23 52 -8
23 54 -16
23 61 -9
23 66 10
23 72 -12
23 73 -6
23 74 -6
23 82 -11
23 84 11
24 26 13
24 28 -9
24 33 -9
24 36 9
24 38 -3
24 39 10
24 42 -5
24 46 11
24 47 -9
24 48 -3
24 54 6
24 60 12
24 64 12
24 66 -16
24 84 -12
24 93 -2
25 28 -2
25 43 -6
25 59 3
25 63 -6
25 83 -6
25 91 -16
25 94 12
26 31 -11
26 35 -5
26 36 13
26 38 -13
26 44 -6
26 53 10
26 55 6
26 62 -15
26 64 13
26 85 -15
26 88 10
26 91 -8
27 28 -11
27 29 14
27 30 4
27 31 -2
27 34 -9
27 35 -3
27 39 -7
27 46 3
27 48 9
27 50 -12
27 52 -5
27 56 -2
27 57 13
27 58 14
27 66 6
27 67 10
27 71 -5
27 77 10
27 90 6
27 91 -7
27 93 4
27 96 13
28 32 10
28 58 16
28 64 -6
28 70 -2
28 73 -2
29 30 2
29 33 12
29 42 -2
29 50 12
29 53 -3
29 82 -14
29 90 -4
29 99 -12
30 56 3
30 85 -3
30 98 13
31 41 16
31 51 15
31 56 15
31 60 8
31 67 13
31 75 2
31 76 3
32 34 8
32 37 -11
32 49 7
32 66 3
32 72 10
32 77 10
32 79 -11
33 45 16
33 54 14
33 57 -13
33 74 -10
34 44 4
34 59 4
34 68 -9
34 81 16
34 84 -16
35 40 9
35 80 8
35 83 -8
35 84 -10
35 92 5
36 66 -15
36 77 9
36 97 8
37 49 -11
37 62 9
37 63 2
37 70 -4
37 73 -5
38 39 -7
38 40 -8
38 44 -8
38 63 -14
38 64 16
38 65 -7
38 82 10
38 87 -5
38 89 -7
38 92 11
39 90 -4
39 99 3
40 47 -3
40 54 -11
40 61 -13
40 74 13
41 43 -12
41 51 -4
41 61 16
41 64 4
41 80 3
41 81 10
41 94 12
42 55 -8
42 70 -11
42 83 7
42 86 -11
42 88 12
42 89 -7
42 91 9
43 45 9
43 49 -13
43 65 5
43 70 12
44 49 8
44 50 13
44 59 11
44 65 -5
44 72 13
44 74 -3
44 78 11
45 57 -13
46 70 -8
46 83 8
46 87 -9
46 96 12
47 88 -13
48 93 2
49 55 -2
49 59 -5
49 77 4
49 82 14
50 58 9
50 65 -15
50 66 16
50 99 15
51 54 -10
51 78 -9
51 88 -11
51 97 5
52 63 -14
52 69 -12
52 70 -6
52 73 15
52 83 11
54 62 -11
54 71 -10
54 79 2
54 80 -6
54 82 14
54 95 11
55 76 -6
57 83 -16
58 68 4
58 69 -7
59 65 -4
59 70 -6
59 87 6
60 71 -6
60 75 -14
60 80 -11
60 97 -2
61 73 -8
62 84 4
62 95 10
63 68 2
63 86 15
63 94 4
64 83 2
65 76 12
65 98 -16
66 75 13
66 79 -9
66 82 -6
66 86 -16
67 81 -9
67 91 -5
67 96 9
67 97 4
68 93 -5
69 80 -14
69 86 -11
70 79 12
70 84 -2
71 76 6
71 81 16
72 96 10
72 97 6
73 78 10
73 98 4
73 99 -12
75 86 14
75 87 -9
77 98 15
78 80 -15
79 93 8
83 85 8
86 91 -2
88 89 -3
89 90 -9
91 94 -4
92 95 3
92 97 16
-1
-2873
