ba_100_6_32
100
20
29
-6
-30
-23
-11
10
20
15
11
-23
27
-16
6
-16
15
-3
-20
17
-28
-2
-14
9
32
26
-21
7
-15
15
-5
-2
-13
21
-10
23
-15
8
26
-4
8
-17
21
-23
-19
-2
-29
-23
-18
-25
-11
10
-31
10
-19
3
-24
21
-14
-31
-31
2
7
-24
-24
7
-6
-31
11
-8
10
-11
-30
-6
20
29
-26
-13
-23
-13
-27
10
27
18
-24
17
-13
21
-28
3
28
31
25
-10
22
-22
19
20
-16
-3
13
0 1 14
0 2 8
0 3 -11
0 4 -14
0 5 -23
0 6 -21
0 7 10
0 8 -23
0 9 8
0 10 20
0 11 28
0 12 10
0 13 -8
0 14 -23
0 16 -26
0 19 -4
0 20 5
0 23 4
0 25 -12
0 29 6
0 31 18
0 34 17
0 35 13
0 36 -31
0 37 -22
0 39 -21
0 43 32
0 46 -24
0 49 -29
0 53 31
0 55 -14
0 56 -28
0 57 -27
0 64 18
0 79 -13
0 87 7
0 98 -30
1 7 -13
1 8 2
1 9 -27
1 10 31
1 12 -14
1 13 -20
1 14 -20
1 16 2
1 24 -28
1 28 3
1 33 19
1 44 12
1 48 15
1 59 -19
1 63 7
1 64 -2
1 68 24
1 72 3
1 80 -7
1 84 -26
1 86 28
2 11 -10
2 12 -21
2 40 21
2 41 7
2 59 -8
2 71 29
3 7 -13
3 25 21
3 32 22
4 7 15
4 8 -18
4 9 -21
4 10 29
4 13 -5
4 14 16
4 18 -18
4 30 -4
4 32 -14
4 40 32
4 47 14
4 48 32
4 75 11
4 79 -2
4 82 -13
4 83 -2
4 85 -30
4 97 -18
5 7 -31
5 8 -14
5 10 -14
5 15 -7
5 19 -29
5 45 -8
5 70 29
5 84 -3
5 91 -5
5 93 -20
6 7 -22
6 8 -23
6 9 -19
6 10 21
6 12 -12
6 13 -31
6 14 -21
6 15 -17
6 16 -16
6 17 20
6 21 10
6 26 -21
6 35 7
6 37 12
6 45 -18
6 46 12
6 48 4
6 52 24
6 56 -11
6 63 28
6 65 19
6 69 24
6 73 -27
6 74 -7
6 84 -5
7 8 -22
7 9 19
7 11 25
7 12 -13
7 13 -24
7 15 15
7 17 22
7 18 22
7 20 19
7 21 22
7 22 -2
7 24 29
7 32 -12
7 42 15
7 43 -16
7 49 14
7 64 13
7 73 10
7 75 -9
7 82 18
7 95 -21
7 98 -11
7 99 29
8 9 -5
8 11 -6
8 12 13
8 13 22
8 15 -8
8 17 -16
8 18 -25
8 23 -30
8 26 10
8 28 10
8 33 -5
8 40 -21
8 41 -31
8 42 30
8 47 16
8 48 -32
8 49 10
8 53 6
8 54 -18
8 61 -17
8 62 -2
8 70 9
8 71 -13
8 73 14
8 77 -17
8 78 29
8 79 30
8 83 -14
8 85 15
8 90 18
8 97 24
9 10 -14
9 11 17
9 17 12
9 18 -14
9 19 -27
9 20 30
9 24 -20
9 25 31
9 27 -17
9 28 4
9 29 -23
9 42 22
9 46 -20
9 47 28
9 62 3
9 63 19
9 66 23
9 69 18
9 82 -25
9 85 -11
9 86 -32
9 93 5
10 11 -6
10 17 -9
10 19 -10
10 21 3
10 22 -8
10 23 14
10 24 -27
10 26 -4
10 29 6
10 30 -4
10 31 -2
10 35 -13
10 39 -25
10 41 -22
10 44 25
10 45 -23
10 49 -15
10 50 -21
10 56 -20
10 58 31
10 65 -7
10 67 -29
10 70 -2
10 75 3
10 85 26
10 86 14
10 96 25
10 97 6
11 15 -14
11 16 -9
11 18 -28
11 20 30
11 22 -12
11 30 4
11 35 -17
11 38 10
11 42 -14
11 45 19
11 47 10
11 53 -23
11 60 13
11 66 -18
11 68 -30
11 71 4
11 77 -18
11 79 -23
11 81 5
11 85 -31
11 94 -27
11 95 -8
12 14 -24
12 15 5
12 16 -10
12 20 17
12 21 23
12 22 5
12 31 -21
12 32 22
12 38 27
12 39 16
12 49 22
12 50 -22
12 51 -2
12 56 -27
12 58 -23
12 62 -6
12 67 -16
12 78 -6
12 79 -14
12 82 20
12 86 -20
12 87 30
12 99 -8
13 14 17
13 19 4
13 20 -31
13 27 32
13 28 -25
13 30 -29
13 33 -11
13 34 -12
13 37 -18
13 42 -18
13 49 11
13 52 -19
13 54 19
13 57 -19
13 64 11
13 68 -11
13 71 14
14 17 18
14 27 -4
14 28 19
14 29 -23
14 52 2
14 55 -30
14 58 16
14 61 28
14 65 12
14 72 22
14 87 -19
14 88 25
14 91 11
15 16 -12
15 18 18
15 21 -18
15 23 27
15 32 12
15 37 25
15 40 -20
15 44 -19
15 45 23
15 53 15
15 55 11
15 89 26
15 92 -6
16 19 -29
16 21 -3
16 23 -20
16 30 -24
16 32 12
16 37 -9
16 81 17
16 94 -6
16 99 -21
17 22 24
17 24 2
17 29 26
17 35 17
17 36 -7
17 43 -24
17 46 -11
17 62 27
17 65 -30
18 31 -2
18 34 14
18 36 25
18 38 30
18 42 -27
18 56 14
18 72 -6
18 78 -2
18 80 -14
19 25 8
19 26 13
19 29 12
19 30 13
19 33 -13
19 52 -17
19 58 14
19 61 -4
19 65 11
19 66 29
19 73 12
19 74 -24
19 78 19
19 83 -16
19 92 12
19 98 26
20 22 7
20 36 15
20 39 -32
20 43 -24
20 51 -30
20 54 6
20 64 -32
20 69 -30
20 72 -17
20 75 -16
20 76 -7
20 78 21
20 84 -24
20 87 21
20 91 -15
20 96 -20
20 99 -6
21 44 -13
21 96 -14
22 23 29
22 24 -14
22 25 3
22 26 4
22 27 -6
22 31 -26
22 33 23
22 34 -4
22 38 -29
22 41 10
22 50 -28
22 59 14
22 67 -16
22 69 15
22 74 5
22 77 10
22 84 -23
22 88 11
22 94 -8
22 95 -16
23 25 -24
23 26 -12
23 27 -24
23 31 5
23 54 16
23 60 -10
23 82 8
24 27 -17
24 36 -16
24 51 -14
24 57 22
24 64 -4
24 77 -3
25 46 17
25 47 -13
25 74 7
25 83 -27
26 39 -27
26 41 22
26 45 -17
26 59 17
27 28 22
27 38 -6
27 47 -26
27 93 -14
28 67 -11
28 75 -29
29 35 -13
29 36 -16
29 44 -20
29 73 27
29 77 26
30 46 -10
30 60 10
30 62 6
30 73 7
30 86 -14
31 33 22
31 40 3
31 50 23
31 51 -2
31 53 29
31 59 -21
31 81 31
31 90 19
31 92 -8
31 98 11
32 34 -26
32 54 20
32 58 -18
32 67 31
32 74 12
32 76 -6
32 80 -29
32 92 -7
33 34 28
33 37 27
33 55 5
34 38 11
34 40 -11
34 66 -6
34 83 -10
34 88 28
36 41 25
36 43 32
36 50 -30
36 55 32
36 59 -24
36 61 3
36 63 -7
36 66 -17
36 68 -5
36 72 23
36 75 -24
36 76 -29
36 81 20
36 89 -19
36 94 28
36 96 20
37 58 -18
37 72 10
37 78 -17
37 90 -27
38 39 11
38 54 28
38 60 -12
38 90 -19
38 95 -4
39 52 13
39 56 10
39 65 -32
39 66 -8
39 68 -23
39 71 -19
39 76 8
40 44 16
40 48 10
40 79 -27
40 92 -27
40 97 -24
40 98 -27
41 57 -8
41 61 23
42 43 11
42 55 20
42 57 11
42 69 17
43 51 -6
43 53 2
44 52 18
44 57 -10
44 62 8
44 88 30
44 95 -29
44 99 9
45 60 -17
45 96 -5
46 48 -13
46 50 -26
46 93 -12
48 97 -32
49 51 -12
49 60 -2
49 61 13
49 84 13
50 63 16
51 71 11
51 87 -5
51 93 -13
51 96 -25
53 80 8
53 89 2
54 91 -2
56 63 20
56 76 -13
56 89 23
56 90 -7
56 94 -25
57 81 -12
58 68 30
58 74 31
58 76 19
60 86 2
60 89 6
61 77 -5
62 70 -22
63 67 -6
63 70 31
64 69 30
64 93 -14
65 70 -27
65 80 -26
67 88 2
67 92 -12
70 85 -3
70 94 -22
73 83 -29
73 89 31
74 99 -20
75 80 -17
75 81 -2
75 82 11
75 88 -7
75 98 25
78 91 28
81 91 -10
81 95 2
83 90 -3
84 87 -31
92 97 8
-1
-4502
