ba_100_6_16
100
-3
5
-13
4
15
15
-9
-2
3
-9
-9
3
-13
-15
6
14
14
-13
6
-3
15
10
15
4
-4
-5
-11
-6
-12
16
-4
-9
11
-7
-6
7
6
-11
3
14
-8
2
-15
-16
-15
-12
-8
7
-6
-13
5
-10
-2
-12
-15
-3
-4
-13
12
13
-16
-15
5
-12
-10
12
-4
4
-14
-16
11
-13
-9
7
-7
-10
7
2
2
4
2
2
4
-9
-16
11
-12
-3
6
5
-16
-3
-7
-15
5
2
-2
-13
-11
-14
0 1 -16
0 2 -14
0 3 -3
0 4 -13
0 5 -4
0 6 12
0 7 -11
0 8 13
0 9 -8
0 10 3
0 11 -5
0 12 -13
0 13 2
0 14 2
0 16 -15
0 19 -3
0 20 -10
0 23 2
0 25 -9
0 29 -8
0 31 7
0 34 13
0 35 -5
0 36 -5
0 37 2
0 39 -16
0 43 -16
0 46 8
0 49 -3
0 53 -16
0 55 5
0 56 -2
0 57 -7
0 64 -16
0 79 -16
0 87 5
0 98 7
1 7 -11
1 8 -16
1 9 -9
1 10 9
1 12 -10
1 13 -13
1 14 -10
1 16 -12
1 24 -11
1 28 -4
1 33 -3
1 44 15
1 48 -10
1 59 -15
1 63 2
1 64 5
1 68 5
1 72 11
1 80 10
1 84 -7
1 86 -3
2 11 -13
2 12 -4
2 40 6
2 41 -12
2 59 -5
2 71 4
3 7 8
3 25 -7
3 32 2
4 7 -3
4 8 15
4 9 4
4 10 16
4 13 -3
4 14 -4
4 18 -16
4 30 2
4 32 -15
4 40 2
4 47 6
4 48 -11
4 75 -9
4 79 -4
4 82 -2
4 83 6
4 85 -16
4 97 -10
5 7 5
5 8 7
5 10 7
5 15 -15
5 19 14
5 45 -10
5 70 6
5 84 -2
5 91 12
5 93 -13
6 7 8
6 8 -10
6 9 3
6 10 11
6 12 -11
6 13 -10
6 14 5
6 15 14
6 16 -10
6 17 5
6 21 -12
6 26 7
6 35 -15
6 37 16
6 45 5
6 46 -14
6 48 13
6 52 -2
6 56 -15
6 63 -6
6 65 -11
6 69 6
6 73 4
6 74 -16
6 84 12
7 8 3
7 9 -9
7 11 2
7 12 -11
7 13 -6
7 15 -9
7 17 -5
7 18 8
7 20 14
7 21 8
7 22 2
7 24 -13
7 32 14
7 42 -3
7 43 -16
7 49 10
7 64 -16
7 73 -13
7 75 3
7 82 -3
7 95 12
7 98 -7
7 99 -3
8 9 -7
8 11 -6
8 12 -11
8 13 6
8 15 9
8 17 -7
8 18 -5
8 23 -15
8 26 12
8 28 -5
8 33 -13
8 40 14
8 41 5
8 42 -13
8 47 -12
8 48 5
8 49 -16
8 53 15
8 54 3
8 61 -7
8 62 -6
8 70 -14
8 71 -6
8 73 7
8 77 -12
8 78 6
8 79 10
8 83 12
8 85 -12
8 90 -15
8 97 -10
9 10 -5
9 11 7
9 17 -14
9 18 2
9 19 12
9 20 14
9 24 4
9 25 -8
9 27 -6
9 28 4
9 29 -2
9 42 -3
9 46 -2
9 47 11
9 62 -2
9 63 -9
9 66 14
9 69 -11
9 82 4
9 85 -5
9 86 -14
9 93 -10
10 11 -7
10 17 -7
10 19 10
10 21 16
10 22 -4
10 23 -16
10 24 -13
10 26 -9
10 29 -12
10 30 13
10 31 10
10 35 -9
10 39 7
10 41 4
10 44 -8
10 45 -12
10 49 -13
10 50 13
10 56 6
10 58 8
10 65 14
10 67 -11
10 70 10
10 75 13
10 85 -3
10 86 2
10 96 -2
10 97 -4
11 15 5
11 16 -14
11 18 -3
11 20 -15
11 22 -13
11 30 10
11 35 6
11 38 -5
11 42 7
11 45 13
11 47 -16
11 53 -9
11 60 -13
11 66 -2
11 68 -12
11 71 -16
11 77 -5
11 79 15
11 81 14
11 85 -8
11 94 11
11 95 -4
12 14 16
12 15 7
12 16 15
12 20 -5
12 21 -5
12 22 14
12 31 12
12 32 8
12 38 -11
12 39 -7
12 49 14
12 50 2
12 51 -14
12 56 -6
12 58 -4
12 62 8
12 67 -10
12 78 -11
12 79 -15
12 82 15
12 86 3
12 87 -5
12 99 15
13 14 -16
13 19 -11
13 20 8
13 27 -12
13 28 -4
13 30 12
13 33 -10
13 34 12
13 37 -15
13 42 14
13 49 9
13 52 -8
13 54 -4
13 57 10
13 64 13
13 68 10
13 71 -14
14 17 4
14 27 11
14 28 -7
14 29 7
14 52 9
14 55 -2
14 58 2
14 61 -2
14 65 8
14 72 -4
14 87 16
14 88 -3
14 91 2
15 16 12
15 18 -12
15 21 -5
15 23 7
15 32 5
15 37 -9
15 40 7
15 44 14
15 45 7
15 53 -12
15 55 13
15 89 -10
15 92 -15
16 19 4
16 21 3
16 23 12
16 30 11
16 32 9
16 37 -11
16 81 9
16 94 -16
16 99 -10
17 22 4
17 24 16
17 29 -5
17 35 -8
17 36 -4
17 43 -3
17 46 9
17 62 -16
17 65 9
18 31 -3
18 34 15
18 36 11
18 38 -6
18 42 -8
18 56 -16
18 72 -16
18 78 13
18 80 15
19 25 -12
19 26 4
19 29 -2
19 30 -4
19 33 -4
19 52 12
19 58 -15
19 61 5
19 65 -3
19 66 -16
19 73 -14
19 74 -10
19 78 -14
19 83 9
19 92 11
19 98 -2
20 22 -3
20 36 11
20 39 12
20 43 9
20 51 -2
20 54 12
20 64 -13
20 69 -8
20 72 5
20 75 -4
20 76 -16
20 78 10
20 84 2
20 87 -8
20 91 15
20 96 -3
20 99 -3
21 44 16
21 96 -6
22 23 9
22 24 -9
22 25 -2
22 26 -2
22 27 -6
22 31 -10
22 33 -8
22 34 6
22 38 7
22 41 13
22 50 7
22 59 5
22 67 -13
22 69 13
22 74 4
22 77 -3
22 84 8
22 88 10
22 94 3
22 95 -2
23 25 7
23 26 -5
23 27 -13
23 31 -13
23 54 5
23 60 -12
23 82 5
24 27 15
24 36 2
24 51 -6
24 57 2
24 64 4
24 77 -11
25 46 3
25 47 15
25 74 11
25 83 -11
26 39 11
26 41 4
26 45 -3
26 59 -8
27 28 -5
27 38 -3
27 47 10
27 93 12
28 67 -10
28 75 -9
29 35 -15
29 36 -8
29 44 -6
29 73 10
29 77 11
30 46 -9
30 60 -12
30 62 -4
30 73 -5
30 86 11
31 33 -14
31 40 -5
31 50 -6
31 51 -9
31 53 10
31 59 15
31 81 3
31 90 6
31 92 -9
31 98 9
32 34 13
32 54 -6
32 58 -14
32 67 14
32 74 15
32 76 15
32 80 -8
32 92 -15
33 34 2
33 37 10
33 55 7
34 38 -7
34 40 -7
34 66 -3
34 83 14
34 88 9
36 41 7
36 43 3
36 50 -15
36 55 -15
36 59 13
36 61 9
36 63 -14
36 66 9
36 68 -8
36 72 -14
36 75 7
36 76 -4
36 81 11
36 89 6
36 94 13
36 96 -14
37 58 5
37 72 5
37 78 8
37 90 -12
38 39 15
38 54 -3
38 60 -9
38 90 -7
38 95 -11
39 52 8
39 56 10
39 65 12
39 66 -11
39 68 8
39 71 8
39 76 11
40 44 5
40 48 9
40 79 11
40 92 9
40 97 9
40 98 14
41 57 12
41 61 -2
42 43 -13
42 55 -12
42 57 -10
42 69 7
43 51 -5
43 53 -12
44 52 3
44 57 -10
44 62 -7
44 88 3
44 95 -14
44 99 -13
45 60 -7
45 96 -8
46 48 4
46 50 14
46 93 -3
48 97 7
49 51 -15
49 60 4
49 61 11
49 84 12
50 63 9
51 71 -5
51 87 14
51 93 -2
51 96 -3
53 80 -13
53 89 11
54 91 5
56 63 -9
56 76 -10
56 89 6
56 90 -12
56 94 16
57 81 13
58 68 -7
58 74 -13
58 76 7
60 86 2
60 89 16
61 77 13
62 70 15
63 67 -3
63 70 -12
64 69 10
64 93 13
65 70 9
65 80 15
67 88 14
67 92 -11
70 85 5
70 94 -8
73 83 -16
73 89 16
74 99 3
75 80 -3
75 81 -15
75 82 -9
75 88 -4
75 98 4
78 91 -5
81 91 -4
81 95 -7
83 90 2
84 87 7
92 97 12
-1
-2556
