ba_100_10_4
100
2
4
-3
2
-4
-4
-2
-3
2
4
2
-2
4
-2
-2
-3
3
-3
-4
-3
3
-4
3
2
4
4
-3
4
-4
3
-3
-3
-4
3
-2
-2
-3
2
-3
-2
2
3
-2
-4
-3
2
4
-2
2
4
-3
-3
-3
4
-3
4
-2
-2
2
-4
3
-2
-3
4
4
-2
-2
-4
3
2
3
3
4
-3
4
4
3
-4
-2
4
4
-4
-4
4
2
-4
-3
-3
3
-4
4
-3
4
3
3
3
-4
3
-2
-4
0 1 -4
0 2 -2
0 3 2
0 4 3
0 5 -2
0 6 -4
0 7 -2
0 8 3
0 9 3
0 10 2
0 11 -3
0 12 4
0 13 -3
0 14 -2
0 15 -4
0 17 4
0 18 2
0 20 4
0 21 -4
0 22 4
0 24 3
0 27 4
0 28 -4
0 32 -2
0 33 -4
0 34 -3
0 37 3
0 38 -4
0 44 2
0 45 2
0 50 -2
0 52 -4
0 54 4
0 57 -4
0 63 -2
0 67 2
0 69 -4
0 71 2
0 75 -3
0 82 4
0 83 -2
0 84 4
0 87 4
0 90 -4
0 92 3
0 97 -4
1 11 -2
1 12 -4
1 13 -2
1 14 -2
1 15 4
1 19 3
1 20 -4
1 23 4
1 24 -2
1 25 -3
1 26 -4
1 29 3
1 33 -3
1 35 -4
1 37 4
1 42 2
1 53 4
1 56 -3
1 57 -4
1 59 2
1 66 -4
1 68 3
1 72 -2
1 79 -3
1 86 4
2 11 -2
2 13 -2
2 14 4
2 15 4
2 16 -4
2 17 2
2 18 -4
2 20 -3
2 22 -3
2 27 2
2 31 3
2 34 2
2 37 4
2 38 4
2 39 -2
2 41 3
2 47 -2
2 56 4
2 57 -2
2 72 -4
2 73 -3
2 83 -2
2 84 -2
2 93 4
2 95 3
3 11 -4
3 12 2
3 18 -2
3 44 3
3 57 3
3 59 -4
3 60 -3
3 73 3
3 74 -2
3 80 -3
3 87 2
3 94 3
4 11 -2
4 12 2
4 13 2
4 14 -2
4 17 3
4 18 2
4 20 3
4 23 -2
4 26 4
4 29 4
4 32 3
4 33 -2
4 36 -4
4 39 3
4 40 -2
4 44 3
4 45 2
4 46 2
4 52 2
4 83 3
4 97 -3
4 99 -2
5 11 -3
5 13 2
5 14 -3
5 15 -2
5 20 3
5 21 2
5 23 -4
5 29 -3
5 32 -3
5 39 -3
5 45 -2
5 48 -3
5 61 2
5 63 2
5 67 2
5 99 -3
6 12 -2
6 16 2
6 18 -2
6 36 -3
6 41 -3
6 43 -2
6 44 3
6 50 -4
6 86 -3
6 89 -2
6 90 -4
6 96 -2
7 11 4
7 12 -3
7 13 2
7 15 4
7 16 2
7 17 -3
7 19 -4
7 21 2
7 22 -4
7 24 -2
7 30 2
7 40 -4
7 49 4
7 53 2
7 59 2
7 88 4
7 91 -3
7 95 -2
7 96 2
8 11 -2
8 12 -4
8 15 -3
8 16 -2
8 17 4
8 19 -2
8 23 2
8 28 -4
8 29 -2
8 30 3
8 31 2
8 35 2
8 36 3
8 40 2
8 42 -2
8 43 4
8 44 4
8 54 2
8 55 -2
8 62 -3
8 63 2
8 76 4
8 77 2
8 99 4
9 11 2
9 12 2
9 13 3
9 14 -4
9 15 3
9 16 -2
9 17 -3
9 19 -4
9 20 4
9 21 4
9 24 -4
9 25 -3
9 26 -4
9 29 -2
9 31 3
9 32 -2
9 35 4
9 38 -3
9 39 -4
9 45 2
9 49 -3
9 51 -3
9 52 -4
9 55 4
9 56 -2
9 61 4
9 65 -3
9 67 -3
9 69 4
9 72 -3
9 77 -3
9 80 4
9 81 -3
9 86 -3
9 88 -3
9 89 4
9 96 4
9 97 -4
10 11 3
10 12 4
10 13 2
10 14 -3
10 16 -4
10 18 -3
10 19 2
10 23 4
10 28 3
10 32 -4
10 34 -4
10 35 4
10 40 3
10 52 4
10 56 2
10 79 4
10 81 2
10 84 2
10 89 -2
10 93 3
10 95 -2
11 12 2
11 13 -3
11 14 3
11 15 2
11 16 3
11 17 -3
11 21 3
11 24 -3
11 25 -2
11 26 2
11 27 -4
11 30 -4
11 34 2
11 36 -3
11 37 -3
11 38 -3
11 40 2
11 41 3
11 42 4
11 47 -3
11 50 -3
11 53 4
11 57 -3
11 59 4
11 64 2
11 65 -4
11 66 3
11 76 4
11 77 -2
11 87 4
11 88 -4
11 91 4
11 92 4
11 98 2
12 13 4
12 14 2
12 15 4
12 16 -2
12 17 -4
12 18 3
12 19 3
12 21 4
12 22 3
12 23 2
12 24 4
12 25 -3
12 26 -2
12 27 2
12 28 4
12 29 -3
12 34 2
12 38 -4
12 39 2
12 41 -2
12 42 3
12 43 -4
12 44 -2
12 45 2
12 47 -2
12 48 2
12 49 -4
12 51 4
12 55 4
12 57 -3
12 58 -4
12 59 -4
12 61 2
12 65 3
12 67 -3
12 68 -2
12 69 -3
12 75 4
12 76 2
12 80 -3
12 87 4
12 89 3
12 91 -4
12 94 -3
12 95 -3
12 98 -3
13 14 4
13 16 -2
13 17 3
13 18 -4
13 19 2
13 20 -3
13 22 -4
13 24 -3
13 27 2
13 28 -4
13 30 2
13 31 2
13 33 4
13 36 2
13 37 -3
13 39 2
13 41 -2
13 43 -4
13 54 3
13 55 -4
13 61 4
13 75 2
13 79 -3
13 81 -4
13 88 -4
13 90 4
13 93 4
13 97 -3
14 15 3
14 16 3
14 17 4
14 18 4
14 19 -4
14 20 3
14 21 2
14 22 4
14 23 -3
14 25 -2
14 27 3
14 29 2
14 32 -2
14 35 -3
14 44 -2
14 48 3
14 50 3
14 51 -2
14 56 3
14 57 -3
14 58 2
14 70 -3
14 75 3
14 83 2
14 86 -3
14 88 2
14 89 3
14 91 -4
15 22 3
15 34 -4
15 37 -2
15 51 3
15 53 -3
15 60 -3
15 66 2
15 75 -3
15 88 3
15 96 2
15 97 -3
16 18 4
16 19 2
16 21 -4
16 25 -2
16 27 -4
16 28 -4
16 31 4
16 37 3
16 39 -4
16 42 3
16 81 3
16 82 3
16 83 -4
16 91 4
17 20 2
17 21 -2
17 22 -2
17 23 4
17 28 2
17 29 3
17 30 4
17 31 3
17 34 3
17 35 4
17 39 2
17 40 3
17 42 4
17 43 -2
17 44 -4
17 48 -3
17 49 -2
17 51 -3
17 52 2
17 58 2
17 60 -4
17 63 2
17 64 4
17 65 2
17 78 -4
17 79 2
17 80 -3
17 83 3
17 92 4
17 94 -4
17 98 2
18 19 4
18 21 2
18 22 -3
18 23 -3
18 24 -4
18 26 3
18 33 -4
18 37 -3
18 39 -2
18 42 4
18 44 2
18 45 -4
18 47 2
18 49 -2
18 50 -4
18 61 -3
18 62 3
18 73 -4
18 76 4
19 20 3
19 22 -3
19 26 -4
19 31 -2
19 35 2
19 50 -3
19 54 -3
19 55 -4
19 58 -2
19 62 3
19 66 3
19 68 2
19 73 3
19 74 3
19 85 -3
19 86 -3
19 92 -2
20 24 -2
20 25 3
20 26 2
20 32 4
20 33 -2
20 34 3
20 43 4
20 62 -3
20 64 -3
20 66 -3
20 72 2
20 99 -2
21 24 -3
21 26 -4
21 29 3
21 33 -2
21 35 -3
21 36 4
21 40 -2
21 48 -3
21 49 -2
21 51 2
21 58 -4
21 63 -4
21 85 3
21 90 -2
22 23 -4
22 25 -3
22 26 3
22 27 4
22 37 3
22 38 2
22 46 -2
22 51 2
22 52 -4
22 54 4
22 56 -3
22 65 -4
22 69 -2
22 73 4
22 74 4
22 79 2
22 82 -3
22 85 -4
22 91 -3
22 97 4
22 98 -2
23 25 -2
23 28 2
23 30 4
23 38 2
23 41 3
23 43 2
23 45 2
23 48 3
23 53 3
23 58 2
23 63 -3
23 72 -3
23 74 -3
23 86 -2
23 88 4
23 91 2
23 93 2
23 96 -4
24 25 3
24 27 -3
24 32 2
24 34 3
24 36 -4
24 40 4
24 41 3
24 42 -3
24 45 4
24 70 4
24 71 -4
24 74 -3
24 75 2
24 82 -2
24 95 -3
24 98 3
25 28 4
25 30 -2
25 31 -2
25 32 4
25 33 3
25 43 2
25 46 2
25 47 2
25 54 3
25 59 2
25 61 3
25 62 3
25 68 -3
25 72 -3
25 79 -3
25 84 -4
25 93 3
25 96 2
25 99 3
26 27 -2
26 28 -3
26 30 4
26 31 -4
26 33 2
26 41 -2
26 47 2
26 50 4
26 59 3
26 62 -4
26 65 3
26 66 4
26 70 2
26 79 -3
26 83 -2
26 87 2
26 92 -2
27 31 3
27 33 4
27 34 -2
27 36 -2
27 37 3
27 40 4
27 53 -2
27 55 -3
27 73 3
27 81 -3
27 82 -4
27 84 3
27 89 2
28 29 -2
28 30 2
28 35 -2
28 40 4
28 41 -2
28 46 -4
28 48 -4
28 53 -4
28 54 4
28 56 3
28 65 4
28 67 -2
28 77 2
28 79 2
28 83 2
28 93 2
29 30 4
29 32 3
29 35 -4
29 46 -4
29 61 4
29 64 -3
29 65 -2
29 68 -4
29 69 -2
29 70 3
29 74 -4
30 42 3
30 50 4
30 52 4
30 53 3
30 62 -4
30 68 3
30 76 -4
30 80 2
30 84 4
30 87 4
30 97 -3
31 36 -2
31 45 -3
31 47 -2
31 50 -4
31 52 -3
31 56 4
31 61 -4
31 71 -4
31 96 -4
31 98 -4
32 48 -4
32 49 -3
32 60 -3
32 61 3
32 62 2
32 77 4
32 85 4
32 94 3
33 38 3
33 46 -3
33 55 4
33 57 -4
33 58 -4
33 64 -4
33 72 -2
33 73 -3
33 78 -4
33 80 -2
33 95 2
33 99 -3
34 38 3
34 42 4
34 43 2
34 46 3
34 47 3
34 57 -3
34 58 -2
34 59 -2
34 75 -3
34 77 2
34 79 -3
34 81 -3
34 82 -3
34 91 -4
34 98 3
35 36 -4
35 41 4
35 50 -3
35 54 -4
35 56 4
35 58 3
35 63 2
35 67 -4
35 77 -4
35 94 4
36 38 -2
36 44 -3
36 48 -3
36 52 4
36 59 -4
36 60 -4
36 68 2
36 70 -4
36 71 -2
36 81 -2
36 82 -2
36 90 4
37 39 -4
37 46 -2
37 47 -4
37 51 -2
37 52 2
37 57 3
37 60 -4
37 66 2
37 69 -4
37 72 -3
37 76 4
37 80 -2
38 43 2
38 46 3
38 67 -4
39 46 4
39 47 2
39 54 -2
39 59 2
39 66 2
39 69 -2
39 70 -2
39 71 4
39 87 4
39 89 2
39 93 4
40 51 3
40 61 -4
40 71 2
40 85 -3
40 94 3
41 78 -2
41 90 -4
42 45 -4
42 54 3
42 80 -2
42 94 -4
43 49 4
43 60 -4
43 63 -3
43 64 2
43 68 -3
43 80 -4
43 87 -4
43 90 3
44 48 -2
44 51 -3
44 53 2
44 56 4
44 64 -3
44 78 -3
44 85 3
44 95 -4
45 53 -4
45 58 -3
45 65 2
45 73 3
45 93 -4
45 99 -2
47 49 -3
47 55 -3
47 62 3
47 67 4
47 71 -2
47 73 -2
47 78 3
48 49 3
48 62 -4
48 67 2
48 83 3
48 84 3
48 92 -2
48 99 3
49 74 3
49 95 -4
50 76 4
50 95 4
50 97 3
51 55 -4
51 60 2
51 63 -2
51 69 2
51 82 2
51 88 -4
51 97 -2
52 55 4
52 64 4
52 66 -3
52 71 3
52 94 2
53 72 -3
53 74 -4
53 84 4
53 88 2
53 92 -3
54 71 2
54 76 -3
54 82 -3
54 90 -3
55 60 -3
55 78 -4
56 64 -4
56 66 -3
56 70 2
56 74 -3
56 75 2
56 77 3
56 94 -3
56 98 -3
57 63 2
57 72 3
57 84 2
58 69 4
58 81 -3
59 60 4
59 75 3
59 77 -4
60 65 -3
60 67 -2
60 78 -2
60 81 -4
61 84 3
61 85 4
61 87 -2
61 92 -4
62 64 -4
62 69 -4
62 86 -4
62 95 4
63 71 -3
63 76 2
64 68 -2
64 80 -2
64 92 -3
65 68 -3
65 86 3
65 88 -4
66 70 -4
68 70 3
68 89 4
69 70 2
69 93 -3
69 96 -3
69 98 -2
70 73 2
70 74 4
70 75 -4
70 78 4
70 81 4
70 91 -3
73 89 4
74 78 -2
74 89 -2
74 90 3
75 76 2
75 77 -2
75 78 2
75 79 -3
75 94 4
75 96 -2
75 97 -4
76 82 -2
76 85 -4
77 83 -3
77 85 -3
77 96 -3
78 99 4
81 87 -4
81 98 -4
82 86 3
83 85 -2
84 90 2
85 86 4
89 91 -3
91 92 -2
91 93 -2
92 99 2
-1
-1002
