ba_100_8_4
100
-3
-3
3
-3
-3
-3
-4
-3
-2
-2
-4
-3
3
-4
-3
-4
-3
2
-2
3
-3
-4
3
-2
-2
-4
-2
2
2
-2
2
2
4
-3
2
-3
3
2
4
3
-2
3
4
-4
4
3
-4
-2
3
-2
-4
-4
4
4
-4
-2
-2
4
-3
3
-2
-4
-3
3
3
3
-4
-3
4
-3
4
3
4
3
2
-3
4
4
-3
4
3
2
-3
4
-3
2
-4
3
-3
-3
-4
-4
-4
-3
2
-2
3
3
-4
-2
0 1 -3
0 2 2
0 3 -2
0 4 3
0 5 4
0 6 4
0 7 -4
0 8 -4
0 9 -4
0 10 -4
0 11 -2
0 12 -4
0 13 4
0 15 -2
0 16 -2
0 17 -4
0 21 -3
0 22 3
0 23 4
0 25 -2
0 26 -2
0 28 4
0 31 -2
0 37 -3
0 45 2
0 48 -4
0 50 3
0 56 -4
0 58 4
0 65 4
0 69 2
0 70 -2
0 71 -2
0 78 4
0 84 -3
0 92 4
0 95 -4
0 99 3
1 9 4
1 10 2
1 11 -4
1 13 4
1 15 3
1 19 2
1 21 4
1 22 3
1 23 -2
1 27 3
1 40 -4
1 41 -3
1 44 2
1 49 -4
1 58 -2
1 62 -3
1 71 -4
1 72 3
1 85 3
1 93 4
2 9 4
2 10 3
2 11 2
2 13 -3
2 17 4
2 18 3
2 24 -4
2 32 2
2 37 2
2 39 -4
2 46 -2
2 47 3
2 53 4
2 55 -3
2 57 2
2 60 4
2 67 -3
2 78 3
2 94 -3
3 9 -3
3 10 -4
3 11 2
3 12 4
3 14 4
3 15 -2
3 16 2
3 28 3
3 31 4
3 41 -3
3 49 -4
3 50 4
3 51 2
3 52 -2
3 61 -3
3 67 -3
3 78 -2
3 84 2
3 92 3
3 99 -3
4 9 -4
4 11 -4
4 14 3
4 30 2
4 40 -4
4 96 -3
5 9 4
5 10 3
5 12 -4
5 14 4
5 18 -3
5 36 3
5 56 2
5 61 2
5 87 3
5 88 4
5 92 -3
5 95 3
6 9 2
6 10 -4
6 12 4
6 14 2
6 16 -3
6 20 -2
6 25 2
6 35 4
6 38 3
6 40 -4
6 47 2
6 51 4
6 61 -2
6 62 2
6 96 -3
7 9 -3
7 11 -4
7 13 -2
7 17 2
7 27 2
7 32 3
7 38 -3
7 42 3
7 46 2
7 49 -2
7 56 -3
7 62 -2
7 68 -4
7 72 -2
7 73 -4
7 75 -3
7 85 2
7 96 3
8 10 3
8 12 -2
8 13 4
8 14 2
8 17 -3
8 20 4
8 23 4
8 25 4
8 26 4
8 30 -3
8 35 3
8 39 3
8 42 3
8 43 -2
8 47 -3
8 58 -3
8 75 -4
8 92 3
9 10 2
9 11 -2
9 12 2
9 13 -2
9 14 4
9 15 2
9 16 3
9 18 -3
9 19 -2
9 20 -4
9 23 -3
9 24 2
9 25 2
9 28 3
9 30 -2
9 32 3
9 36 -4
9 42 3
9 45 3
9 46 -2
9 47 3
9 51 4
9 63 -3
9 68 3
9 73 4
9 76 3
9 77 -2
9 78 2
9 83 3
9 90 4
9 94 3
10 11 3
10 12 -4
10 13 -2
10 14 -2
10 15 4
10 16 -2
10 17 -4
10 18 -3
10 19 4
10 20 -3
10 21 2
10 24 2
10 25 4
10 27 -4
10 29 2
10 31 -3
10 32 3
10 33 3
10 34 2
10 36 3
10 37 -2
10 38 4
10 41 3
10 42 -3
10 43 -3
10 44 -4
10 45 -4
10 46 3
10 48 4
10 49 -4
10 55 -4
10 56 2
10 57 -2
10 60 -4
10 61 3
10 65 4
10 66 4
10 71 4
10 74 -4
10 76 3
10 77 -4
10 80 -2
10 86 2
10 87 -4
10 89 -4
10 91 4
10 92 3
10 93 4
10 97 -2
10 98 2
10 99 -3
11 12 -4
11 13 2
11 14 2
11 15 -2
11 18 2
11 19 -2
11 24 3
11 25 -4
11 26 4
11 28 -2
11 33 -4
11 35 4
11 37 2
11 41 -4
11 43 4
11 44 -2
11 47 2
11 48 -4
11 52 -2
11 53 -3
11 57 3
11 60 4
11 67 4
11 72 -2
11 87 -4
11 89 -2
11 94 3
11 96 4
12 15 -3
12 16 2
12 17 2
12 19 -4
12 20 3
12 29 2
12 34 3
12 36 2
12 43 3
12 53 -3
12 59 4
12 68 -3
12 71 -3
12 77 2
12 82 -2
12 88 2
12 92 2
13 15 3
13 16 -2
13 18 3
13 19 -3
13 21 4
13 22 -4
13 23 3
13 27 3
13 29 -2
13 32 -2
13 42 -2
13 52 -2
13 53 -4
13 58 -3
13 63 -4
13 67 -2
13 68 -4
13 69 4
13 79 2
13 90 2
14 16 2
14 17 2
14 18 -2
14 20 2
14 21 -3
14 22 3
14 25 -3
14 26 2
14 29 4
14 33 3
14 37 -2
14 40 -4
14 43 -2
14 45 3
14 52 4
14 58 4
14 59 -2
14 69 -2
14 72 -4
14 75 -2
14 79 -2
14 80 4
14 81 -2
14 85 -4
14 86 -3
14 95 -4
14 98 4
15 19 -4
15 33 4
15 44 2
15 54 -2
15 60 3
15 82 4
15 87 2
15 89 3
16 17 -4
16 18 3
16 21 -2
16 22 4
16 23 2
16 26 3
16 29 2
16 33 3
16 37 -2
16 38 -4
16 39 4
16 41 -2
16 46 -4
16 50 -4
16 60 4
16 67 -3
16 73 2
16 74 2
16 79 -4
16 81 3
16 90 2
16 93 -4
16 99 3
17 20 2
17 26 -3
17 27 -4
17 28 -4
17 29 -3
17 32 2
17 44 4
17 46 4
17 53 -3
17 55 3
17 56 2
17 57 -3
17 65 2
17 66 -4
17 67 2
17 69 2
17 74 -2
17 76 -2
17 88 -3
17 89 -3
17 94 -2
17 95 -2
17 98 -2
18 19 -4
18 20 2
18 21 -4
18 24 4
18 30 -2
18 31 -2
18 38 -2
18 39 -4
18 40 -3
18 48 -4
18 50 2
18 52 3
18 59 -4
18 64 -2
18 69 4
18 75 -3
18 77 -2
18 81 -4
18 98 4
19 22 -2
19 23 -2
19 25 -2
19 26 -2
19 32 -3
19 34 4
19 35 -2
19 45 -2
19 54 2
19 62 -3
19 75 -3
19 78 -2
19 85 4
19 86 -2
19 90 3
19 95 -4
20 21 -2
20 22 2
20 23 -2
20 27 2
20 29 -4
20 30 3
20 31 4
20 34 -3
20 35 4
20 37 -2
20 38 -2
20 41 3
20 48 -2
20 50 3
20 51 2
20 53 -3
20 54 4
20 55 -4
20 57 3
20 59 4
20 60 3
20 61 4
20 62 -3
20 63 -2
20 64 3
20 68 4
20 71 4
20 74 -2
20 76 2
20 89 -3
21 22 -2
21 24 4
21 27 -4
21 30 2
21 31 2
21 34 3
21 36 4
21 41 -2
21 43 -4
21 45 4
21 51 2
21 52 2
21 64 4
21 69 -3
21 72 2
21 79 -4
21 81 3
21 85 3
21 88 2
21 91 -3
21 97 -2
22 24 -2
22 33 -2
22 36 4
22 39 3
22 42 4
22 51 -4
22 55 -4
22 63 2
23 24 3
23 27 3
23 34 4
23 35 -2
23 40 -4
23 47 -3
23 48 3
23 52 -2
23 54 -3
23 61 -2
23 66 2
23 72 3
23 73 2
23 74 -4
23 82 3
23 84 -4
24 26 -3
24 28 4
24 33 3
24 36 -4
24 38 2
24 39 -3
24 42 2
24 46 -2
24 47 3
24 48 -2
24 54 2
24 60 -3
24 64 -4
24 66 -4
24 84 3
24 93 3
25 28 2
25 43 -2
25 59 3
25 63 -4
25 83 3
25 91 -3
25 94 2
26 31 -2
26 35 3
26 36 -3
26 38 -4
26 44 -2
26 53 2
26 55 -2
26 62 -4
26 64 -2
26 85 -4
26 88 -3
26 91 2
27 28 -4
27 29 -2
27 30 -4
27 31 4
27 34 -3
27 35 -2
27 39 -2
27 46 3
27 48 3
27 50 -3
27 52 2
27 56 4
27 57 3
27 58 -4
27 66 -3
27 67 -4
27 71 2
27 77 2
27 90 3
27 91 -3
27 93 4
27 96 -4
28 32 -2
28 58 -4
28 64 3
28 70 2
28 73 -3
29 30 -4
29 33 -3
29 42 4
29 50 -4
29 53 -2
29 82 -2
29 90 4
29 99 2
30 56 3
30 85 4
30 98 4
31 41 2
31 51 3
31 56 4
31 60 4
31 67 2
31 75 -3
31 76 2
32 34 4
32 37 2
32 49 4
32 66 -4
32 72 -4
32 77 3
32 79 -4
33 45 -4
33 54 3
33 57 2
33 74 2
34 44 4
34 59 2
34 68 -4
34 81 4
34 84 -2
35 40 4
35 80 4
35 83 4
35 84 -3
35 92 3
36 66 -4
36 77 3
36 97 -4
37 49 -4
37 62 4
37 63 4
37 70 -3
37 73 -4
38 39 -4
38 40 -2
38 44 -3
38 63 -3
38 64 4
38 65 -4
38 82 4
38 87 4
38 89 4
38 92 -3
39 90 4
39 99 -2
40 47 3
40 54 -3
40 61 3
40 74 3
41 43 -2
41 51 3
41 61 2
41 64 -3
41 80 -4
41 81 2
41 94 2
42 55 -2
42 70 -2
42 83 -4
42 86 -2
42 88 -2
42 89 4
42 91 2
43 45 -4
43 49 -4
43 65 -2
43 70 4
44 49 4
44 50 -3
44 59 2
44 65 -3
44 72 -4
44 74 4
44 78 3
45 57 -4
46 70 4
46 83 -4
46 87 -3
46 96 3
47 88 -3
48 93 -2
49 55 -4
49 59 -2
49 77 4
49 82 -2
50 58 -2
50 65 -3
50 66 3
50 99 -4
51 54 3
51 78 -4
51 88 -4
51 97 -3
52 63 -3
52 69 3
52 70 3
52 73 -4
52 83 4
54 62 2
54 71 2
54 79 2
54 80 -3
54 82 -2
54 95 4
55 76 -3
57 83 2
58 68 -2
58 69 -3
59 65 3
59 70 -2
59 87 -3
60 71 -2
60 75 4
60 80 4
60 97 4
61 73 3
62 84 -4
62 95 3
63 68 -3
63 86 4
63 94 2
64 83 -3
65 76 -2
65 98 -3
66 75 -4
66 79 -3
66 82 -2
66 86 2
67 81 2
67 91 -2
67 96 -3
67 97 -4
68 93 -3
69 80 3
69 86 -4
70 79 4
70 84 -2
71 76 3
71 81 4
72 96 -4
72 97 -4
73 78 2
73 98 -2
73 99 3
75 86 3
75 87 2
77 98 -2
78 80 -3
79 93 -2
83 85 3
86 91 -2
88 89 -2
89 90 -3
91 94 2
92 95 3
92 97 4
-1
-879
