ba_100_6_4
100
3
2
-3
-2
-4
2
2
3
-2
4
4
2
-4
-3
-4
3
-4
4
-2
-3
-4
2
-3
4
2
-4
2
-3
3
2
2
-3
4
-4
4
-4
4
-3
-4
-2
4
4
4
2
-4
-3
3
-2
2
4
4
-3
4
2
3
-3
-2
4
2
4
3
-3
-3
-4
4
3
2
4
-3
-2
3
-3
2
-3
-4
2
-4
-2
-3
4
-4
-2
-4
-3
-2
4
-3
-2
3
-2
3
-4
-3
-3
-4
-3
3
-3
-2
2
0 1 3
0 2 3
0 3 -2
0 4 2
0 5 -2
0 6 2
0 7 2
0 8 -2
0 9 2
0 10 -2
0 11 2
0 12 -2
0 13 2
0 14 3
0 16 4
0 19 -4
0 20 4
0 23 -2
0 25 4
0 29 4
0 31 4
0 34 -2
0 35 2
0 36 4
0 37 4
0 39 4
0 43 -3
0 46 2
0 49 4
0 53 4
0 55 2
0 56 2
0 57 -4
0 64 3
0 79 3
0 87 -2
0 98 -3
1 7 -4
1 8 3
1 9 3
1 10 -4
1 12 4
1 13 4
1 14 4
1 16 -4
1 24 4
1 28 -4
1 33 2
1 44 4
1 48 -2
1 59 2
1 63 2
1 64 -3
1 68 3
1 72 3
1 80 -2
1 84 4
1 86 -3
2 11 4
2 12 2
2 40 -2
2 41 2
2 59 -4
2 71 2
3 7 3
3 25 -3
3 32 2
4 7 -3
4 8 2
4 9 4
4 10 2
4 13 4
4 14 4
4 18 4
4 30 4
4 32 -3
4 40 -2
4 47 4
4 48 -2
4 75 3
4 79 -2
4 82 2
4 83 3
4 85 3
4 97 3
5 7 2
5 8 -4
5 10 -2
5 15 -3
5 19 -3
5 45 3
5 70 -3
5 84 -2
5 91 4
5 93 -4
6 7 4
6 8 4
6 9 -3
6 10 2
6 12 -4
6 13 4
6 14 4
6 15 -3
6 16 -2
6 17 -2
6 21 -4
6 26 -2
6 35 -2
6 37 3
6 45 -2
6 46 2
6 48 2
6 52 -2
6 56 2
6 63 -2
6 65 4
6 69 2
6 73 -4
6 74 4
6 84 -3
7 8 4
7 9 3
7 11 -4
7 12 -3
7 13 3
7 15 -3
7 17 2
7 18 -3
7 20 3
7 21 2
7 22 -2
7 24 4
7 32 -4
7 42 4
7 43 -3
7 49 -4
7 64 2
7 73 3
7 75 2
7 82 4
7 95 -4
7 98 -2
7 99 -3
8 9 -3
8 11 2
8 12 3
8 13 3
8 15 3
8 17 -3
8 18 -4
8 23 4
8 26 -3
8 28 -3
8 33 -4
8 40 -4
8 41 -4
8 42 -3
8 47 2
8 48 4
8 49 -3
8 53 3
8 54 4
8 61 4
8 62 -4
8 70 2
8 71 -2
8 73 -2
8 77 -3
8 78 -2
8 79 3
8 83 -4
8 85 4
8 90 3
8 97 -4
9 10 -2
9 11 -4
9 17 -3
9 18 3
9 19 -4
9 20 -4
9 24 -2
9 25 -2
9 27 3
9 28 -2
9 29 2
9 42 3
9 46 3
9 47 -3
9 62 -4
9 63 4
9 66 4
9 69 3
9 82 -3
9 85 4
9 86 3
9 93 -4
10 11 -3
10 17 2
10 19 -4
10 21 2
10 22 3
10 23 4
10 24 4
10 26 -3
10 29 3
10 30 -3
10 31 4
10 35 3
10 39 -2
10 41 2
10 44 -3
10 45 2
10 49 -2
10 50 2
10 56 3
10 58 -4
10 65 4
10 67 2
10 70 -3
10 75 4
10 85 4
10 86 -4
10 96 4
10 97 -4
11 15 -2
11 16 -2
11 18 -4
11 20 -2
11 22 3
11 30 -2
11 35 4
11 38 4
11 42 -4
11 45 -3
11 47 3
11 53 -2
11 60 -3
11 66 4
11 68 -4
11 71 -4
11 77 -4
11 79 4
11 81 2
11 85 -4
11 94 3
11 95 -3
12 14 2
12 15 -2
12 16 3
12 20 -4
12 21 -2
12 22 4
12 31 3
12 32 -2
12 38 2
12 39 -4
12 49 2
12 50 -2
12 51 -3
12 56 4
12 58 2
12 62 -3
12 67 -2
12 78 3
12 79 3
12 82 -3
12 86 -2
12 87 2
12 99 -3
13 14 4
13 19 2
13 20 -2
13 27 4
13 28 -3
13 30 3
13 33 4
13 34 2
13 37 2
13 42 3
13 49 2
13 52 -4
13 54 3
13 57 -2
13 64 -4
13 68 4
13 71 4
14 17 2
14 27 -2
14 28 -4
14 29 2
14 52 4
14 55 -3
14 58 -2
14 61 2
14 65 -4
14 72 2
14 87 4
14 88 -2
14 91 4
15 16 -2
15 18 -3
15 21 -2
15 23 -2
15 32 2
15 37 4
15 40 4
15 44 4
15 45 -3
15 53 -2
15 55 4
15 89 -2
15 92 -2
16 19 2
16 21 -3
16 23 2
16 30 4
16 32 2
16 37 3
16 81 -3
16 94 4
16 99 4
17 22 -3
17 24 4
17 29 4
17 35 -4
17 36 4
17 43 4
17 46 3
17 62 2
17 65 -2
18 31 3
18 34 4
18 36 -3
18 38 3
18 42 -2
18 56 3
18 72 -3
18 78 2
18 80 -4
19 25 -3
19 26 3
19 29 4
19 30 4
19 33 2
19 52 -3
19 58 -4
19 61 -4
19 65 2
19 66 4
19 73 2
19 74 -3
19 78 2
19 83 -2
19 92 3
19 98 -2
20 22 2
20 36 3
20 39 4
20 43 -2
20 51 3
20 54 3
20 64 -4
20 69 -4
20 72 -2
20 75 -3
20 76 -2
20 78 -4
20 84 4
20 87 -3
20 91 -2
20 96 4
20 99 4
21 44 2
21 96 3
22 23 4
22 24 4
22 25 2
22 26 -3
22 27 -4
22 31 -3
22 33 3
22 34 -2
22 38 4
22 41 3
22 50 3
22 59 -3
22 67 3
22 69 4
22 74 2
22 77 2
22 84 3
22 88 2
22 94 -4
22 95 -3
23 25 4
23 26 3
23 27 -3
23 31 -2
23 54 -2
23 60 -2
23 82 -3
24 27 -4
24 36 -3
24 51 3
24 57 -4
24 64 -3
24 77 2
25 46 3
25 47 -2
25 74 -4
25 83 -3
26 39 2
26 41 4
26 45 -3
26 59 2
27 28 4
27 38 -2
27 47 -2
27 93 -3
28 67 -4
28 75 4
29 35 -2
29 36 -3
29 44 -4
29 73 -2
29 77 4
30 46 -2
30 60 3
30 62 -4
30 73 -4
30 86 -3
31 33 4
31 40 -3
31 50 2
31 51 -4
31 53 2
31 59 4
31 81 3
31 90 4
31 92 -4
31 98 -3
32 34 2
32 54 -3
32 58 4
32 67 -4
32 74 3
32 76 2
32 80 -4
32 92 2
33 34 4
33 37 3
33 55 -4
34 38 -2
34 40 -2
34 66 -2
34 83 2
34 88 3
36 41 -3
36 43 3
36 50 -2
36 55 -2
36 59 -2
36 61 3
36 63 4
36 66 -4
36 68 4
36 72 4
36 75 4
36 76 -2
36 81 -3
36 89 -2
36 94 -4
36 96 -3
37 58 3
37 72 3
37 78 -2
37 90 4
38 39 -4
38 54 3
38 60 4
38 90 4
38 95 2
39 52 3
39 56 4
39 65 4
39 66 2
39 68 -2
39 71 2
39 76 -4
40 44 2
40 48 3
40 79 2
40 92 2
40 97 -4
40 98 3
41 57 2
41 61 -2
42 43 -3
42 55 -2
42 57 2
42 69 -2
43 51 2
43 53 4
44 52 2
44 57 3
44 62 -2
44 88 4
44 95 -3
44 99 4
45 60 3
45 96 4
46 48 2
46 50 2
46 93 -4
48 97 4
49 51 -2
49 60 3
49 61 4
49 84 3
50 63 4
51 71 3
51 87 -2
51 93 -2
51 96 -2
53 80 -4
53 89 2
54 91 3
56 63 -4
56 76 2
56 89 -4
56 90 3
56 94 3
57 81 -4
58 68 2
58 74 -4
58 76 -3
60 86 -2
60 89 4
61 77 2
62 70 -2
63 67 -2
63 70 2
64 69 -4
64 93 3
65 70 3
65 80 -3
67 88 2
67 92 -2
70 85 -3
70 94 3
73 83 3
73 89 -4
74 99 -2
75 80 2
75 81 -3
75 82 -4
75 88 -4
75 98 -2
78 91 3
81 91 -4
81 95 3
83 90 2
84 87 4
92 97 2
-1
-829
