ba_100_4_32
100
27
-19
5
31
-13
-29
8
31
32
-23
29
8
-6
22
29
-21
18
-3
-27
-20
-21
-31
6
30
30
28
-27
25
27
-11
24
-13
20
22
26
30
-3
-5
-24
-21
17
-22
28
-19
-15
22
-22
-14
-17
-24
-9
-2
23
-28
-16
-31
-10
32
14
-16
13
26
8
-22
-7
25
-31
-28
26
4
27
-17
16
-23
20
-10
-25
23
15
23
32
-19
11
-12
-27
-3
3
14
-30
-10
-18
4
14
20
23
15
10
-19
-3
-7
0 1 5
0 2 6
0 3 -23
0 4 10
0 5 2
0 6 27
0 7 24
0 8 12
0 10 -4
0 11 7
0 13 27
0 14 -8
0 20 -15
0 21 -19
0 23 32
0 26 -19
0 27 16
0 28 8
0 32 -11
0 33 11
0 34 -19
0 35 -27
0 38 23
0 45 -31
0 50 -28
0 57 -3
0 60 -7
0 62 -29
0 65 -17
0 66 24
0 73 2
0 81 26
0 85 31
0 86 24
0 89 -8
0 99 10
1 5 -29
1 7 2
1 12 2
1 14 7
1 17 6
1 19 -9
1 27 18
1 30 -26
1 49 -26
1 52 2
1 53 -11
1 91 3
2 5 13
2 6 7
2 9 -8
2 10 -27
2 13 -9
2 15 18
2 19 21
2 21 18
2 39 -7
2 44 -21
2 49 32
2 62 -18
2 65 7
2 93 -14
3 5 -10
3 6 4
3 7 11
3 8 -32
3 9 -24
3 12 12
3 16 -6
3 17 23
3 18 22
3 20 -16
3 22 14
3 28 14
3 31 -31
3 35 -19
3 36 5
3 46 20
3 57 -25
3 71 -27
3 74 -29
3 76 17
3 77 21
3 84 -26
3 86 -7
3 94 -22
4 11 -26
4 25 8
4 29 31
5 6 6
5 7 -8
5 8 27
5 11 -20
5 12 26
5 13 11
5 14 -13
5 16 32
5 19 9
5 20 -4
5 21 -20
5 22 -28
5 26 10
5 29 -21
5 32 20
5 33 -31
5 34 -26
5 40 -23
5 43 -11
5 44 -17
5 46 -27
5 47 18
5 55 -4
5 60 -13
5 69 -21
5 70 14
5 74 -29
5 78 -3
5 88 -27
6 8 13
6 20 -9
6 27 22
6 36 -22
6 41 -30
6 45 -15
6 64 16
6 88 13
7 9 -18
7 10 16
7 12 24
7 23 -8
7 25 14
7 33 -19
7 36 -26
7 42 30
7 43 30
7 50 27
7 56 -2
7 59 28
7 66 -17
7 90 -18
8 9 -27
8 10 -16
8 11 15
8 15 -27
8 16 -25
8 17 -24
8 18 16
8 23 -12
8 24 30
8 30 29
8 37 -15
8 38 32
8 48 11
8 49 -21
8 50 16
8 52 3
8 64 -17
8 67 5
8 69 18
8 71 22
8 76 -28
8 82 -2
8 93 3
8 98 8
9 22 -11
9 26 20
9 34 10
9 38 24
9 42 5
9 58 -27
9 91 11
10 16 -28
10 22 26
10 29 27
10 41 11
10 54 -2
10 92 -32
10 98 -13
11 13 -12
11 14 9
11 15 -22
11 17 28
11 19 -10
11 42 -16
11 59 22
11 81 -19
11 86 -28
12 27 -13
12 49 28
12 63 -27
12 67 -11
12 77 -25
12 98 27
13 21 -17
13 31 -13
13 70 -3
13 71 28
13 73 -26
13 99 32
14 15 -25
14 18 11
14 24 20
14 37 -24
14 41 -27
14 45 -12
14 54 -15
14 58 -8
14 78 5
15 18 28
15 25 -20
15 28 24
15 47 4
15 48 2
15 69 -18
15 75 -28
15 82 16
15 97 5
16 23 23
16 40 -19
16 53 10
16 55 12
16 68 -27
16 79 -15
16 84 -22
16 94 -29
17 36 -26
17 94 23
18 25 7
18 29 -5
18 32 -14
18 35 -17
18 46 -14
18 53 -28
18 72 -11
18 81 16
18 87 -14
18 94 -14
19 26 -28
19 28 5
19 31 -15
19 51 17
19 54 22
19 60 -8
19 61 -3
19 67 -20
19 72 -3
20 24 24
20 40 -32
20 97 23
21 33 -18
21 39 21
21 97 -11
22 24 -2
22 45 -28
22 58 -28
22 75 18
23 43 12
23 44 13
23 56 -16
24 41 9
24 47 8
24 85 16
24 96 23
25 30 24
25 55 -29
25 57 -6
25 61 -25
25 68 -7
25 70 29
25 78 -14
25 87 -28
25 93 -25
25 96 -3
26 30 6
26 31 -13
26 43 -32
26 46 -8
26 61 9
26 63 17
26 76 -5
26 87 -5
26 99 -18
27 37 23
27 71 -32
27 79 3
28 32 28
28 34 13
28 39 -31
28 40 25
28 44 -32
28 52 -22
28 84 -29
29 37 14
29 39 -22
29 51 -15
29 54 24
29 76 4
29 80 -4
29 85 -16
29 95 -27
31 50 -6
31 51 -32
31 63 18
31 95 -2
32 93 -16
34 35 14
34 66 15
36 38 -2
36 56 -32
37 80 18
38 65 -25
38 72 -18
39 53 17
40 42 -7
41 48 5
41 51 -4
41 59 -9
41 61 6
41 62 12
41 64 -3
41 66 19
41 87 -2
41 95 3
42 47 -9
42 59 -5
42 73 7
42 74 -7
42 78 -19
42 82 12
42 86 8
42 97 18
43 79 32
44 83 -23
45 48 -20
45 80 -10
46 55 31
46 62 -4
46 68 -21
47 67 5
47 96 -32
49 60 15
49 80 -12
50 57 19
50 70 -7
51 52 28
52 56 -8
52 63 -26
52 69 6
52 88 14
52 89 -2
54 75 -27
54 82 25
55 65 14
55 79 -6
56 64 -3
56 85 -16
57 58 -29
57 84 17
57 89 30
58 81 -13
58 83 8
60 73 -31
61 75 -23
61 83 7
61 91 -4
62 92 -5
62 98 -31
63 68 -9
68 72 4
68 90 -27
69 74 29
69 88 -7
69 90 13
71 77 21
75 77 -14
77 92 -7
77 96 13
79 91 27
79 92 -22
80 95 -9
82 83 3
82 89 23
82 90 -9
90 99 -19
-1
-4160
