ba_100_12_8
100
7
-5
-4
2
-8
7
-5
-8
8
5
2
-5
4
7
-3
-8
3
-8
-6
8
-6
6
-5
2
6
-4
-5
-2
-8
3
4
7
-4
-2
4
-3
2
2
-7
-7
-7
6
2
-5
5
5
-4
-2
-8
-3
-7
4
-7
-2
4
6
-6
7
2
-7
4
7
-7
5
-3
8
-5
-5
-6
8
5
-5
-8
3
-6
-3
-2
4
-3
3
-2
5
-6
-5
-3
4
8
4
-6
-8
-4
2
7
6
7
7
-6
3
-6
7
0 1 5
0 2 2
0 3 -7
0 4 8
0 5 2
0 6 2
0 7 -7
0 8 -5
0 9 6
0 10 -7
0 11 7
0 12 7
0 13 -8
0 14 -8
0 15 7
0 16 3
0 17 3
0 18 -7
0 19 -4
0 21 -8
0 23 -3
0 26 -6
0 28 -6
0 29 8
0 32 -2
0 34 -7
0 37 8
0 38 -8
0 39 -8
0 43 -8
0 45 -3
0 47 -7
0 49 -8
0 52 7
0 53 -2
0 54 7
0 55 -8
0 58 2
0 59 -2
0 60 4
0 61 -3
0 69 -8
0 70 -6
0 73 -5
0 74 8
0 81 2
0 82 -4
0 90 -2
0 91 5
0 96 -6
0 97 5
1 13 2
1 14 4
1 17 7
1 18 2
1 23 8
1 25 -8
1 27 -2
1 33 4
1 34 2
1 35 -3
1 39 -3
1 42 -5
1 44 -2
1 50 4
1 65 -8
1 70 6
1 86 6
1 93 3
1 94 4
1 97 -2
2 13 -6
2 14 -6
2 15 -7
2 16 3
2 17 7
2 19 5
2 20 4
2 24 -2
2 27 6
2 32 -4
2 38 8
2 39 -8
2 71 7
2 77 -4
2 79 -8
3 13 -2
3 14 4
3 15 -8
3 17 2
3 18 7
3 19 8
3 20 -5
3 22 3
3 32 6
3 35 8
3 37 5
3 41 2
3 55 -8
3 63 -7
3 64 -7
3 71 6
3 80 -7
3 87 -8
3 88 -4
3 92 -6
3 95 -2
3 98 -4
4 14 2
4 16 -2
4 18 6
4 20 7
4 22 2
4 24 4
4 30 6
4 36 4
4 39 3
4 92 3
5 13 -7
5 14 5
5 15 -3
5 16 6
5 17 7
5 18 7
5 22 -2
5 23 -3
5 24 -6
5 26 8
5 27 3
5 29 6
5 31 6
5 37 5
5 38 -6
5 45 -3
5 52 -2
5 56 6
5 62 8
5 63 -6
5 65 -3
5 75 4
5 76 7
5 78 -8
5 79 -2
5 92 5
5 93 2
5 94 -5
6 13 -4
6 14 -8
6 15 -4
6 16 -5
6 17 6
6 18 5
6 19 7
6 21 -6
6 23 4
6 24 -3
6 25 -3
6 30 -5
6 35 -2
6 36 6
6 46 -6
6 48 8
6 53 8
6 58 -4
6 66 4
6 67 -2
6 79 -2
6 80 -7
6 81 5
6 87 -8
7 13 2
7 14 8
7 19 6
7 20 -6
7 21 5
7 22 5
7 23 -5
7 27 4
7 29 -7
7 30 8
7 31 5
7 32 -6
7 33 -6
7 35 6
7 39 -7
7 42 -2
7 43 2
7 45 -6
7 50 2
7 51 2
7 54 -5
7 64 -3
7 67 3
7 72 5
7 73 -7
7 76 5
7 92 -8
7 93 3
8 13 -7
8 14 -3
8 15 5
8 16 -2
8 18 6
8 21 -5
8 22 -2
8 24 8
8 28 -3
8 36 6
8 38 -2
8 43 7
8 46 6
8 48 2
8 55 -5
8 58 5
8 60 -3
8 61 4
8 64 3
8 70 7
8 78 -2
8 80 -4
8 89 -4
8 90 -8
8 96 4
9 13 -6
9 15 8
9 16 5
9 21 -4
9 27 -8
9 28 -5
9 63 -6
9 64 -7
9 70 5
9 80 -5
9 84 7
9 89 -7
9 99 -8
10 13 -4
10 14 -5
10 15 5
10 18 -6
10 19 -2
10 20 6
10 21 2
10 22 2
10 23 3
10 25 -7
10 26 3
10 27 -7
10 30 -7
10 31 -6
10 33 7
10 36 -4
10 38 -7
10 40 -3
10 41 3
10 43 -2
10 47 6
10 48 -5
10 62 3
10 72 -2
10 78 7
10 79 -8
10 82 6
10 88 -5
10 91 -8
10 94 6
10 95 -5
10 98 2
11 13 -2
11 14 -6
11 15 2
11 16 6
11 17 4
11 19 -6
11 24 2
11 26 7
11 31 -4
11 33 2
11 37 -6
11 48 -4
11 59 3
11 61 -2
11 71 -4
12 13 -4
12 15 4
12 16 -3
12 17 6
12 19 4
12 25 4
12 26 6
12 28 8
12 33 -4
12 35 -7
12 38 -5
12 40 5
12 41 5
12 42 -7
12 66 2
12 76 -6
12 84 8
12 96 5
13 14 2
13 15 -5
13 16 -3
13 17 -2
13 18 7
13 19 -8
13 20 -7
13 21 -6
13 22 8
13 24 8
13 25 4
13 26 -5
13 28 8
13 29 7
13 30 2
13 32 -4
13 34 -7
13 37 7
13 39 -2
13 42 -5
13 43 5
13 44 -6
13 45 -8
13 48 -4
13 49 -2
13 50 8
13 53 2
13 56 6
13 57 7
13 58 -2
13 60 -8
13 64 -2
13 65 6
13 69 -2
13 70 2
13 72 -7
13 73 -3
13 77 8
13 78 -2
13 85 2
13 88 6
13 90 2
13 91 -3
13 92 2
13 94 -6
13 98 -2
14 15 -4
14 16 2
14 17 2
14 18 3
14 19 -4
14 20 5
14 21 -3
14 23 -2
14 25 8
14 26 -7
14 30 -8
14 32 -2
14 33 8
14 35 -5
14 38 8
14 42 8
14 45 -7
14 48 5
14 63 -4
14 66 -5
14 68 -2
14 69 -5
14 70 3
14 77 -7
14 93 5
14 94 8
14 95 -8
15 16 -4
15 17 -6
15 18 -5
15 19 -5
15 20 4
15 21 4
15 22 7
15 23 -8
15 24 2
15 25 -2
15 26 7
15 27 4
15 31 6
15 32 5
15 33 2
15 35 2
15 39 6
15 42 -4
15 43 -4
15 45 -5
15 47 2
15 50 -8
15 52 7
15 53 6
15 54 -4
15 56 -8
15 59 3
15 64 8
15 68 -4
15 77 3
15 80 -8
15 87 4
15 92 -3
15 94 -2
15 95 3
15 96 -7
15 99 3
16 17 8
16 20 -8
16 21 2
16 22 5
16 24 4
16 29 -4
16 31 -3
16 32 8
16 33 -4
16 34 -7
16 37 6
16 46 7
16 49 5
16 53 4
16 57 -2
16 58 8
16 63 -2
16 64 8
16 70 -2
16 73 -7
16 74 6
16 81 6
16 83 -8
16 89 -8
16 90 7
16 91 -3
16 96 -6
17 18 5
17 20 -2
17 23 -4
17 24 -2
17 25 6
17 26 -3
17 27 -6
17 29 3
17 32 -8
17 33 -3
17 34 -4
17 46 -7
17 49 7
17 51 4
17 53 -2
17 55 -7
17 62 7
17 64 -8
17 69 -6
17 72 -4
17 73 -2
17 76 -3
17 81 -2
17 85 -5
17 87 -8
17 97 -4
18 19 -5
18 20 -4
18 26 3
18 27 6
18 28 -6
18 29 5
18 34 -4
18 36 -8
18 37 -2
18 38 -2
18 39 -3
18 44 3
18 45 4
18 46 3
18 49 8
18 51 -4
18 52 7
18 54 -8
18 57 4
18 60 6
18 62 5
18 64 -5
18 65 2
18 66 -3
18 70 7
18 74 7
18 77 -5
18 81 -7
18 90 5
18 95 -7
19 20 8
19 21 6
19 22 -2
19 23 4
19 24 2
19 25 5
19 27 5
19 28 -3
19 29 4
19 30 -8
19 31 -8
19 34 -5
19 37 6
19 38 8
19 39 2
19 40 4
19 41 5
19 42 -7
19 45 8
19 46 -6
19 47 8
19 49 7
19 55 8
19 59 8
19 60 7
19 64 3
19 67 -7
19 70 6
19 72 -8
19 75 -6
19 77 -4
19 78 -4
19 79 -6
19 83 2
19 84 3
19 85 3
19 88 -5
19 89 -6
19 91 -7
19 98 -2
20 21 -6
20 22 4
20 25 -7
20 27 -4
20 28 -2
20 29 7
20 30 -2
20 34 6
20 36 4
20 41 5
20 44 5
20 45 2
20 46 -4
20 52 -2
20 53 8
20 54 -8
20 57 6
20 68 3
20 69 -4
20 76 8
20 85 3
20 91 -2
20 95 -4
21 22 -6
21 23 -4
21 26 7
21 28 -7
21 29 -5
21 30 7
21 31 -4
21 32 -4
21 33 -3
21 36 6
21 40 5
21 42 -6
21 43 -6
21 44 -3
21 45 -2
21 50 7
21 55 8
21 62 4
21 67 5
21 71 4
21 83 -2
21 84 6
21 85 -2
21 92 8
21 93 5
22 23 -6
22 24 6
22 25 -3
22 30 -6
22 31 -5
22 34 -8
22 40 -3
22 44 -5
22 45 8
22 48 -3
22 50 -7
22 56 -2
22 59 -7
22 63 7
22 76 -6
22 81 7
22 83 7
22 88 -8
22 92 -5
22 98 -6
23 25 -4
23 26 3
23 33 -6
23 36 -4
23 37 5
23 39 -2
23 40 -2
23 41 4
23 47 2
23 51 -5
23 52 -8
23 56 8
23 61 7
23 67 -3
23 68 8
23 69 -6
23 71 8
23 76 3
23 80 2
23 82 -2
23 89 -4
23 94 -2
23 95 3
24 28 -2
24 31 -3
24 32 -7
24 37 -6
24 46 -3
24 49 4
24 51 6
24 52 7
24 58 6
24 59 6
24 67 -5
24 75 2
25 28 -5
25 29 6
25 38 -6
25 44 2
25 46 -6
25 47 -5
25 51 8
25 52 -3
25 54 8
25 55 3
25 56 4
25 58 -2
25 59 6
25 83 2
25 87 6
25 90 -5
25 94 -8
26 27 6
26 28 7
26 29 6
26 31 8
26 35 7
26 36 -7
26 43 -6
26 47 -5
26 65 -8
26 66 -4
26 68 -8
26 69 -5
26 72 -5
26 75 3
26 82 -3
26 83 -4
26 93 -2
27 30 6
27 34 -6
27 35 2
27 42 2
27 46 -6
27 48 -3
27 50 -5
27 52 4
27 57 6
27 58 4
27 63 -7
27 68 -4
27 70 -6
27 78 8
27 82 -5
27 84 2
27 86 -7
27 88 -5
27 90 -5
27 99 -3
28 30 4
28 32 6
28 35 -8
28 55 -4
28 56 8
28 65 -6
28 66 -5
28 67 6
28 72 8
28 74 3
28 82 5
28 85 7
28 87 2
29 31 2
29 33 6
29 35 -2
29 36 5
29 37 -6
29 39 6
29 40 -7
29 41 -5
29 43 3
29 44 6
29 48 3
29 51 -3
29 52 -6
29 61 -5
29 62 2
29 66 8
29 71 8
29 76 -7
29 77 -3
29 79 3
29 94 7
29 98 5
29 99 -2
30 41 3
30 43 5
30 47 -6
30 54 -5
30 55 -3
30 60 7
30 62 -3
30 65 -3
30 91 -3
30 97 7
31 34 8
31 40 -7
31 42 -7
31 47 3
31 49 -5
31 50 -4
31 54 2
31 56 6
31 57 -4
31 61 4
31 67 8
31 75 -2
31 79 8
31 96 -7
32 34 2
32 37 -7
32 41 -4
32 44 -2
32 49 -8
32 50 2
32 51 7
32 54 4
32 65 -3
32 68 -3
32 75 4
32 76 -6
32 80 8
32 81 -3
32 82 -7
33 36 -2
33 39 2
33 44 4
33 48 5
33 53 -7
33 57 -8
33 60 -2
33 83 -6
33 86 -3
33 87 5
33 98 4
34 35 3
34 36 -4
34 40 4
34 41 5
34 44 6
34 48 -7
34 61 2
34 65 4
34 73 -4
35 38 -6
35 40 -2
35 43 3
35 47 -8
35 49 5
35 50 7
35 51 2
35 54 -6
35 56 5
35 66 -8
35 68 6
35 73 8
35 74 -6
35 75 6
35 78 4
35 80 -5
35 84 4
35 87 8
35 88 4
35 96 5
36 40 -2
36 41 -3
36 46 -2
36 51 -5
36 53 -8
36 55 -2
36 57 5
36 59 8
36 60 7
36 65 8
36 75 -3
36 76 -4
36 78 2
36 79 2
37 38 6
37 52 -6
37 54 8
37 60 -2
37 62 7
37 65 -2
37 66 3
37 69 7
37 74 -8
37 78 2
37 79 4
37 83 -6
37 84 7
37 86 8
37 97 4
38 40 -6
38 42 -5
38 43 6
38 50 4
38 51 -4
38 57 -3
38 75 -6
38 77 -3
38 82 -6
38 83 -5
38 86 8
38 87 3
38 88 2
39 44 -7
39 49 -5
39 58 -5
39 61 4
39 63 -4
39 69 -2
39 76 5
39 81 -2
39 98 -3
40 41 8
40 42 7
40 46 6
40 47 5
40 48 -4
40 56 6
40 57 6
40 66 -8
40 72 5
40 85 3
40 89 -6
40 91 7
40 95 -5
41 45 -4
41 50 -3
41 53 4
41 54 2
41 56 8
41 62 -4
41 77 -7
41 86 -4
41 99 5
42 49 -6
42 52 5
42 76 -8
42 77 7
42 83 -6
42 84 8
42 88 -4
42 98 -3
42 99 6
43 58 6
43 74 3
43 79 -8
43 83 -3
43 91 3
44 97 8
44 99 8
45 53 6
45 58 3
45 94 7
46 47 4
46 51 6
46 55 8
46 69 -7
46 71 -7
46 80 -3
46 86 -3
47 56 -6
47 57 -5
47 60 7
47 85 -4
47 93 -2
48 53 3
48 62 8
48 63 -3
48 73 -3
48 75 -8
48 83 -3
48 84 8
48 85 -6
48 88 8
48 89 7
48 90 7
49 61 3
49 62 -2
49 66 -6
49 68 -5
50 55 -7
50 70 -7
50 72 -6
50 73 -2
50 82 7
50 87 5
50 89 -2
50 90 -2
50 91 -4
50 92 5
51 57 -2
51 61 -4
51 71 5
51 84 7
51 91 -6
52 59 3
52 61 -8
52 67 -6
53 59 3
53 63 -5
53 65 -7
53 74 -3
53 81 -8
53 89 2
53 97 7
54 59 -3
54 61 6
54 64 7
54 68 6
54 71 2
54 73 2
54 80 -5
54 86 -4
54 95 -6
54 99 5
55 59 -6
55 60 -4
55 62 5
55 72 5
55 73 -7
55 79 5
55 85 5
55 92 7
55 95 -5
55 96 -7
55 97 -5
56 60 -3
56 64 -3
56 85 -8
56 92 2
57 58 -4
57 82 7
57 90 -8
58 72 -4
58 74 5
58 94 2
59 68 8
59 77 -6
59 81 -8
59 93 -6
59 98 7
60 63 -6
60 67 -5
60 71 -5
60 81 5
60 94 5
60 95 4
61 77 4
61 78 -3
61 79 8
61 80 2
61 82 -7
61 84 6
61 93 -4
62 63 2
62 68 8
62 71 -2
62 93 5
64 67 -5
64 69 -3
64 71 8
64 78 4
64 89 8
64 96 2
65 66 -4
65 74 4
65 95 -2
66 67 -4
66 78 4
66 84 2
67 69 8
67 98 7
68 70 -7
68 93 -5
69 72 7
69 75 7
70 74 5
70 97 6
71 73 -4
71 82 -8
71 86 -5
71 88 -4
72 97 8
72 99 3
73 74 -5
73 75 -4
73 86 -8
73 90 4
73 97 8
74 99 -2
75 85 -8
75 89 4
76 92 -6
77 80 8
78 91 6
79 81 -7
79 90 -5
80 96 -5
80 99 -2
81 86 3
81 87 -7
82 87 2
82 97 -5
82 99 -3
84 86 4
85 88 -8
88 89 8
90 93 -3
93 98 5
94 96 2
95 96 6
-1
-1869
