ba_20_6_64
20
61
26
-40
18
40
-40
-55
56
-40
36
-21
-34
60
-60
48
39
-38
14
-3
-21
0 1 -50
0 2 -4
0 3 -46
0 4 -22
0 5 -34
0 6 10
0 7 42
0 8 30
0 9 -45
0 10 -25
0 11 39
0 12 30
0 13 27
0 14 3
0 16 22
0 19 -4
1 7 -54
1 8 -27
1 9 58
1 10 -28
1 12 33
1 13 46
1 14 -6
1 16 41
2 11 -53
2 12 -49
3 7 62
4 7 -28
4 8 30
4 9 38
4 10 -23
4 13 -2
4 14 17
4 18 10
5 7 -24
5 8 -8
5 10 53
5 15 54
5 19 -58
6 7 -19
6 8 -33
6 9 -31
6 10 33
6 12 -14
6 13 -18
6 14 29
6 15 -63
6 16 9
6 17 26
7 8 -55
7 9 51
7 11 -24
7 12 -60
7 13 58
7 15 10
7 17 -45
7 18 -7
8 9 19
8 11 24
8 12 25
8 13 13
8 15 -10
8 17 57
8 18 55
9 10 -46
9 11 -64
9 17 46
9 18 9
9 19 38
10 11 -36
10 17 51
10 19 -11
11 15 23
11 16 -16
11 18 23
12 14 -35
12 15 -4
12 16 29
13 14 -35
13 19 15
14 17 -51
15 16 36
15 18 -50
16 19 50
-1
-1639
