ba_20_10_16
20
5
7
-5
8
-4
10
-6
11
-11
16
-3
9
7
5
9
-14
6
14
-3
-15
0 1 13
0 2 -10
0 3 10
0 4 5
0 5 7
0 6 16
0 7 -6
0 8 -9
0 9 -13
0 10 -13
0 11 -3
0 12 8
0 13 10
0 14 -12
0 15 11
0 17 -4
0 18 -9
1 11 -3
1 12 -8
1 13 -4
1 14 -7
1 15 -9
1 19 11
2 11 5
2 13 6
2 14 14
2 15 7
2 16 -14
2 17 14
2 18 -9
3 11 -11
3 12 12
3 18 -10
4 11 -13
4 12 -15
4 13 13
4 14 8
4 17 11
4 18 16
5 11 9
5 13 15
5 14 -7
5 15 -9
6 12 -14
6 16 3
6 18 2
7 11 2
7 12 -8
7 13 -15
7 15 -2
7 16 11
7 17 5
7 19 -3
8 11 -3
8 12 -2
8 15 -16
8 16 11
8 17 5
8 19 2
9 11 5
9 12 -14
9 13 7
9 14 -15
9 15 6
9 16 11
9 17 -5
9 19 -10
10 11 -5
10 12 -13
10 13 -14
10 14 6
10 16 10
10 18 11
10 19 15
11 12 -4
11 13 -9
11 14 12
11 15 -4
11 16 -11
11 17 7
12 13 14
12 14 -15
12 15 -5
12 16 2
12 17 8
12 18 9
12 19 -16
13 14 15
13 16 8
13 17 -16
13 18 11
13 19 5
14 15 -3
14 16 8
14 17 5
14 18 13
14 19 -5
16 18 10
16 19 3
18 19 11
-1
-461
