ba_20_12_4
20
-2
3
2
3
-4
4
-3
-3
4
-4
3
-4
-2
-4
-3
3
4
2
3
3
0 1 -4
0 2 2
0 3 4
0 4 -3
0 5 -2
0 6 -4
0 7 3
0 8 4
0 9 4
0 10 -4
0 11 -3
0 12 3
0 13 3
0 14 -2
0 15 -2
0 16 2
0 17 -3
0 18 4
0 19 -4
1 13 -4
1 14 -3
1 17 -2
1 18 -2
2 13 4
2 14 3
2 15 3
2 16 2
2 17 2
2 19 -4
3 13 3
3 14 -4
3 15 2
3 17 -2
3 18 -2
3 19 3
4 14 2
4 16 -4
4 18 3
5 13 4
5 14 -3
5 15 4
5 16 2
5 17 2
5 18 -3
6 13 2
6 14 -3
6 15 2
6 16 2
6 17 2
6 18 -2
6 19 4
7 13 2
7 14 3
7 19 -2
8 13 4
8 14 -3
8 15 3
8 16 -2
8 18 4
9 13 -2
9 15 4
9 16 2
10 13 4
10 14 4
10 15 4
10 18 4
10 19 4
11 13 2
11 14 4
11 15 -3
11 16 4
11 17 -2
11 19 3
12 13 2
12 15 3
12 16 -2
12 17 4
12 19 2
13 14 -4
13 15 -2
13 16 -2
13 17 -3
13 18 -2
13 19 -2
14 15 -4
14 16 -3
14 17 2
14 18 2
14 19 -2
15 16 -2
15 17 4
15 18 -3
15 19 3
16 17 -3
17 18 -3
18 19 -4
-1
-138
