ba_20_4_4
20
-3
-3
-2
-2
4
3
3
3
3
-2
-2
-3
3
-3
-4
3
-4
4
3
3
0 1 3
0 2 4
0 3 3
0 4 4
0 5 -3
0 6 4
0 7 -2
0 8 -3
0 10 -4
0 11 -3
0 13 2
0 14 -2
1 5 -3
1 7 4
1 12 4
1 14 -3
1 17 -3
1 19 3
2 5 2
2 6 2
2 9 3
2 10 -3
2 13 4
2 15 -2
2 19 2
3 5 -3
3 6 2
3 7 -4
3 8 -4
3 9 -2
3 12 -4
3 16 -4
3 17 2
3 18 -2
4 11 -2
5 6 -3
5 7 2
5 8 -2
5 11 -3
5 12 -4
5 13 2
5 14 4
5 16 2
5 19 2
6 8 4
7 9 -3
7 10 2
7 12 2
8 9 -2
8 10 4
8 11 3
8 15 -2
8 16 -4
8 17 -2
8 18 -3
10 16 3
11 13 -3
11 14 -2
11 15 2
11 17 4
11 19 -4
14 15 2
14 18 -3
15 18 4
-1
-120
