ba_20_8_8
20
7
-5
6
7
3
6
2
4
6
2
-6
-4
5
8
2
7
8
8
7
-8
0 1 4
0 2 2
0 3 5
0 4 -3
0 5 7
0 6 3
0 7 8
0 8 8
0 9 6
0 10 -6
0 11 -7
0 12 -6
0 13 6
0 15 7
0 16 -5
0 17 2
1 9 2
1 10 4
1 11 7
1 13 -3
1 15 2
1 19 -6
2 9 4
2 10 8
2 11 7
2 13 -2
2 17 -6
2 18 7
3 9 -4
3 10 -8
3 11 3
3 12 4
3 14 4
3 15 6
3 16 5
4 9 -2
4 11 4
4 14 -3
5 9 -3
5 10 8
5 12 2
5 14 -5
5 18 6
6 9 -8
6 10 -4
6 12 -3
6 14 7
6 16 4
7 9 7
7 11 6
7 13 3
7 17 7
8 10 3
8 12 8
8 13 5
8 14 -7
8 17 -2
9 10 -6
9 11 7
9 12 -6
9 13 -3
9 14 6
9 15 -7
9 16 -3
9 18 -4
9 19 -7
10 11 4
10 12 8
10 13 2
10 14 -6
10 15 -7
10 16 -8
10 17 -8
10 18 5
10 19 -8
11 12 2
11 13 5
11 14 5
11 15 -8
11 18 2
11 19 3
12 15 -3
12 16 -7
12 17 3
12 19 8
13 15 3
13 16 8
13 18 -2
13 19 3
14 16 4
14 17 -4
14 18 3
15 19 -7
16 17 -4
16 18 4
18 19 2
-1
-242
