ba_20_12_16
20
-4
-14
-11
10
-5
5
-11
-5
13
-14
3
-11
-13
-16
8
2
-4
-13
-5
-13
0 1 -6
0 2 -5
0 3 13
0 4 -9
0 5 8
0 6 -5
0 7 -4
0 8 -10
0 9 -3
0 10 7
0 11 4
0 12 8
0 13 -11
0 14 -12
0 15 -6
0 16 -6
0 17 -16
0 18 11
0 19 14
1 13 16
1 14 11
1 17 2
1 18 4
2 13 4
2 14 3
2 15 4
2 16 7
2 17 -11
2 19 -12
3 13 -14
3 14 10
3 15 -6
3 17 14
3 18 -11
3 19 11
4 14 -7
4 16 -10
4 18 10
5 13 3
5 14 -7
5 15 4
5 16 -6
5 17 -2
5 18 -9
6 13 3
6 14 12
6 15 -7
6 16 8
6 17 3
6 18 -2
6 19 -4
7 13 16
7 14 2
7 19 11
8 13 12
8 14 14
8 15 -7
8 16 9
8 18 12
9 13 11
9 15 -14
9 16 -2
10 13 -2
10 14 -10
10 15 -10
10 18 -9
10 19 -8
11 13 7
11 14 7
11 15 -2
11 16 14
11 17 3
11 19 -15
12 13 -8
12 15 -3
12 16 -14
12 17 -13
12 19 4
13 14 -7
13 15 16
13 16 10
13 17 -7
13 18 -15
13 19 10
14 15 -12
14 16 -5
14 17 -7
14 18 -6
14 19 -3
15 16 6
15 17 15
15 18 13
15 19 -10
16 17 7
17 18 -14
18 19 12
-1
-465
