ba_20_4_8
20
-3
-7
-7
7
-8
-4
5
-3
-2
-7
-7
4
-6
-7
5
4
3
-7
5
4
0 1 -8
0 2 3
0 3 -4
0 4 -3
0 5 2
0 6 -8
0 7 -6
0 8 8
0 10 3
0 11 -7
0 13 8
0 14 5
1 5 7
1 7 -5
1 12 5
1 14 -3
1 17 -7
1 19 4
2 5 -4
2 6 -4
2 9 -4
2 10 -2
2 13 -6
2 15 -4
2 19 -3
3 5 8
3 6 -8
3 7 -3
3 8 2
3 9 -8
3 12 -4
3 16 -8
3 17 8
3 18 -7
4 11 -8
5 6 5
5 7 -7
5 8 5
5 11 -8
5 12 -3
5 13 -7
5 14 -8
5 16 -3
5 19 6
6 8 -2
7 9 6
7 10 4
7 12 -7
8 9 -7
8 10 -3
8 11 7
8 15 3
8 16 5
8 17 5
8 18 6
10 16 -4
11 13 3
11 14 -8
11 15 8
11 17 -5
11 19 -6
14 15 -3
14 18 4
15 18 5
-1
-211
