ba_20_10_4
20
-4
-3
-4
-4
-3
-3
3
-2
2
2
-4
-3
-3
4
3
2
-4
-4
4
-2
0 1 3
0 2 3
0 3 -2
0 4 3
0 5 4
0 6 3
0 7 4
0 8 2
0 9 3
0 10 4
0 11 -3
0 12 -2
0 13 4
0 14 -3
0 15 2
0 17 -4
0 18 4
1 11 -4
1 12 2
1 13 3
1 14 -2
1 15 2
1 19 -2
2 11 3
2 13 3
2 14 -4
2 15 -3
2 16 2
2 17 -3
2 18 -4
3 11 3
3 12 -3
3 18 -3
4 11 -3
4 12 3
4 13 -3
4 14 2
4 17 2
4 18 -3
5 11 2
5 13 -3
5 14 3
5 15 2
6 12 -2
6 16 -4
6 18 -4
7 11 4
7 12 3
7 13 -4
7 15 -2
7 16 -2
7 17 -4
7 19 2
8 11 2
8 12 4
8 15 -3
8 16 -2
8 17 2
8 19 2
9 11 -4
9 12 -4
9 13 3
9 14 4
9 15 4
9 16 -4
9 17 4
9 19 2
10 11 -4
10 12 2
10 13 -2
10 14 -3
10 16 -4
10 18 3
10 19 -4
11 12 -4
11 13 3
11 14 4
11 15 4
11 16 2
11 17 4
12 13 4
12 14 4
12 15 -3
12 16 2
12 17 4
12 18 -2
12 19 3
13 14 2
13 16 -4
13 17 2
13 18 2
13 19 2
14 15 4
14 16 3
14 17 -3
14 18 -4
14 19 2
16 18 2
16 19 -2
18 19 4
-1
-150
