ba_20_6_16
20
14
-3
-7
16
6
-14
3
-8
13
13
-15
10
-14
11
-15
-7
-12
-8
10
-15
0 1 -14
0 2 -16
0 3 -8
0 4 -3
0 5 14
0 6 -11
0 7 -3
0 8 14
0 9 -12
0 10 2
0 11 2
0 12 -15
0 13 15
0 14 16
0 16 15
0 19 -12
1 7 5
1 8 -10
1 9 9
1 10 -8
1 12 -16
1 13 9
1 14 10
1 16 -13
2 11 14
2 12 12
3 7 9
4 7 -10
4 8 16
4 9 -7
4 10 16
4 13 4
4 14 -14
4 18 -12
5 7 -5
5 8 -4
5 10 9
5 15 14
5 19 3
6 7 9
6 8 6
6 9 -4
6 10 -9
6 12 13
6 13 14
6 14 8
6 15 -12
6 16 15
6 17 -5
7 8 5
7 9 -2
7 11 -14
7 12 -7
7 13 -16
7 15 -9
7 17 -13
7 18 -9
8 9 -2
8 11 2
8 12 -15
8 13 2
8 15 -13
8 17 -6
8 18 -16
9 10 6
9 11 4
9 17 -16
9 18 -14
9 19 16
10 11 16
10 17 9
10 19 -16
11 15 5
11 16 -6
11 18 -6
12 14 -9
12 15 6
12 16 15
13 14 15
13 19 -13
14 17 -10
15 16 -12
15 18 -9
16 19 -10
-1
-474
