ba_20_8_32
20
22
-21
29
-15
14
-26
15
-30
12
28
2
31
2
-31
-24
-4
30
26
-22
14
0 1 18
0 2 24
0 3 -17
0 4 10
0 5 11
0 6 -5
0 7 -11
0 8 32
0 9 -2
0 10 25
0 11 6
0 12 -14
0 13 27
0 15 31
0 16 -7
0 17 -29
1 9 -31
1 10 23
1 11 -7
1 13 13
1 15 -17
1 19 -21
2 9 13
2 10 -14
2 11 -19
2 13 19
2 17 -19
2 18 -18
3 9 30
3 10 4
3 11 11
3 12 26
3 14 -26
3 15 -19
3 16 12
4 9 4
4 11 -23
4 14 18
5 9 -19
5 10 -2
5 12 -14
5 14 8
5 18 7
6 9 -16
6 10 -28
6 12 12
6 14 29
6 16 2
7 9 28
7 11 21
7 13 13
7 17 31
8 10 32
8 12 26
8 13 18
8 14 -24
8 17 -32
9 10 14
9 11 -10
9 12 -2
9 13 6
9 14 -26
9 15 5
9 16 -11
9 18 2
9 19 23
10 11 -2
10 12 13
10 13 25
10 14 -32
10 15 -13
10 16 -26
10 17 -5
10 18 -5
10 19 15
11 12 -9
11 13 5
11 14 3
11 15 -25
11 18 20
11 19 10
12 15 24
12 16 26
12 17 31
12 19 21
13 15 -31
13 16 14
13 18 -18
13 19 14
14 16 31
14 17 17
14 18 -2
15 19 -18
16 17 -4
16 18 -27
18 19 5
-1
-942
