ba_20_8_64
20
-55
-43
-30
-20
-32
62
10
23
-61
-54
-14
19
-3
-11
7
-14
-28
5
62
-23
0 1 58
0 2 -29
0 3 -7
0 4 -25
0 5 45
0 6 23
0 7 -61
0 8 9
0 9 -42
0 10 -11
0 11 7
0 12 -56
0 13 -6
0 15 23
0 16 -30
0 17 -19
1 9 42
1 10 55
1 11 -19
1 13 -18
1 15 -45
1 19 -39
2 9 6
2 10 60
2 11 3
2 13 7
2 17 -56
2 18 -10
3 9 29
3 10 -31
3 11 -52
3 12 39
3 14 -31
3 15 -24
3 16 -19
4 9 31
4 11 20
4 14 -9
5 9 21
5 10 -46
5 12 58
5 14 -36
5 18 -63
6 9 -30
6 10 -45
6 12 -28
6 14 33
6 16 2
7 9 -32
7 11 -19
7 13 45
7 17 -19
8 10 -12
8 12 41
8 13 -37
8 14 4
8 17 34
9 10 -48
9 11 6
9 12 -62
9 13 -64
9 14 -13
9 15 54
9 16 -35
9 18 37
9 19 -55
10 11 6
10 12 -44
10 13 -29
10 14 33
10 15 25
10 16 22
10 17 -46
10 18 21
10 19 50
11 12 -41
11 13 -9
11 14 -19
11 15 -53
11 18 5
11 19 44
12 15 -13
12 16 13
12 17 -51
12 19 -7
13 15 25
13 16 -50
13 18 46
13 19 26
14 16 -42
14 17 -2
14 18 -16
15 19 56
16 17 -48
16 18 54
18 19 -29
-1
-1904
