ba_20_12_64
20
63
25
-43
-49
13
-31
30
16
-20
33
-42
-48
-47
-4
30
21
-54
-25
-13
-26
0 1 5
0 2 49
0 3 4
0 4 -56
0 5 -43
0 6 39
0 7 5
0 8 60
0 9 6
0 10 -26
0 11 -53
0 12 49
0 13 37
0 14 -55
0 15 23
0 16 59
0 17 8
0 18 39
0 19 52
1 13 52
1 14 -11
1 17 -30
1 18 -35
2 13 25
2 14 57
2 15 -18
2 16 -18
2 17 29
2 19 -8
3 13 57
3 14 -43
3 15 -49
3 17 8
3 18 -12
3 19 -11
4 14 63
4 16 -49
4 18 -42
5 13 58
5 14 -29
5 15 23
5 16 -49
5 17 -14
5 18 -36
6 13 -39
6 14 -9
6 15 -36
6 16 8
6 17 4
6 18 -2
6 19 27
7 13 -33
7 14 -4
7 19 -61
8 13 32
8 14 44
8 15 -18
8 16 -43
8 18 -60
9 13 30
9 15 9
9 16 57
10 13 20
10 14 -45
10 15 -5
10 18 51
10 19 16
11 13 19
11 14 60
11 15 11
11 16 19
11 17 9
11 19 52
12 13 14
12 15 -13
12 16 51
12 17 29
12 19 -41
13 14 55
13 15 -18
13 16 -54
13 17 21
13 18 -36
13 19 60
14 15 -41
14 16 58
14 17 -33
14 18 -47
14 19 58
15 16 26
15 17 -46
15 18 34
15 19 45
16 17 16
17 18 -42
18 19 43
-1
-1715
