ba_20_4_32
20
-10
25
10
-11
-29
-2
10
-30
-32
32
23
-26
25
32
30
19
-25
7
-7
6
0 1 15
0 2 -10
0 3 23
0 4 24
0 5 7
0 6 28
0 7 10
0 8 -11
0 10 9
0 11 -16
0 13 28
0 14 -24
1 5 -12
1 7 -17
1 12 -20
1 14 -15
1 17 -15
1 19 32
2 5 22
2 6 -6
2 9 -28
2 10 -21
2 13 -29
2 15 14
2 19 -13
3 5 12
3 6 -29
3 7 9
3 8 26
3 9 -4
3 12 25
3 16 6
3 17 -31
3 18 -14
4 11 -21
5 6 17
5 7 6
5 8 11
5 11 -3
5 12 -31
5 13 19
5 14 15
5 16 -3
5 19 14
6 8 3
7 9 -15
7 10 19
7 12 -28
8 9 20
8 10 3
8 11 -28
8 15 -25
8 16 -24
8 17 19
8 18 -2
10 16 30
11 13 -17
11 14 14
11 15 8
11 17 -5
11 19 26
14 15 -11
14 18 3
15 18 -7
-1
-871
