ba_20_10_8
20
-6
4
7
-2
-2
-7
2
3
6
-6
8
-2
4
-8
-3
-4
5
-5
3
-8
0 1 5
0 2 6
0 3 4
0 4 3
0 5 -2
0 6 -6
0 7 8
0 8 -7
0 9 -6
0 10 -7
0 11 -5
0 12 -4
0 13 -8
0 14 8
0 15 -3
0 17 -4
0 18 -3
1 11 -6
1 12 8
1 13 -4
1 14 8
1 15 3
1 19 8
2 11 -3
2 13 6
2 14 7
2 15 -6
2 16 3
2 17 4
2 18 -2
3 11 -8
3 12 4
3 18 4
4 11 2
4 12 8
4 13 7
4 14 -2
4 17 3
4 18 5
5 11 -3
5 13 2
5 14 5
5 15 -6
6 12 -6
6 16 -8
6 18 4
7 11 -8
7 12 8
7 13 3
7 15 -3
7 16 8
7 17 -5
7 19 -8
8 11 2
8 12 -3
8 15 -2
8 16 -5
8 17 8
8 19 -5
9 11 6
9 12 3
9 13 -6
9 14 4
9 15 -6
9 16 -4
9 17 -8
9 19 -5
10 11 6
10 12 2
10 13 6
10 14 -2
10 16 7
10 18 6
10 19 3
11 12 -6
11 13 -2
11 14 7
11 15 2
11 16 4
11 17 7
12 13 5
12 14 -6
12 15 3
12 16 -2
12 17 6
12 18 3
12 19 -5
13 14 -7
13 16 -6
13 17 -5
13 18 -5
13 19 2
14 15 2
14 16 -3
14 17 -2
14 18 -6
14 19 7
16 18 -5
16 19 -8
18 19 -7
-1
-292
