ba_20_6_32
20
-21
15
-11
20
19
19
-26
31
-7
27
-10
23
15
-16
13
-13
2
4
10
16
0 1 32
0 2 31
0 3 -18
0 4 26
0 5 -20
0 6 -18
0 7 -8
0 8 6
0 9 -22
0 10 -10
0 11 -15
0 12 -29
0 13 -12
0 14 -28
0 16 12
0 19 16
1 7 2
1 8 6
1 9 11
1 10 10
1 12 -9
1 13 -5
1 14 11
1 16 8
2 11 -11
2 12 -28
3 7 -25
4 7 -16
4 8 -26
4 9 -27
4 10 -29
4 13 -11
4 14 12
4 18 9
5 7 3
5 8 3
5 10 -7
5 15 -21
5 19 17
6 7 30
6 8 20
6 9 18
6 10 30
6 12 23
6 13 30
6 14 15
6 15 -27
6 16 -19
6 17 32
7 8 -29
7 9 -12
7 11 4
7 12 16
7 13 10
7 15 -3
7 17 -18
7 18 18
8 9 19
8 11 5
8 12 -7
8 13 -26
8 15 -28
8 17 -17
8 18 -22
9 10 -21
9 11 8
9 17 -22
9 18 7
9 19 -10
10 11 19
10 17 16
10 19 -21
11 15 -3
11 16 -7
11 18 -9
12 14 11
12 15 12
12 16 -31
13 14 2
13 19 6
14 17 -3
15 16 6
15 18 28
16 19 19
-1
-817
