ba_20_6_8
20
7
5
-8
-2
6
-7
6
3
-3
3
-6
7
-4
5
4
-5
-8
-6
-5
7
0 1 -2
0 2 -8
0 3 -7
0 4 4
0 5 -4
0 6 3
0 7 -7
0 8 2
0 9 -8
0 10 -5
0 11 2
0 12 3
0 13 7
0 14 4
0 16 5
0 19 5
1 7 -7
1 8 2
1 9 -4
1 10 4
1 12 3
1 13 -2
1 14 -5
1 16 -7
2 11 -8
2 12 -6
3 7 4
4 7 3
4 8 3
4 9 -5
4 10 3
4 13 -4
4 14 -4
4 18 2
5 7 7
5 8 2
5 10 -4
5 15 7
5 19 -3
6 7 -5
6 8 -5
6 9 6
6 10 -6
6 12 2
6 13 6
6 14 -4
6 15 7
6 16 -2
6 17 -6
7 8 -6
7 9 8
7 11 2
7 12 -8
7 13 -2
7 15 -6
7 17 8
7 18 -3
8 9 2
8 11 8
8 12 5
8 13 -5
8 15 3
8 17 -5
8 18 -3
9 10 -4
9 11 -8
9 17 8
9 18 -6
9 19 -3
10 11 -7
10 17 -4
10 19 -7
11 15 3
11 16 -3
11 18 2
12 14 3
12 15 3
12 16 -2
13 14 -5
13 19 -6
14 17 3
15 16 3
15 18 3
16 19 -8
-1
-212
