ba_20_6_4
20
2
2
4
-3
3
-3
4
-3
4
-3
-2
4
-3
2
-3
4
-3
-4
-3
3
0 1 4
0 2 -3
0 3 2
0 4 4
0 5 4
0 6 -2
0 7 4
0 8 2
0 9 2
0 10 -2
0 11 -4
0 12 -3
0 13 -4
0 14 2
0 16 2
0 19 3
1 7 3
1 8 -4
1 9 4
1 10 4
1 12 2
1 13 4
1 14 3
1 16 2
2 11 -3
2 12 -2
3 7 4
4 7 3
4 8 2
4 9 -4
4 10 2
4 13 4
4 14 4
4 18 -2
5 7 -4
5 8 -4
5 10 -4
5 15 3
5 19 -4
6 7 -4
6 8 -3
6 9 2
6 10 -4
6 12 -4
6 13 3
6 14 -2
6 15 3
6 16 2
6 17 -2
7 8 2
7 9 4
7 11 4
7 12 -3
7 13 2
7 15 -2
7 17 -2
7 18 -4
8 9 -4
8 11 4
8 12 -3
8 13 -3
8 15 2
8 17 3
8 18 2
9 10 -2
9 11 3
9 17 -2
9 18 -2
9 19 -4
10 11 2
10 17 4
10 19 -3
11 15 2
11 16 -2
11 18 -2
12 14 3
12 15 3
12 16 -2
13 14 -2
13 19 -2
14 17 4
15 16 -3
15 18 4
16 19 4
-1
-130
