ba_20_10_64
20
-43
-13
28
-10
27
8
-9
29
-27
56
-25
-24
-34
19
-8
13
44
-47
-41
55
0 1 27
0 2 51
0 3 -43
0 4 18
0 5 -21
0 6 30
0 7 26
0 8 -13
0 9 12
0 10 -41
0 11 63
0 12 -7
0 13 24
0 14 -6
0 15 36
0 17 24
0 18 -6
1 11 -42
1 12 -29
1 13 30
1 14 -37
1 15 36
1 19 -24
2 11 -39
2 13 -5
2 14 10
2 15 56
2 16 -23
2 17 -35
2 18 17
3 11 27
3 12 -36
3 18 -61
4 11 49
4 12 -16
4 13 59
4 14 -26
4 17 -56
4 18 -19
5 11 -9
5 13 -40
5 14 2
5 15 11
6 12 -52
6 16 -29
6 18 18
7 11 28
7 12 -24
7 13 -25
7 15 20
7 16 42
7 17 14
7 19 25
8 11 22
8 12 -38
8 15 28
8 16 -22
8 17 -39
8 19 56
9 11 62
9 12 48
9 13 -47
9 14 22
9 15 -57
9 16 -35
9 17 59
9 19 -22
10 11 -48
10 12 57
10 13 50
10 14 -34
10 16 -47
10 18 48
10 19 -16
11 12 10
11 13 -29
11 14 37
11 15 -28
11 16 -55
11 17 -63
12 13 27
12 14 22
12 15 55
12 16 47
12 17 9
12 18 -37
12 19 -12
13 14 -42
13 16 56
13 17 14
13 18 61
13 19 -43
14 15 -14
14 16 -2
14 17 -39
14 18 -18
14 19 -55
16 18 -38
16 19 27
18 19 35
-1
-1735
