ba_20_4_64
20
47
42
-62
50
33
25
7
19
58
21
-10
59
-18
-4
30
42
6
27
38
-20
0 1 -15
0 2 11
0 3 -18
0 4 44
0 5 -52
0 6 16
0 7 63
0 8 -52
0 10 -18
0 11 -22
0 13 -12
0 14 18
1 5 25
1 7 5
1 12 18
1 14 2
1 17 -10
1 19 35
2 5 21
2 6 55
2 9 25
2 10 -48
2 13 25
2 15 10
2 19 -8
3 5 -43
3 6 56
3 7 -43
3 8 -41
3 9 9
3 12 -29
3 16 11
3 17 49
3 18 -22
4 11 -32
5 6 24
5 7 27
5 8 -37
5 11 64
5 12 5
5 13 24
5 14 46
5 16 40
5 19 11
6 8 -59
7 9 15
7 10 -58
7 12 40
8 9 38
8 10 -64
8 11 -37
8 15 55
8 16 -33
8 17 -63
8 18 35
10 16 61
11 13 29
11 14 -16
11 15 19
11 17 -43
11 19 38
14 15 44
14 18 -39
15 18 -52
-1
-1281
