ba_20_12_32
20
29
-18
-8
-29
2
-17
-24
19
19
25
4
-16
-11
-16
18
12
-11
2
-4
17
0 1 -6
0 2 -31
0 3 -23
0 4 26
0 5 -11
0 6 -20
0 7 -23
0 8 2
0 9 -28
0 10 -28
0 11 14
0 12 -26
0 13 -24
0 14 12
0 15 -29
0 16 -12
0 17 5
0 18 19
0 19 10
1 13 -31
1 14 7
1 17 -27
1 18 12
2 13 7
2 14 30
2 15 4
2 16 25
2 17 20
2 19 8
3 13 31
3 14 15
3 15 17
3 17 4
3 18 -31
3 19 31
4 14 -7
4 16 -20
4 18 -10
5 13 -16
5 14 25
5 15 14
5 16 -15
5 17 25
5 18 -20
6 13 15
6 14 -25
6 15 -32
6 16 8
6 17 -21
6 18 -26
6 19 -4
7 13 8
7 14 24
7 19 -29
8 13 23
8 14 -18
8 15 -28
8 16 19
8 18 4
9 13 -7
9 15 30
9 16 21
10 13 19
10 14 -28
10 15 18
10 18 2
10 19 30
11 13 -3
11 14 14
11 15 14
11 16 18
11 17 -32
11 19 -16
12 13 -12
12 15 -10
12 16 28
12 17 -29
12 19 -27
13 14 2
13 15 -22
13 16 4
13 17 19
13 18 -3
13 19 -5
14 15 -18
14 16 -2
14 17 29
14 18 -23
14 19 5
15 16 4
15 17 7
15 18 -2
15 19 20
16 17 4
17 18 24
18 19 23
-1
-880
