ba_20_8_16
20
6
10
4
-12
3
13
11
-4
-10
-5
-7
12
2
-8
-13
-5
13
11
-3
5
0 1 11
0 2 -9
0 3 7
0 4 -3
0 5 -6
0 6 16
0 7 15
0 8 9
0 9 -15
0 10 7
0 11 5
0 12 -10
0 13 -15
0 15 -12
0 16 9
0 17 -11
1 9 -12
1 10 -8
1 11 13
1 13 -12
1 15 8
1 19 -13
2 9 -7
2 10 8
2 11 -8
2 13 3
2 17 -3
2 18 12
3 9 -14
3 10 -12
3 11 -13
3 12 14
3 14 12
3 15 -2
3 16 14
4 9 -2
4 11 12
4 14 -9
5 9 9
5 10 9
5 12 5
5 14 16
5 18 -8
6 9 -9
6 10 -16
6 12 -9
6 14 -14
6 16 -10
7 9 -6
7 11 6
7 13 -4
7 17 -10
8 10 -14
8 12 7
8 13 11
8 14 -3
8 17 -12
9 10 10
9 11 2
9 12 6
9 13 -13
9 14 -11
9 15 -14
9 16 11
9 18 -11
9 19 -7
10 11 12
10 12 8
10 13 -16
10 14 -13
10 15 -3
10 16 13
10 17 8
10 18 -9
10 19 -2
11 12 14
11 13 6
11 14 4
11 15 -11
11 18 9
11 19 -4
12 15 9
12 16 14
12 17 4
12 19 -13
13 15 -11
13 16 -2
13 18 16
13 19 5
14 16 13
14 17 -7
14 18 5
15 19 7
16 17 -15
16 18 -2
18 19 -9
-1
-471
