ba_40_8_64
40
-32
32
-58
-41
-30
-34
6
-27
48
-21
-63
-32
-62
-26
57
18
27
26
-5
51
34
-48
30
-5
-42
-30
25
-45
-18
-55
-38
-54
7
28
53
-21
21
-11
20
45
0 1 -41
0 2 36
0 3 -64
0 4 -38
0 5 -61
0 6 -14
0 7 53
0 8 -28
0 9 -41
0 10 34
0 11 22
0 12 -15
0 13 -59
0 15 -13
0 16 20
0 17 4
0 21 30
0 22 18
0 23 -6
0 25 64
0 26 51
0 28 -50
0 31 50
0 37 38
1 9 17
1 10 -52
1 11 -47
1 13 13
1 15 -19
1 19 -33
1 21 60
1 22 21
1 23 -34
1 27 26
2 9 9
2 10 36
2 11 -51
2 13 48
2 17 -45
2 18 47
2 24 -53
2 32 -30
2 37 58
2 39 16
3 9 -59
3 10 -12
3 11 -33
3 12 -47
3 14 -15
3 15 11
3 16 27
3 28 -58
3 31 -13
4 9 -60
4 11 -8
4 14 -23
4 30 -45
5 9 10
5 10 61
5 12 63
5 14 3
5 18 4
5 36 56
6 9 27
6 10 50
6 12 45
6 14 -50
6 16 -10
6 20 40
6 25 38
6 35 17
6 38 39
7 9 -24
7 11 29
7 13 32
7 17 -21
7 27 15
7 32 30
7 38 -14
8 10 -42
8 12 15
8 13 -26
8 14 12
8 17 13
8 20 -40
8 23 37
8 25 -7
8 26 39
8 30 -24
8 35 -54
8 39 60
9 10 -8
9 11 53
9 12 -4
9 13 -45
9 14 30
9 15 42
9 16 -52
9 18 -60
9 19 53
9 20 -18
9 23 9
9 24 13
9 25 57
9 28 -7
9 30 -47
9 32 -57
9 36 -36
10 11 48
10 12 36
10 13 39
10 14 25
10 15 -34
10 16 -63
10 17 39
10 18 7
10 19 -22
10 20 37
10 21 30
10 24 -13
10 25 63
10 27 -40
10 29 49
10 31 45
10 32 26
10 33 53
10 34 -50
10 36 -62
10 37 -43
10 38 -32
11 12 -54
11 13 -59
11 14 -61
11 15 -30
11 18 44
11 19 47
11 24 10
11 25 7
11 26 13
11 28 6
11 33 6
11 35 -55
11 37 13
12 15 15
12 16 -60
12 17 -33
12 19 43
12 20 50
12 29 27
12 34 -49
12 36 18
13 15 -27
13 16 -37
13 18 -40
13 19 -37
13 21 48
13 22 -50
13 23 -61
13 27 -8
13 29 56
13 32 57
14 16 -6
14 17 -57
14 18 7
14 20 32
14 21 -24
14 22 -48
14 25 -6
14 26 59
14 29 -55
14 33 -44
14 37 43
15 19 -10
15 33 15
16 17 -59
16 18 7
16 21 24
16 22 20
16 23 -29
16 26 -25
16 29 -5
16 33 33
16 37 -40
16 38 23
16 39 26
17 20 -18
17 26 57
17 27 -25
17 28 -31
17 29 36
17 32 -13
18 19 -45
18 20 28
18 21 56
18 24 5
18 30 -46
18 31 -31
18 38 10
18 39 -2
19 22 -3
19 23 -57
19 25 -3
19 26 3
19 32 -49
19 34 51
19 35 64
20 21 -62
20 22 54
20 23 64
20 27 40
20 29 -25
20 30 -44
20 31 64
20 34 -53
20 35 -11
20 37 -21
20 38 52
21 22 58
21 24 60
21 27 -40
21 30 -44
21 31 50
21 34 -54
21 36 -62
22 24 -42
22 33 7
22 36 56
22 39 58
23 24 -9
23 27 24
23 34 53
23 35 -38
24 26 -40
24 28 -18
24 33 58
24 36 -2
24 38 -16
24 39 31
25 28 -20
26 31 61
26 35 -48
26 36 -3
26 38 -35
27 28 -4
27 29 44
27 30 -62
27 31 -8
27 34 -54
27 35 -3
27 39 -19
28 32 21
29 30 10
29 33 -44
32 34 -21
32 37 63
38 39 18
-1
-4183
