ba_40_4_32
40
-23
-27
21
16
-5
27
6
-25
-24
-12
18
12
22
-11
-6
-31
15
14
-24
-17
13
21
4
8
18
-29
24
32
-12
-4
-23
-20
18
-8
-2
26
-18
-29
-13
14
0 1 -13
0 2 -14
0 3 -19
0 4 -29
0 5 -3
0 6 -30
0 7 27
0 8 9
0 10 -4
0 11 -32
0 13 9
0 14 -6
0 20 10
0 21 27
0 23 -2
0 26 11
0 27 3
0 28 -17
0 32 -28
0 33 31
0 34 18
0 35 14
0 38 7
1 5 13
1 7 -26
1 12 -9
1 14 -32
1 17 -30
1 19 -23
1 27 -24
1 30 -24
2 5 -7
2 6 20
2 9 25
2 10 9
2 13 29
2 15 -19
2 19 20
2 21 16
2 39 -22
3 5 7
3 6 -31
3 7 13
3 8 -19
3 9 7
3 12 -21
3 16 -4
3 17 -28
3 18 16
3 20 -12
3 22 15
3 28 22
3 31 -26
3 35 17
3 36 -21
4 11 -30
4 25 -28
4 29 25
5 6 17
5 7 32
5 8 -22
5 11 -5
5 12 22
5 13 -17
5 14 12
5 16 -3
5 19 5
5 20 23
5 21 -2
5 22 -2
5 26 26
5 29 28
5 32 -2
5 33 -6
5 34 21
6 8 -9
6 20 17
6 27 -19
6 36 -27
7 9 10
7 10 -7
7 12 -3
7 23 17
7 25 32
7 33 -12
7 36 -9
8 9 4
8 10 2
8 11 -22
8 15 -28
8 16 4
8 17 14
8 18 14
8 23 -16
8 24 25
8 30 -4
8 37 8
8 38 -4
9 22 16
9 26 18
9 34 4
9 38 -28
10 16 26
10 22 32
10 29 27
11 13 8
11 14 -31
11 15 -24
11 17 10
11 19 -31
12 27 -10
13 21 23
13 31 7
14 15 -10
14 18 -16
14 24 23
14 37 -27
15 18 5
15 25 -25
15 28 -8
16 23 -15
17 36 -10
18 25 24
18 29 -19
18 32 21
18 35 -17
19 26 26
19 28 -16
19 31 5
20 24 13
21 33 31
21 39 19
22 24 -5
25 30 3
26 30 -14
26 31 -25
27 37 -19
28 32 23
28 34 25
28 39 -14
29 37 -24
29 39 26
34 35 22
36 38 13
-1
-1569
