ba_40_12_64
40
53
-36
39
32
39
-57
-21
31
-34
-5
-64
13
47
-13
15
-46
-26
48
-5
57
44
58
42
27
42
-64
-24
24
31
39
58
-42
16
33
-28
-51
39
-40
-18
-31
0 1 -36
0 2 34
0 3 56
0 4 45
0 5 -62
0 6 -14
0 7 43
0 8 56
0 9 27
0 10 2
0 11 -44
0 12 -62
0 13 -23
0 14 3
0 15 -36
0 16 21
0 17 -38
0 18 -7
0 19 -19
0 21 -24
0 23 -28
0 26 -59
0 28 57
0 29 -34
0 32 -45
0 34 17
0 37 37
0 38 -14
0 39 59
1 13 29
1 14 59
1 17 -2
1 18 47
1 23 53
1 25 -31
1 27 44
1 33 20
1 34 -61
1 35 -57
1 39 6
2 13 -62
2 14 -34
2 15 63
2 16 -47
2 17 -26
2 19 -36
2 20 -11
2 24 18
2 27 32
2 32 -62
2 38 -32
2 39 43
3 13 -19
3 14 -21
3 15 54
3 17 17
3 18 13
3 19 8
3 20 -52
3 22 -47
3 32 -12
3 35 36
3 37 34
4 14 12
4 16 31
4 18 -15
4 20 44
4 22 -64
4 24 54
4 30 8
4 36 19
4 39 -49
5 13 25
5 14 -35
5 15 54
5 16 -26
5 17 2
5 18 33
5 22 42
5 23 19
5 24 -44
5 26 -63
5 27 55
5 29 31
5 31 63
5 37 -58
5 38 41
6 13 14
6 14 8
6 15 53
6 16 -2
6 17 -30
6 18 -60
6 19 -57
6 21 38
6 23 -22
6 24 -38
6 25 -58
6 30 -15
6 35 41
6 36 -48
7 13 24
7 14 -53
7 19 -35
7 20 -63
7 21 -23
7 22 31
7 23 -54
7 27 -29
7 29 -61
7 30 20
7 31 26
7 32 -32
7 33 -61
7 35 42
7 39 -31
8 13 13
8 14 57
8 15 -3
8 16 -7
8 18 53
8 21 -27
8 22 36
8 24 56
8 28 -4
8 36 39
8 38 -46
9 13 64
9 15 -37
9 16 27
9 21 -52
9 27 -6
9 28 -49
10 13 -3
10 14 -19
10 15 -17
10 18 -29
10 19 -47
10 20 19
10 21 -60
10 22 -12
10 23 36
10 25 -22
10 26 43
10 27 54
10 30 30
10 31 8
10 33 8
10 36 -5
10 38 14
11 13 50
11 14 62
11 15 -40
11 16 37
11 17 45
11 19 -10
11 24 -36
11 26 51
11 31 -40
11 33 36
11 37 -49
12 13 5
12 15 12
12 16 -12
12 17 -24
12 19 -17
12 25 -32
12 26 -12
12 28 -12
12 33 34
12 35 18
12 38 10
13 14 -53
13 15 2
13 16 -32
13 17 -42
13 18 -39
13 19 14
13 20 -48
13 21 -2
13 22 7
13 24 -20
13 25 -18
13 26 -26
13 28 -48
13 29 62
13 30 41
13 32 12
13 34 -60
13 37 -25
13 39 -29
14 15 34
14 16 43
14 17 24
14 18 8
14 19 36
14 20 -36
14 21 42
14 23 44
14 25 -43
14 26 27
14 30 -17
14 32 56
14 33 -5
14 35 -56
14 38 -41
15 16 13
15 17 11
15 18 60
15 19 -62
15 20 -48
15 21 -22
15 22 -45
15 23 57
15 24 -11
15 25 -24
15 26 -35
15 27 -42
15 31 23
15 32 -33
15 33 -17
15 35 33
15 39 13
16 17 -52
16 20 39
16 21 29
16 22 6
16 24 51
16 29 -12
16 31 12
16 32 54
16 33 -62
16 34 53
16 37 6
17 18 5
17 20 32
17 23 24
17 24 -5
17 25 44
17 26 -25
17 27 -50
17 29 12
17 32 -3
17 33 -9
17 34 56
18 19 26
18 20 14
18 26 -33
18 27 -58
18 28 -53
18 29 -48
18 34 33
18 36 34
18 37 -14
18 38 40
18 39 -18
19 20 20
19 21 -13
19 22 55
19 23 -16
19 24 10
19 25 -63
19 27 33
19 28 -22
19 29 36
19 30 -63
19 31 19
19 34 -48
19 37 -5
19 38 -36
19 39 16
20 21 62
20 22 31
20 25 36
20 27 19
20 28 6
20 29 49
20 30 -48
20 34 -63
20 36 23
21 22 -3
21 23 12
21 26 -35
21 28 7
21 29 -36
21 30 -38
21 31 -24
21 32 -52
21 33 -13
21 36 37
22 23 -26
22 24 -51
22 25 31
22 30 29
22 31 7
22 34 -56
23 25 -8
23 26 14
23 33 -3
23 36 47
23 37 -30
23 39 48
24 28 -60
24 31 -52
24 32 33
24 37 -42
25 28 30
25 29 -46
25 38 18
26 27 -8
26 28 -8
26 29 27
26 31 28
26 35 26
26 36 -38
27 30 22
27 34 15
27 35 45
28 30 -22
28 32 6
28 35 -25
29 31 52
29 33 -39
29 35 -48
29 36 26
29 37 25
29 39 23
31 34 -50
32 34 25
32 37 29
33 36 15
33 39 44
34 35 39
34 36 39
35 38 10
37 38 33
-1
-4366
