ba_40_6_64
40
-34
59
30
44
59
-61
5
-37
24
-47
-40
-46
-41
-38
-13
44
37
-13
13
4
-29
50
61
-47
-53
-28
-24
33
-40
-58
50
-4
-3
14
-46
-62
12
7
59
7
0 1 -60
0 2 -44
0 3 -11
0 4 -23
0 5 26
0 6 -40
0 7 36
0 8 30
0 9 -10
0 10 17
0 11 -21
0 12 -38
0 13 -38
0 14 -57
0 16 -43
0 19 3
0 20 42
0 23 6
0 25 -64
0 29 21
0 31 -30
0 34 -24
0 35 -31
0 36 -56
0 37 62
0 39 -32
1 7 -5
1 8 -62
1 9 -29
1 10 -5
1 12 10
1 13 57
1 14 42
1 16 63
1 24 -43
1 28 -10
1 33 -63
2 11 -28
2 12 -32
3 7 20
3 25 -6
3 32 -2
4 7 -45
4 8 35
4 9 -9
4 10 62
4 13 36
4 14 -51
4 18 61
4 30 52
4 32 -62
5 7 21
5 8 51
5 10 50
5 15 -62
5 19 -30
6 7 50
6 8 -53
6 9 -27
6 10 -63
6 12 32
6 13 -57
6 14 -31
6 15 -55
6 16 -28
6 17 9
6 21 -55
6 26 -13
6 35 -36
6 37 -17
7 8 -8
7 9 15
7 11 12
7 12 -61
7 13 -12
7 15 9
7 17 51
7 18 -22
7 20 -39
7 21 -6
7 22 -23
7 24 -43
7 32 -5
8 9 4
8 11 35
8 12 -37
8 13 22
8 15 -60
8 17 13
8 18 -55
8 23 22
8 26 -2
8 28 28
8 33 -31
9 10 -47
9 11 -13
9 17 -32
9 18 -37
9 19 63
9 20 16
9 24 -22
9 25 -13
9 27 12
9 28 10
9 29 43
10 11 6
10 17 20
10 19 -41
10 21 35
10 22 61
10 23 44
10 24 23
10 26 30
10 29 37
10 30 -19
10 31 -49
10 35 -58
10 39 -39
11 15 -43
11 16 35
11 18 45
11 20 -46
11 22 29
11 30 26
11 35 56
11 38 -43
12 14 -16
12 15 -36
12 16 42
12 20 -19
12 21 -52
12 22 40
12 31 -29
12 32 -27
12 38 -36
12 39 8
13 14 11
13 19 -63
13 20 -8
13 27 -24
13 28 40
13 30 -14
13 33 -58
13 34 52
13 37 -59
14 17 -29
14 27 -25
14 28 5
14 29 -8
15 16 -13
15 18 57
15 21 43
15 23 43
15 32 54
15 37 18
16 19 -22
16 21 10
16 23 -33
16 30 6
16 32 29
16 37 33
17 22 19
17 24 -62
17 29 14
17 35 14
17 36 28
18 31 6
18 34 59
18 36 -48
18 38 27
19 25 -25
19 26 62
19 29 -19
19 30 -15
19 33 -41
20 22 -52
20 36 13
20 39 24
22 23 47
22 24 -26
22 25 -14
22 26 -43
22 27 43
22 31 60
22 33 -59
22 34 -57
22 38 61
23 25 6
23 26 -48
23 27 -19
23 31 6
24 27 -20
24 36 50
26 39 -11
27 28 -57
27 38 -36
29 35 -32
29 36 -8
31 33 41
32 34 -3
33 34 -4
33 37 -31
34 38 22
38 39 6
-1
-3567
