ba_40_10_32
40
32
-11
-28
-16
4
-10
32
-17
-4
23
-11
19
-17
-14
32
8
10
-32
6
10
-3
-18
-11
6
22
27
-13
-4
-25
-21
-29
11
-4
-5
17
31
15
-27
-23
8
0 1 12
0 2 -19
0 3 -31
0 4 28
0 5 -27
0 6 -14
0 7 28
0 8 -4
0 9 -20
0 10 29
0 11 8
0 12 -32
0 13 3
0 14 26
0 15 21
0 17 8
0 18 31
0 20 29
0 21 -23
0 22 26
0 24 25
0 27 -2
0 28 -11
0 32 29
0 33 -25
0 34 6
0 37 27
0 38 21
1 11 -3
1 12 -26
1 13 -5
1 14 -22
1 15 -17
1 19 26
1 20 -27
1 23 -10
1 24 29
1 25 7
1 26 -17
1 29 -16
1 33 -8
1 35 -32
1 37 8
2 11 -18
2 13 14
2 14 2
2 15 -16
2 16 -30
2 17 -9
2 18 -23
2 20 -22
2 22 -10
2 27 27
2 31 -23
2 34 23
2 37 2
2 38 24
2 39 23
3 11 18
3 12 -9
3 18 17
4 11 17
4 12 -28
4 13 -24
4 14 -8
4 17 13
4 18 -6
4 20 -6
4 23 -22
4 26 -12
4 29 -17
4 32 -14
4 33 -25
4 36 -25
4 39 24
5 11 6
5 13 -2
5 14 3
5 15 -17
5 20 27
5 21 14
5 23 -10
5 29 32
5 32 9
5 39 -19
6 12 -22
6 16 -9
6 18 8
6 36 31
7 11 20
7 12 15
7 13 -7
7 15 28
7 16 -20
7 17 17
7 19 -26
7 21 20
7 22 -31
7 24 30
7 30 -4
8 11 -17
8 12 5
8 15 -8
8 16 22
8 17 19
8 19 8
8 23 -4
8 28 12
8 29 -7
8 30 8
8 31 19
8 35 -25
8 36 16
9 11 31
9 12 21
9 13 27
9 14 21
9 15 -16
9 16 16
9 17 23
9 19 -9
9 20 11
9 21 31
9 24 29
9 25 -6
9 26 29
9 29 18
9 31 15
9 32 17
9 35 -2
9 38 -14
9 39 20
10 11 22
10 12 -25
10 13 19
10 14 -7
10 16 -27
10 18 -14
10 19 24
10 23 -26
10 28 -3
10 32 -7
10 34 18
10 35 -8
11 12 15
11 13 23
11 14 -17
11 15 -21
11 16 2
11 17 23
11 21 -27
11 24 -32
11 25 24
11 26 -6
11 27 29
11 30 -20
11 34 13
11 36 26
11 37 -3
11 38 9
12 13 32
12 14 -20
12 15 24
12 16 30
12 17 -4
12 18 14
12 19 19
12 21 -7
12 22 9
12 23 26
12 24 16
12 25 -14
12 26 -9
12 27 7
12 28 -11
12 29 2
12 34 22
12 38 32
12 39 -3
13 14 13
13 16 -2
13 17 10
13 18 18
13 19 24
13 20 -23
13 22 7
13 24 -9
13 27 -11
13 28 -13
13 30 14
13 31 -31
13 33 13
13 36 25
13 37 30
13 39 22
14 15 -2
14 16 15
14 17 -24
14 18 8
14 19 -8
14 20 30
14 21 -6
14 22 2
14 23 28
14 25 4
14 27 4
14 29 -16
14 32 -16
14 35 -7
15 22 -7
15 34 -31
15 37 6
16 18 -15
16 19 6
16 21 -31
16 25 16
16 27 -10
16 28 27
16 31 12
16 37 18
16 39 -15
17 20 -29
17 21 23
17 22 -14
17 23 26
17 28 -22
17 29 19
17 30 -30
17 31 -7
17 34 -27
17 35 -16
17 39 16
18 19 -21
18 21 32
18 22 11
18 23 -17
18 24 32
18 26 15
18 33 -7
18 37 -5
18 39 3
19 20 31
19 22 30
19 26 27
19 31 -6
19 35 -13
20 24 21
20 25 -9
20 26 31
20 32 -4
20 33 6
20 34 -3
21 24 -21
21 26 32
21 29 -19
21 33 25
21 35 16
21 36 17
22 23 5
22 25 31
22 26 -14
22 27 -3
22 37 -27
22 38 -28
23 25 -17
23 28 -26
23 30 10
23 38 -11
24 25 16
24 27 28
24 32 5
24 34 -16
24 36 29
25 28 -32
25 30 -28
25 31 5
25 32 17
25 33 -25
26 27 12
26 28 -23
26 30 14
26 31 -6
26 33 29
27 31 23
27 33 -4
27 34 24
27 36 -32
27 37 4
28 29 2
28 30 20
28 35 -28
29 30 -16
29 32 27
29 35 -11
31 36 15
33 38 25
34 38 -13
35 36 -7
36 38 10
37 39 -13
-1
-2220
