ba_40_12_4
40
-4
2
-3
-4
-4
-3
4
2
4
4
-2
-3
4
2
-2
3
-4
-4
-4
-2
-3
2
-3
4
-2
4
4
-2
3
-4
3
-2
-2
-3
-4
-3
-4
-3
4
2
0 1 -2
0 2 4
0 3 4
0 4 2
0 5 2
0 6 -3
0 7 -4
0 8 -2
0 9 -2
0 10 -3
0 11 4
0 12 3
0 13 -2
0 14 2
0 15 2
0 16 -2
0 17 -2
0 18 2
0 19 4
0 21 -2
0 23 3
0 26 3
0 28 2
0 29 2
0 32 -4
0 34 4
0 37 2
0 38 -3
0 39 2
1 13 -3
1 14 2
1 17 4
1 18 -2
1 23 -2
1 25 -4
1 27 -2
1 33 4
1 34 -3
1 35 -3
1 39 2
2 13 2
2 14 4
2 15 3
2 16 2
2 17 -2
2 19 -3
2 20 2
2 24 -3
2 27 -4
2 32 2
2 38 -4
2 39 4
3 13 -4
3 14 3
3 15 2
3 17 -2
3 18 -2
3 19 2
3 20 3
3 22 -4
3 32 -4
3 35 3
3 37 -4
4 14 -4
4 16 -4
4 18 3
4 20 -2
4 22 -3
4 24 -4
4 30 2
4 36 3
4 39 -3
5 13 4
5 14 4
5 15 4
5 16 4
5 17 3
5 18 -2
5 22 -2
5 23 -2
5 24 -4
5 26 -4
5 27 2
5 29 -4
5 31 2
5 37 -3
5 38 -4
6 13 3
6 14 -2
6 15 -2
6 16 -4
6 17 4
6 18 -4
6 19 -4
6 21 -4
6 23 4
6 24 -4
6 25 -3
6 30 -2
6 35 -2
6 36 3
7 13 -2
7 14 -3
7 19 -3
7 20 3
7 21 4
7 22 2
7 23 -3
7 27 -4
7 29 4
7 30 -4
7 31 4
7 32 3
7 33 3
7 35 -4
7 39 4
8 13 -2
8 14 -4
8 15 -3
8 16 -2
8 18 3
8 21 -4
8 22 -2
8 24 2
8 28 2
8 36 -2
8 38 3
9 13 -2
9 15 -4
9 16 -3
9 21 -4
9 27 2
9 28 4
10 13 4
10 14 -3
10 15 -4
10 18 -2
10 19 2
10 20 2
10 21 -4
10 22 3
10 23 3
10 25 4
10 26 2
10 27 -2
10 30 -2
10 31 4
10 33 2
10 36 2
10 38 -4
11 13 2
11 14 -3
11 15 4
11 16 -2
11 17 4
11 19 -3
11 24 -3
11 26 -4
11 31 2
11 33 2
11 37 2
12 13 -4
12 15 2
12 16 4
12 17 -4
12 19 -4
12 25 -4
12 26 2
12 28 -4
12 33 4
12 35 3
12 38 4
13 14 -3
13 15 -2
13 16 -2
13 17 2
13 18 -2
13 19 2
13 20 -2
13 21 2
13 22 -4
13 24 -3
13 25 -4
13 26 -4
13 28 2
13 29 -3
13 30 2
13 32 -3
13 34 2
13 37 2
13 39 -3
14 15 -2
14 16 4
14 17 -4
14 18 -2
14 19 -3
14 20 -4
14 21 4
14 23 -3
14 25 -3
14 26 3
14 30 3
14 32 4
14 33 -3
14 35 2
14 38 -3
15 16 -4
15 17 4
15 18 3
15 19 2
15 20 2
15 21 4
15 22 -4
15 23 3
15 24 -4
15 25 2
15 26 -2
15 27 3
15 31 2
15 32 -4
15 33 2
15 35 3
15 39 4
16 17 2
16 20 2
16 21 4
16 22 3
16 24 -4
16 29 -2
16 31 4
16 32 2
16 33 4
16 34 -2
16 37 -3
17 18 2
17 20 2
17 23 2
17 24 3
17 25 -3
17 26 -4
17 27 3
17 29 -2
17 32 -2
17 33 -3
17 34 3
18 19 -3
18 20 2
18 26 4
18 27 -2
18 28 -4
18 29 3
18 34 4
18 36 4
18 37 4
18 38 2
18 39 3
19 20 2
19 21 -2
19 22 4
19 23 2
19 24 -2
19 25 -4
19 27 2
19 28 -2
19 29 -3
19 30 -3
19 31 -3
19 34 3
19 37 4
19 38 4
19 39 -2
20 21 -3
20 22 4
20 25 2
20 27 4
20 28 -4
20 29 -3
20 30 -2
20 34 -4
20 36 -4
21 22 3
21 23 -4
21 26 -4
21 28 2
21 29 3
21 30 2
21 31 4
21 32 -4
21 33 -2
21 36 3
22 23 3
22 24 3
22 25 4
22 30 3
22 31 -3
22 34 -4
23 25 -3
23 26 3
23 33 -4
23 36 3
23 37 -4
23 39 2
24 28 3
24 31 -2
24 32 -3
24 37 -3
25 28 4
25 29 4
25 38 -4
26 27 4
26 28 -4
26 29 -3
26 31 -3
26 35 -4
26 36 -3
27 30 -4
27 34 -2
27 35 -3
28 30 -3
28 32 3
28 35 -4
29 31 -3
29 33 2
29 35 -3
29 36 -4
29 37 3
29 39 3
31 34 -2
32 34 4
32 37 2
33 36 -4
33 39 -2
34 35 4
34 36 -2
35 38 -4
37 38 -4
-1
-387
