ba_40_12_16
40
-15
13
2
5
10
9
-2
16
-4
16
8
15
-5
-10
-10
-11
14
-12
13
15
15
10
10
11
12
-7
-9
6
12
-3
-7
2
-5
9
-3
10
-8
-2
3
2
0 1 -12
0 2 16
0 3 -9
0 4 10
0 5 12
0 6 15
0 7 11
0 8 6
0 9 -13
0 10 -2
0 11 4
0 12 11
0 13 2
0 14 4
0 15 8
0 16 -13
0 17 14
0 18 11
0 19 -13
0 21 -16
0 23 10
0 26 -4
0 28 6
0 29 -13
0 32 9
0 34 15
0 37 16
0 38 -10
0 39 6
1 13 6
1 14 -9
1 17 -14
1 18 -12
1 23 10
1 25 10
1 27 -9
1 33 -14
1 34 -5
1 35 16
1 39 -4
2 13 -5
2 14 10
2 15 15
2 16 3
2 17 -7
2 19 -12
2 20 11
2 24 -10
2 27 -13
2 32 16
2 38 11
2 39 -8
3 13 -10
3 14 -9
3 15 12
3 17 -6
3 18 -7
3 19 5
3 20 -11
3 22 9
3 32 8
3 35 -3
3 37 -3
4 14 -10
4 16 -5
4 18 13
4 20 -14
4 22 7
4 24 -8
4 30 5
4 36 -16
4 39 -6
5 13 10
5 14 -9
5 15 -2
5 16 7
5 17 -9
5 18 8
5 22 11
5 23 -3
5 24 -3
5 26 2
5 27 -7
5 29 2
5 31 -7
5 37 -3
5 38 -4
6 13 -3
6 14 12
6 15 12
6 16 4
6 17 -7
6 18 -3
6 19 -6
6 21 -2
6 23 -11
6 24 8
6 25 -2
6 30 -15
6 35 -11
6 36 -10
7 13 3
7 14 7
7 19 -16
7 20 16
7 21 8
7 22 3
7 23 15
7 27 -11
7 29 2
7 30 -14
7 31 8
7 32 -4
7 33 -11
7 35 15
7 39 14
8 13 -11
8 14 3
8 15 16
8 16 -5
8 18 -13
8 21 -14
8 22 -12
8 24 12
8 28 -6
8 36 -15
8 38 -5
9 13 8
9 15 -11
9 16 9
9 21 -5
9 27 14
9 28 -6
10 13 15
10 14 7
10 15 8
10 18 -2
10 19 6
10 20 -3
10 21 -13
10 22 4
10 23 -6
10 25 -7
10 26 5
10 27 -10
10 30 15
10 31 3
10 33 11
10 36 4
10 38 7
11 13 -10
11 14 -11
11 15 5
11 16 8
11 17 -10
11 19 -11
11 24 -3
11 26 11
11 31 8
11 33 -12
11 37 6
12 13 9
12 15 -13
12 16 -2
12 17 3
12 19 -12
12 25 5
12 26 -3
12 28 6
12 33 -6
12 35 13
12 38 -7
13 14 13
13 15 -13
13 16 10
13 17 2
13 18 2
13 19 15
13 20 8
13 21 -16
13 22 3
13 24 -12
13 25 13
13 26 -16
13 28 6
13 29 -14
13 30 -8
13 32 -13
13 34 -3
13 37 -12
13 39 8
14 15 -13
14 16 13
14 17 -8
14 18 15
14 19 3
14 20 12
14 21 -5
14 23 12
14 25 -16
14 26 2
14 30 -4
14 32 5
14 33 -15
14 35 2
14 38 -12
15 16 -7
15 17 -7
15 18 5
15 19 -8
15 20 14
15 21 13
15 22 6
15 23 14
15 24 2
15 25 -7
15 26 -13
15 27 -2
15 31 12
15 32 -3
15 33 13
15 35 14
15 39 -10
16 17 5
16 20 -14
16 21 9
16 22 -2
16 24 4
16 29 -9
16 31 3
16 32 16
16 33 -13
16 34 11
16 37 9
17 18 -2
17 20 16
17 23 16
17 24 -15
17 25 16
17 26 -10
17 27 10
17 29 11
17 32 -5
17 33 5
17 34 -11
18 19 -11
18 20 8
18 26 -12
18 27 5
18 28 -9
18 29 -12
18 34 -5
18 36 6
18 37 -6
18 38 11
18 39 16
19 20 -15
19 21 -2
19 22 9
19 23 -10
19 24 -8
19 25 -2
19 27 -14
19 28 6
19 29 4
19 30 4
19 31 -3
19 34 5
19 37 -7
19 38 14
19 39 -16
20 21 -8
20 22 -15
20 25 -11
20 27 7
20 28 6
20 29 3
20 30 -14
20 34 11
20 36 16
21 22 -13
21 23 -16
21 26 -10
21 28 -15
21 29 -8
21 30 -2
21 31 2
21 32 16
21 33 -14
21 36 11
22 23 -12
22 24 -11
22 25 8
22 30 6
22 31 -15
22 34 4
23 25 -14
23 26 -14
23 33 7
23 36 14
23 37 -5
23 39 -16
24 28 -11
24 31 -6
24 32 16
24 37 15
25 28 -14
25 29 -2
25 38 -12
26 27 -10
26 28 11
26 29 9
26 31 -16
26 35 11
26 36 15
27 30 10
27 34 -7
27 35 3
28 30 5
28 32 -10
28 35 -4
29 31 11
29 33 -13
29 35 8
29 36 8
29 37 -9
29 39 11
31 34 -11
32 34 -2
32 37 -5
33 36 4
33 39 2
34 35 -10
34 36 15
35 38 -12
37 38 -10
-1
-1208
