ba_40_10_64
40
62
4
19
25
-61
35
62
-17
-36
-35
-52
-14
28
61
55
-24
-20
22
56
49
6
-13
-24
-56
-30
32
18
14
13
-28
-16
2
29
-37
40
58
35
-5
-25
-56
0 1 46
0 2 51
0 3 41
0 4 -16
0 5 45
0 6 -8
0 7 16
0 8 -13
0 9 16
0 10 33
0 11 -10
0 12 58
0 13 20
0 14 -5
0 15 4
0 17 -58
0 18 51
0 20 -50
0 21 3
0 22 33
0 24 55
0 27 -22
0 28 50
0 32 39
0 33 8
0 34 2
0 37 31
0 38 -13
1 11 -57
1 12 56
1 13 -44
1 14 -15
1 15 -41
1 19 -52
1 20 -25
1 23 -51
1 24 62
1 25 60
1 26 19
1 29 17
1 33 33
1 35 46
1 37 50
2 11 -12
2 13 56
2 14 -8
2 15 38
2 16 -63
2 17 -62
2 18 35
2 20 60
2 22 -8
2 27 30
2 31 32
2 34 21
2 37 4
2 38 -42
2 39 -36
3 11 60
3 12 -31
3 18 -63
4 11 -31
4 12 -62
4 13 -38
4 14 -24
4 17 -31
4 18 -27
4 20 -3
4 23 19
4 26 11
4 29 -20
4 32 -24
4 33 -57
4 36 44
4 39 -45
5 11 -33
5 13 45
5 14 49
5 15 -63
5 20 -9
5 21 -14
5 23 -2
5 29 -53
5 32 -49
5 39 14
6 12 14
6 16 -13
6 18 4
6 36 -11
7 11 32
7 12 -41
7 13 52
7 15 57
7 16 17
7 17 -33
7 19 -17
7 21 -60
7 22 -31
7 24 -4
7 30 46
8 11 6
8 12 60
8 15 27
8 16 -61
8 17 -12
8 19 35
8 23 -16
8 28 -38
8 29 29
8 30 -53
8 31 20
8 35 -49
8 36 26
9 11 7
9 12 -23
9 13 12
9 14 -33
9 15 60
9 16 21
9 17 62
9 19 30
9 20 -59
9 21 -23
9 24 -20
9 25 14
9 26 45
9 29 -23
9 31 53
9 32 21
9 35 -42
9 38 -40
9 39 6
10 11 -3
10 12 -23
10 13 -33
10 14 -44
10 16 -29
10 18 47
10 19 -21
10 23 -29
10 28 3
10 32 6
10 34 33
10 35 -53
11 12 51
11 13 58
11 14 -49
11 15 -5
11 16 56
11 17 -17
11 21 -48
11 24 -32
11 25 18
11 26 -26
11 27 19
11 30 42
11 34 -45
11 36 -30
11 37 41
11 38 26
12 13 19
12 14 35
12 15 54
12 16 50
12 17 56
12 18 20
12 19 -48
12 21 38
12 22 -28
12 23 44
12 24 -4
12 25 28
12 26 15
12 27 34
12 28 -41
12 29 -47
12 34 35
12 38 46
12 39 12
13 14 -8
13 16 54
13 17 15
13 18 -58
13 19 12
13 20 -63
13 22 49
13 24 -19
13 27 63
13 28 48
13 30 -26
13 31 31
13 33 -59
13 36 -18
13 37 58
13 39 -23
14 15 -62
14 16 -49
14 17 -8
14 18 -6
14 19 -28
14 20 26
14 21 19
14 22 -51
14 23 -46
14 25 39
14 27 -21
14 29 -6
14 32 -27
14 35 16
15 22 -45
15 34 -50
15 37 15
16 18 -33
16 19 6
16 21 25
16 25 35
16 27 26
16 28 -51
16 31 -63
16 37 -6
16 39 -12
17 20 -22
17 21 -2
17 22 19
17 23 47
17 28 59
17 29 18
17 30 21
17 31 19
17 34 -61
17 35 31
17 39 49
18 19 -37
18 21 -14
18 22 -47
18 23 -41
18 24 -9
18 26 -12
18 33 56
18 37 39
18 39 57
19 20 51
19 22 17
19 26 -30
19 31 53
19 35 -56
20 24 44
20 25 63
20 26 44
20 32 19
20 33 34
20 34 58
21 24 -55
21 26 -12
21 29 -46
21 33 48
21 35 52
21 36 22
22 23 37
22 25 -23
22 26 -31
22 27 35
22 37 2
22 38 -26
23 25 -49
23 28 30
23 30 10
23 38 42
24 25 -21
24 27 -35
24 32 -16
24 34 34
24 36 -64
25 28 -30
25 30 47
25 31 -62
25 32 -3
25 33 35
26 27 62
26 28 14
26 30 62
26 31 60
26 33 -44
27 31 -25
27 33 -11
27 34 -5
27 36 -36
27 37 -30
28 29 56
28 30 -11
28 35 -41
29 30 -61
29 32 21
29 35 7
31 36 -30
33 38 -28
34 38 -6
35 36 8
36 38 -62
37 39 -41
-1
-4238
