ba_40_8_32
40
-13
-23
-32
4
28
-12
-19
-7
32
19
29
-24
-2
30
-12
20
22
-7
-2
24
-18
-3
-17
-21
10
-15
31
8
-29
-12
23
9
23
-7
6
7
27
-4
16
20
0 1 -11
0 2 19
0 3 20
0 4 17
0 5 10
0 6 23
0 7 -6
0 8 -28
0 9 17
0 10 29
0 11 6
0 12 -4
0 13 -11
0 15 -12
0 16 27
0 17 -9
0 21 5
0 22 -20
0 23 -8
0 25 -30
0 26 3
0 28 31
0 31 16
0 37 -12
1 9 12
1 10 -21
1 11 -13
1 13 15
1 15 19
1 19 32
1 21 13
1 22 -15
1 23 -28
1 27 27
2 9 -15
2 10 24
2 11 4
2 13 -14
2 17 30
2 18 15
2 24 -20
2 32 17
2 37 -24
2 39 8
3 9 -10
3 10 4
3 11 -22
3 12 -8
3 14 12
3 15 -18
3 16 -28
3 28 29
3 31 -16
4 9 32
4 11 -2
4 14 6
4 30 -9
5 9 -9
5 10 -12
5 12 8
5 14 -5
5 18 -31
5 36 18
6 9 -20
6 10 17
6 12 8
6 14 19
6 16 -21
6 20 6
6 25 -30
6 35 -10
6 38 -27
7 9 -14
7 11 24
7 13 -28
7 17 -5
7 27 -26
7 32 -5
7 38 -22
8 10 32
8 12 28
8 13 -32
8 14 28
8 17 -24
8 20 -16
8 23 -7
8 25 18
8 26 -27
8 30 8
8 35 16
8 39 -2
9 10 30
9 11 -20
9 12 4
9 13 -32
9 14 -14
9 15 -25
9 16 4
9 18 -5
9 19 -28
9 20 15
9 23 19
9 24 -11
9 25 28
9 28 -21
9 30 20
9 32 11
9 36 28
10 11 -29
10 12 -15
10 13 9
10 14 17
10 15 7
10 16 -15
10 17 15
10 18 -32
10 19 -25
10 20 28
10 21 -2
10 24 16
10 25 17
10 27 -22
10 29 -3
10 31 -6
10 32 -25
10 33 13
10 34 19
10 36 -2
10 37 30
10 38 26
11 12 -10
11 13 19
11 14 -27
11 15 8
11 18 15
11 19 4
11 24 28
11 25 -31
11 26 -11
11 28 30
11 33 8
11 35 13
11 37 29
12 15 -7
12 16 -19
12 17 19
12 19 -31
12 20 -20
12 29 -11
12 34 -17
12 36 12
13 15 -10
13 16 13
13 18 -26
13 19 -14
13 21 24
13 22 -31
13 23 17
13 27 -32
13 29 12
13 32 17
14 16 -10
14 17 -15
14 18 14
14 20 -17
14 21 15
14 22 -20
14 25 -21
14 26 -6
14 29 31
14 33 -11
14 37 12
15 19 -26
15 33 19
16 17 -22
16 18 -24
16 21 12
16 22 -12
16 23 -10
16 26 -21
16 29 15
16 33 17
16 37 21
16 38 -14
16 39 -20
17 20 -12
17 26 -8
17 27 -24
17 28 22
17 29 10
17 32 -16
18 19 31
18 20 21
18 21 11
18 24 32
18 30 -15
18 31 3
18 38 10
18 39 8
19 22 22
19 23 28
19 25 -23
19 26 12
19 32 31
19 34 -10
19 35 26
20 21 -24
20 22 30
20 23 -8
20 27 -11
20 29 2
20 30 2
20 31 20
20 34 -18
20 35 -17
20 37 30
20 38 27
21 22 -12
21 24 -19
21 27 5
21 30 -31
21 31 25
21 34 -10
21 36 -11
22 24 -26
22 33 -32
22 36 10
22 39 13
23 24 -17
23 27 6
23 34 20
23 35 -26
24 26 -17
24 28 -11
24 33 -23
24 36 21
24 38 15
24 39 -8
25 28 30
26 31 -8
26 35 -20
26 36 -9
26 38 -12
27 28 -21
27 29 6
27 30 30
27 31 -30
27 34 21
27 35 17
27 39 20
28 32 -14
29 30 26
29 33 -13
32 34 -10
32 37 -8
38 39 10
-1
-2133
