ba_40_8_8
40
5
6
-3
7
7
6
6
6
-2
-7
7
-5
5
6
6
5
-8
-3
-4
-3
-5
-3
-8
-6
2
-4
-2
-5
8
-3
-8
-8
-2
-5
-6
-2
8
3
7
4
0 1 -5
0 2 8
0 3 -3
0 4 4
0 5 3
0 6 -7
0 7 6
0 8 -8
0 9 -3
0 10 -3
0 11 3
0 12 6
0 13 -5
0 15 3
0 16 6
0 17 -5
0 21 7
0 22 3
0 23 8
0 25 5
0 26 -2
0 28 6
0 31 2
0 37 2
1 9 6
1 10 6
1 11 2
1 13 2
1 15 8
1 19 -4
1 21 5
1 22 5
1 23 -5
1 27 4
2 9 -6
2 10 -4
2 11 -3
2 13 -3
2 17 -8
2 18 8
2 24 8
2 32 5
2 37 6
2 39 8
3 9 -5
3 10 -8
3 11 4
3 12 3
3 14 3
3 15 3
3 16 -7
3 28 -4
3 31 -3
4 9 -4
4 11 -5
4 14 8
4 30 5
5 9 -3
5 10 -6
5 12 -4
5 14 6
5 18 7
5 36 -2
6 9 -4
6 10 -2
6 12 -7
6 14 8
6 16 8
6 20 8
6 25 -3
6 35 -2
6 38 -6
7 9 -7
7 11 2
7 13 6
7 17 -5
7 27 5
7 32 6
7 38 6
8 10 8
8 12 -3
8 13 3
8 14 -4
8 17 7
8 20 -3
8 23 -7
8 25 3
8 26 3
8 30 7
8 35 5
8 39 -4
9 10 -2
9 11 4
9 12 -8
9 13 5
9 14 6
9 15 -3
9 16 7
9 18 7
9 19 3
9 20 -6
9 23 -3
9 24 8
9 25 -6
9 28 5
9 30 -3
9 32 3
9 36 2
10 11 -2
10 12 7
10 13 -8
10 14 -8
10 15 4
10 16 7
10 17 -8
10 18 -7
10 19 2
10 20 2
10 21 4
10 24 -8
10 25 -6
10 27 3
10 29 5
10 31 -6
10 32 -2
10 33 4
10 34 7
10 36 -6
10 37 2
10 38 -4
11 12 -6
11 13 -8
11 14 -8
11 15 4
11 18 -4
11 19 -4
11 24 3
11 25 8
11 26 2
11 28 3
11 33 -6
11 35 -8
11 37 -2
12 15 -3
12 16 -8
12 17 6
12 19 -6
12 20 4
12 29 -2
12 34 3
12 36 4
13 15 3
13 16 -5
13 18 -4
13 19 -8
13 21 -2
13 22 7
13 23 -5
13 27 -3
13 29 2
13 32 -6
14 16 -3
14 17 6
14 18 -8
14 20 -8
14 21 -6
14 22 -7
14 25 -3
14 26 7
14 29 4
14 33 4
14 37 -8
15 19 3
15 33 3
16 17 -4
16 18 -6
16 21 3
16 22 -6
16 23 -4
16 26 8
16 29 -3
16 33 4
16 37 -2
16 38 -5
16 39 8
17 20 3
17 26 -3
17 27 6
17 28 2
17 29 -4
17 32 7
18 19 -8
18 20 2
18 21 -7
18 24 6
18 30 -5
18 31 6
18 38 3
18 39 -2
19 22 -7
19 23 -4
19 25 -6
19 26 -6
19 32 7
19 34 -6
19 35 7
20 21 -3
20 22 5
20 23 7
20 27 7
20 29 8
20 30 -8
20 31 5
20 34 4
20 35 -3
20 37 3
20 38 3
21 22 -4
21 24 -6
21 27 7
21 30 4
21 31 4
21 34 -8
21 36 -2
22 24 8
22 33 7
22 36 2
22 39 -5
23 24 4
23 27 2
23 34 -8
23 35 2
24 26 7
24 28 -8
24 33 4
24 36 7
24 38 5
24 39 2
25 28 6
26 31 -2
26 35 -5
26 36 -7
26 38 -2
27 28 8
27 29 -8
27 30 7
27 31 7
27 34 5
27 35 8
27 39 -7
28 32 -3
29 30 4
29 33 -5
32 34 -2
32 37 4
38 39 8
-1
-617
