ba_40_4_8
40
-5
-2
2
5
-2
-5
-2
3
6
5
3
4
7
7
4
4
-8
7
3
6
-4
5
-8
-3
-3
-5
7
-7
5
8
-6
-8
3
6
6
-8
7
-3
-5
-3
0 1 -5
0 2 -8
0 3 -8
0 4 -6
0 5 6
0 6 3
0 7 -2
0 8 6
0 10 -5
0 11 3
0 13 -3
0 14 7
0 20 -3
0 21 -7
0 23 -6
0 26 2
0 27 3
0 28 -3
0 32 5
0 33 6
0 34 5
0 35 -8
0 38 6
1 5 6
1 7 -5
1 12 -8
1 14 -7
1 17 -7
1 19 -3
1 27 -5
1 30 -7
2 5 5
2 6 2
2 9 6
2 10 -3
2 13 8
2 15 2
2 19 -5
2 21 2
2 39 8
3 5 -2
3 6 8
3 7 -5
3 8 -4
3 9 5
3 12 -5
3 16 3
3 17 -7
3 18 -5
3 20 -3
3 22 6
3 28 7
3 31 3
3 35 -7
3 36 5
4 11 -7
4 25 -4
4 29 7
5 6 -4
5 7 -7
5 8 -6
5 11 -8
5 12 -8
5 13 -8
5 14 8
5 16 -7
5 19 5
5 20 -8
5 21 6
5 22 7
5 26 -6
5 29 -3
5 32 -7
5 33 -3
5 34 -5
6 8 -6
6 20 5
6 27 -2
6 36 -3
7 9 6
7 10 6
7 12 8
7 23 2
7 25 -6
7 33 8
7 36 2
8 9 3
8 10 7
8 11 -5
8 15 8
8 16 -8
8 17 4
8 18 2
8 23 8
8 24 -2
8 30 -5
8 37 -3
8 38 -7
9 22 -6
9 26 2
9 34 2
9 38 3
10 16 4
10 22 -6
10 29 7
11 13 -3
11 14 6
11 15 2
11 17 4
11 19 -3
12 27 4
13 21 -2
13 31 3
14 15 -7
14 18 -8
14 24 -6
14 37 2
15 18 -2
15 25 -7
15 28 3
16 23 -6
17 36 4
18 25 4
18 29 2
18 32 -5
18 35 8
19 26 8
19 28 -5
19 31 7
20 24 -2
21 33 -2
21 39 7
22 24 -2
25 30 -6
26 30 5
26 31 -2
27 37 -4
28 32 -4
28 34 4
28 39 -6
29 37 -8
29 39 8
34 35 2
36 38 -6
-1
-471
