ba_40_4_16
40
-10
11
11
-13
7
12
-3
-12
-5
10
-2
2
6
-8
13
12
-11
11
13
-10
-16
6
-5
15
14
3
-9
-9
-6
13
8
2
-3
-8
11
5
-6
3
-11
10
0 1 9
0 2 -6
0 3 2
0 4 13
0 5 -2
0 6 -14
0 7 6
0 8 -10
0 10 -15
0 11 -10
0 13 13
0 14 -8
0 20 -9
0 21 13
0 23 4
0 26 -7
0 27 -5
0 28 -11
0 32 6
0 33 -4
0 34 7
0 35 -9
0 38 15
1 5 14
1 7 -2
1 12 -4
1 14 9
1 17 10
1 19 14
1 27 5
1 30 -5
2 5 -2
2 6 -15
2 9 -12
2 10 -6
2 13 11
2 15 13
2 19 -3
2 21 2
2 39 -13
3 5 4
3 6 5
3 7 7
3 8 -4
3 9 14
3 12 -3
3 16 -7
3 17 6
3 18 9
3 20 6
3 22 -15
3 28 -14
3 31 -14
3 35 9
3 36 -2
4 11 4
4 25 11
4 29 13
5 6 -5
5 7 -4
5 8 -11
5 11 -13
5 12 3
5 13 5
5 14 -14
5 16 -11
5 19 16
5 20 -2
5 21 -3
5 22 15
5 26 -4
5 29 2
5 32 -12
5 33 14
5 34 10
6 8 -16
6 20 -15
6 27 5
6 36 -16
7 9 -12
7 10 -2
7 12 15
7 23 -4
7 25 11
7 33 9
7 36 -6
8 9 -3
8 10 -12
8 11 10
8 15 -2
8 16 -15
8 17 16
8 18 12
8 23 -15
8 24 -8
8 30 -9
8 37 2
8 38 3
9 22 -11
9 26 12
9 34 -9
9 38 5
10 16 7
10 22 -13
10 29 15
11 13 -4
11 14 -3
11 15 -3
11 17 -15
11 19 14
12 27 7
13 21 -2
13 31 8
14 15 -16
14 18 14
14 24 -11
14 37 -12
15 18 -7
15 25 7
15 28 12
16 23 -2
17 36 10
18 25 9
18 29 -5
18 32 -10
18 35 10
19 26 -14
19 28 -16
19 31 2
20 24 11
21 33 -15
21 39 4
22 24 -10
25 30 16
26 30 -16
26 31 5
27 37 -7
28 32 -2
28 34 14
28 39 -14
29 37 2
29 39 9
34 35 16
36 38 16
-1
-876
