ba_40_6_16
40
-4
14
-3
5
2
13
-8
11
15
-13
7
-7
-5
8
-16
12
14
-10
4
7
4
-15
-2
3
8
-7
-15
-4
-7
-14
-14
-12
-7
6
10
16
-5
5
6
16
0 1 -3
0 2 9
0 3 -14
0 4 15
0 5 6
0 6 16
0 7 3
0 8 8
0 9 -9
0 10 -3
0 11 14
0 12 5
0 13 15
0 14 13
0 16 2
0 19 5
0 20 6
0 23 16
0 25 -2
0 29 -13
0 31 -15
0 34 -16
0 35 -16
0 36 4
0 37 7
0 39 10
1 7 -16
1 8 -14
1 9 -5
1 10 -15
1 12 8
1 13 -14
1 14 -8
1 16 -12
1 24 -13
1 28 4
1 33 13
2 11 2
2 12 -7
3 7 -13
3 25 8
3 32 -10
4 7 -15
4 8 10
4 9 11
4 10 13
4 13 -7
4 14 -5
4 18 6
4 30 -6
4 32 -13
5 7 -2
5 8 -8
5 10 10
5 15 9
5 19 15
6 7 -12
6 8 2
6 9 2
6 10 -6
6 12 -9
6 13 12
6 14 -11
6 15 -13
6 16 2
6 17 -14
6 21 -11
6 26 9
6 35 15
6 37 5
7 8 -3
7 9 -9
7 11 -12
7 12 3
7 13 -9
7 15 -6
7 17 9
7 18 -3
7 20 -8
7 21 4
7 22 -16
7 24 -11
7 32 -14
8 9 -2
8 11 -13
8 12 15
8 13 12
8 15 13
8 17 13
8 18 8
8 23 3
8 26 2
8 28 -15
8 33 -13
9 10 6
9 11 9
9 17 -2
9 18 15
9 19 -11
9 20 -6
9 24 11
9 25 4
9 27 14
9 28 15
9 29 6
10 11 12
10 17 -15
10 19 16
10 21 -16
10 22 4
10 23 -15
10 24 12
10 26 11
10 29 14
10 30 16
10 31 3
10 35 -6
10 39 10
11 15 9
11 16 7
11 18 -8
11 20 3
11 22 -6
11 30 -5
11 35 7
11 38 -2
12 14 -10
12 15 -6
12 16 -10
12 20 -14
12 21 -15
12 22 -6
12 31 2
12 32 -7
12 38 8
12 39 15
13 14 -16
13 19 -14
13 20 -4
13 27 11
13 28 -4
13 30 4
13 33 6
13 34 -13
13 37 -2
14 17 -11
14 27 10
14 28 -9
14 29 -7
15 16 -7
15 18 13
15 21 -6
15 23 3
15 32 7
15 37 6
16 19 8
16 21 4
16 23 -5
16 30 -8
16 32 -5
16 37 -3
17 22 -5
17 24 12
17 29 -16
17 35 -10
17 36 6
18 31 5
18 34 2
18 36 5
18 38 2
19 25 10
19 26 5
19 29 5
19 30 3
19 33 -4
20 22 -10
20 36 -10
20 39 -9
22 23 -13
22 24 -2
22 25 -13
22 26 9
22 27 -14
22 31 13
22 33 6
22 34 7
22 38 -11
23 25 4
23 26 9
23 27 -6
23 31 11
24 27 10
24 36 4
26 39 14
27 28 2
27 38 7
29 35 -16
29 36 -6
31 33 -9
32 34 -3
33 34 6
33 37 5
34 38 15
38 39 -8
-1
-989
