ba_40_8_16
40
13
-4
3
13
8
7
7
-2
2
-13
5
-5
8
7
4
-9
5
4
-7
14
3
8
6
15
2
-8
-9
7
11
15
-10
7
-15
10
10
-5
-3
-16
14
14
0 1 5
0 2 -2
0 3 -9
0 4 16
0 5 11
0 6 -15
0 7 15
0 8 5
0 9 14
0 10 -10
0 11 -3
0 12 7
0 13 14
0 15 -8
0 16 7
0 17 -2
0 21 16
0 22 10
0 23 -11
0 25 5
0 26 -5
0 28 8
0 31 11
0 37 -16
1 9 6
1 10 -11
1 11 -11
1 13 -4
1 15 14
1 19 -14
1 21 -13
1 22 -12
1 23 13
1 27 -13
2 9 -5
2 10 9
2 11 -12
2 13 13
2 17 -13
2 18 7
2 24 5
2 32 -15
2 37 5
2 39 -9
3 9 -15
3 10 -12
3 11 -5
3 12 -13
3 14 -12
3 15 7
3 16 -13
3 28 3
3 31 -3
4 9 15
4 11 -15
4 14 -10
4 30 -9
5 9 11
5 10 16
5 12 3
5 14 -15
5 18 2
5 36 13
6 9 -12
6 10 2
6 12 -4
6 14 -6
6 16 -9
6 20 8
6 25 -16
6 35 5
6 38 11
7 9 -15
7 11 3
7 13 -9
7 17 -12
7 27 7
7 32 -11
7 38 -13
8 10 9
8 12 6
8 13 -12
8 14 10
8 17 2
8 20 15
8 23 4
8 25 -14
8 26 11
8 30 9
8 35 11
8 39 4
9 10 14
9 11 -11
9 12 5
9 13 10
9 14 9
9 15 5
9 16 13
9 18 -8
9 19 11
9 20 2
9 23 -3
9 24 -13
9 25 -6
9 28 -14
9 30 -4
9 32 -11
9 36 7
10 11 13
10 12 -16
10 13 -4
10 14 2
10 15 -3
10 16 14
10 17 -3
10 18 -5
10 19 -14
10 20 10
10 21 -9
10 24 14
10 25 -14
10 27 -10
10 29 3
10 31 -3
10 32 -10
10 33 -16
10 34 10
10 36 -12
10 37 9
10 38 -7
11 12 -2
11 13 -10
11 14 9
11 15 -11
11 18 -3
11 19 7
11 24 3
11 25 -15
11 26 7
11 28 11
11 33 -16
11 35 -15
11 37 7
12 15 6
12 16 3
12 17 -10
12 19 -11
12 20 8
12 29 -12
12 34 10
12 36 -11
13 15 -11
13 16 7
13 18 -5
13 19 14
13 21 -16
13 22 11
13 23 -10
13 27 -6
13 29 -12
13 32 8
14 16 15
14 17 7
14 18 -2
14 20 -14
14 21 -9
14 22 -5
14 25 7
14 26 2
14 29 -8
14 33 -8
14 37 10
15 19 -9
15 33 8
16 17 6
16 18 15
16 21 2
16 22 5
16 23 -14
16 26 -7
16 29 15
16 33 6
16 37 -12
16 38 -8
16 39 6
17 20 14
17 26 12
17 27 11
17 28 4
17 29 14
17 32 9
18 19 8
18 20 11
18 21 2
18 24 -2
18 30 2
18 31 -9
18 38 16
18 39 10
19 22 -3
19 23 -13
19 25 11
19 26 8
19 32 6
19 34 2
19 35 15
20 21 7
20 22 -3
20 23 14
20 27 -4
20 29 13
20 30 -3
20 31 7
20 34 -8
20 35 -5
20 37 -16
20 38 -9
21 22 -11
21 24 -12
21 27 13
21 30 -9
21 31 -3
21 34 -14
21 36 3
22 24 8
22 33 9
22 36 -11
22 39 7
23 24 -13
23 27 9
23 34 -8
23 35 -4
24 26 -12
24 28 12
24 33 -12
24 36 -3
24 38 7
24 39 16
25 28 6
26 31 11
26 35 11
26 36 13
26 38 5
27 28 -9
27 29 15
27 30 -15
27 31 -2
27 34 -15
27 35 16
27 39 7
28 32 -6
29 30 -3
29 33 6
32 34 -12
32 37 -7
38 39 12
-1
-1027
