ba_40_8_4
40
3
4
3
-3
-3
-2
3
-3
-3
-3
-3
-2
-4
-3
3
3
2
-2
-3
-3
-3
-4
-4
3
-3
3
3
-4
-2
-3
4
-3
2
4
2
-3
-3
4
4
2
0 1 -4
0 2 -4
0 3 3
0 4 3
0 5 4
0 6 4
0 7 -3
0 8 3
0 9 -4
0 10 -4
0 11 -2
0 12 -4
0 13 4
0 15 -3
0 16 -4
0 17 2
0 21 4
0 22 2
0 23 -4
0 25 4
0 26 -4
0 28 -3
0 31 -4
0 37 -3
1 9 -4
1 10 -4
1 11 2
1 13 4
1 15 -3
1 19 3
1 21 4
1 22 4
1 23 2
1 27 -3
2 9 3
2 10 2
2 11 4
2 13 4
2 17 3
2 18 3
2 24 3
2 32 -3
2 37 -3
2 39 3
3 9 4
3 10 2
3 11 3
3 12 -2
3 14 -4
3 15 -2
3 16 4
3 28 3
3 31 -4
4 9 -4
4 11 4
4 14 -2
4 30 2
5 9 2
5 10 -2
5 12 3
5 14 -2
5 18 -2
5 36 3
6 9 4
6 10 2
6 12 -2
6 14 -3
6 16 4
6 20 3
6 25 2
6 35 3
6 38 -4
7 9 -3
7 11 2
7 13 -4
7 17 -2
7 27 -3
7 32 -4
7 38 2
8 10 -2
8 12 -4
8 13 -3
8 14 -2
8 17 -4
8 20 -3
8 23 -4
8 25 -4
8 26 3
8 30 -3
8 35 2
8 39 -2
9 10 -3
9 11 2
9 12 3
9 13 -4
9 14 -3
9 15 -2
9 16 -2
9 18 -4
9 19 -4
9 20 -2
9 23 3
9 24 3
9 25 -2
9 28 -3
9 30 -3
9 32 -3
9 36 -4
10 11 3
10 12 2
10 13 3
10 14 3
10 15 2
10 16 2
10 17 -2
10 18 -3
10 19 4
10 20 -2
10 21 -2
10 24 2
10 25 -4
10 27 3
10 29 3
10 31 -4
10 32 2
10 33 -4
10 34 2
10 36 -2
10 37 2
10 38 3
11 12 -4
11 13 -4
11 14 2
11 15 -3
11 18 4
11 19 -4
11 24 4
11 25 -2
11 26 3
11 28 2
11 33 3
11 35 3
11 37 -4
12 15 4
12 16 2
12 17 3
12 19 -2
12 20 -4
12 29 -4
12 34 -4
12 36 2
13 15 2
13 16 -2
13 18 -3
13 19 3
13 21 2
13 22 -2
13 23 4
13 27 -3
13 29 -4
13 32 4
14 16 -3
14 17 -2
14 18 -2
14 20 -3
14 21 -4
14 22 -2
14 25 2
14 26 3
14 29 4
14 33 -4
14 37 -3
15 19 -2
15 33 2
16 17 3
16 18 -3
16 21 -4
16 22 -4
16 23 4
16 26 4
16 29 4
16 33 4
16 37 -2
16 38 -2
16 39 -3
17 20 -4
17 26 2
17 27 2
17 28 -4
17 29 4
17 32 -3
18 19 -3
18 20 2
18 21 -4
18 24 3
18 30 -4
18 31 2
18 38 -3
18 39 -2
19 22 3
19 23 2
19 25 3
19 26 -3
19 32 -3
19 34 -3
19 35 -2
20 21 -4
20 22 3
20 23 -2
20 27 -2
20 29 -4
20 30 2
20 31 -2
20 34 -3
20 35 3
20 37 -4
20 38 4
21 22 2
21 24 4
21 27 3
21 30 -2
21 31 -4
21 34 2
21 36 -3
22 24 4
22 33 2
22 36 2
22 39 2
23 24 -2
23 27 3
23 34 2
23 35 4
24 26 -3
24 28 4
24 33 -3
24 36 -3
24 38 -4
24 39 -2
25 28 -4
26 31 -2
26 35 4
26 36 -4
26 38 -4
27 28 4
27 29 -4
27 30 -4
27 31 -4
27 34 -2
27 35 4
27 39 3
28 32 -3
29 30 2
29 33 4
32 34 -3
32 37 3
38 39 4
-1
-365
