ba_40_6_32
40
-6
2
-21
-27
23
16
2
-2
20
10
-16
-23
-21
-22
6
25
-30
23
16
-16
22
-13
-6
2
-12
8
-26
-22
-17
-32
-28
13
14
-20
-14
25
-26
-12
-2
25
0 1 19
0 2 6
0 3 -19
0 4 16
0 5 -25
0 6 23
0 7 11
0 8 13
0 9 -15
0 10 24
0 11 -19
0 12 -29
0 13 4
0 14 -6
0 16 23
0 19 32
0 20 7
0 23 -29
0 25 28
0 29 -16
0 31 -28
0 34 24
0 35 9
0 36 20
0 37 28
0 39 -6
1 7 -2
1 8 -10
1 9 -10
1 10 -21
1 12 32
1 13 14
1 14 -16
1 16 16
1 24 -15
1 28 22
1 33 -26
2 11 -2
2 12 23
3 7 -18
3 25 26
3 32 -21
4 7 29
4 8 6
4 9 18
4 10 21
4 13 -19
4 14 -32
4 18 -13
4 30 -4
4 32 -32
5 7 -25
5 8 -24
5 10 -16
5 15 31
5 19 -28
6 7 25
6 8 29
6 9 16
6 10 30
6 12 8
6 13 -26
6 14 -31
6 15 -15
6 16 -16
6 17 -29
6 21 20
6 26 30
6 35 9
6 37 27
7 8 12
7 9 11
7 11 -17
7 12 -14
7 13 31
7 15 -14
7 17 -15
7 18 16
7 20 19
7 21 3
7 22 23
7 24 15
7 32 20
8 9 -32
8 11 -16
8 12 -5
8 13 -4
8 15 -15
8 17 -10
8 18 15
8 23 -25
8 26 23
8 28 -9
8 33 -4
9 10 -11
9 11 -15
9 17 -14
9 18 26
9 19 -32
9 20 30
9 24 -26
9 25 17
9 27 -13
9 28 25
9 29 -4
10 11 2
10 17 -26
10 19 7
10 21 -6
10 22 27
10 23 32
10 24 -25
10 26 -30
10 29 -21
10 30 -10
10 31 -9
10 35 -23
10 39 18
11 15 11
11 16 3
11 18 4
11 20 32
11 22 -26
11 30 10
11 35 16
11 38 -30
12 14 22
12 15 32
12 16 -3
12 20 22
12 21 -24
12 22 16
12 31 -5
12 32 13
12 38 10
12 39 -9
13 14 -17
13 19 -7
13 20 24
13 27 -8
13 28 -14
13 30 -29
13 33 -6
13 34 5
13 37 -13
14 17 -9
14 27 -7
14 28 25
14 29 -14
15 16 -19
15 18 10
15 21 -23
15 23 13
15 32 -24
15 37 7
16 19 8
16 21 -2
16 23 -26
16 30 11
16 32 13
16 37 -4
17 22 -14
17 24 -17
17 29 -32
17 35 -30
17 36 22
18 31 10
18 34 -17
18 36 -25
18 38 22
19 25 5
19 26 19
19 29 -27
19 30 -17
19 33 17
20 22 -10
20 36 -26
20 39 2
22 23 20
22 24 -2
22 25 2
22 26 15
22 27 -7
22 31 20
22 33 -12
22 34 19
22 38 28
23 25 -30
23 26 30
23 27 -3
23 31 7
24 27 -7
24 36 -14
26 39 24
27 28 -22
27 38 6
29 35 -31
29 36 -8
31 33 -16
32 34 -4
33 34 5
33 37 -3
34 38 11
38 39 19
-1
-1988
