ba_40_4_64
40
54
28
-63
47
-16
35
-22
17
63
-45
-56
30
42
52
15
-43
18
22
-21
-18
32
32
-38
58
-14
39
32
-30
-62
-28
-17
60
-30
52
36
39
-14
52
40
47
0 1 28
0 2 14
0 3 17
0 4 -8
0 5 -42
0 6 42
0 7 56
0 8 -52
0 10 -64
0 11 52
0 13 16
0 14 10
0 20 -6
0 21 -16
0 23 -59
0 26 -14
0 27 -53
0 28 -3
0 32 -50
0 33 -42
0 34 -10
0 35 -4
0 38 -55
1 5 51
1 7 24
1 12 -34
1 14 34
1 17 -61
1 19 -59
1 27 -40
1 30 -53
2 5 12
2 6 -31
2 9 -56
2 10 31
2 13 -16
2 15 10
2 19 -19
2 21 -8
2 39 46
3 5 49
3 6 -63
3 7 -24
3 8 30
3 9 -56
3 12 -39
3 16 -8
3 17 -22
3 18 30
3 20 24
3 22 -17
3 28 63
3 31 -58
3 35 41
3 36 56
4 11 -36
4 25 -27
4 29 26
5 6 -59
5 7 30
5 8 39
5 11 -58
5 12 -59
5 13 24
5 14 -63
5 16 -21
5 19 12
5 20 61
5 21 39
5 22 3
5 26 55
5 29 -8
5 32 -25
5 33 -25
5 34 55
6 8 50
6 20 -12
6 27 22
6 36 17
7 9 -59
7 10 -47
7 12 -14
7 23 -43
7 25 2
7 33 64
7 36 6
8 9 2
8 10 22
8 11 -50
8 15 43
8 16 59
8 17 -20
8 18 28
8 23 -55
8 24 -40
8 30 -18
8 37 -36
8 38 27
9 22 37
9 26 -36
9 34 19
9 38 -44
10 16 -47
10 22 33
10 29 -33
11 13 63
11 14 31
11 15 -60
11 17 -31
11 19 4
12 27 28
13 21 16
13 31 -31
14 15 -64
14 18 -29
14 24 -3
14 37 -33
15 18 -41
15 25 18
15 28 -11
16 23 46
17 36 -23
18 25 28
18 29 31
18 32 18
18 35 -56
19 26 2
19 28 -41
19 31 47
20 24 -6
21 33 4
21 39 -59
22 24 19
25 30 -59
26 30 -23
26 31 44
27 37 24
28 32 20
28 34 -60
28 39 -8
29 37 62
29 39 -3
34 35 -24
36 38 -25
-1
-3184
