ba_40_6_8
40
5
5
-4
3
-2
-8
5
3
-7
6
-7
6
8
7
4
4
-4
-8
-8
3
7
-2
-6
-8
4
-7
5
-7
5
-5
7
2
7
-5
6
-2
-8
-6
7
4
0 1 -2
0 2 7
0 3 -2
0 4 -3
0 5 6
0 6 -4
0 7 3
0 8 -8
0 9 -8
0 10 8
0 11 -6
0 12 -8
0 13 -8
0 14 -7
0 16 -5
0 19 -6
0 20 -4
0 23 2
0 25 -8
0 29 6
0 31 -7
0 34 -5
0 35 8
0 36 -5
0 37 4
0 39 -4
1 7 -8
1 8 4
1 9 3
1 10 3
1 12 8
1 13 -4
1 14 -7
1 16 -7
1 24 2
1 28 -4
1 33 -4
2 11 -6
2 12 2
3 7 2
3 25 2
3 32 -3
4 7 7
4 8 -4
4 9 4
4 10 -6
4 13 -8
4 14 -7
4 18 2
4 30 -2
4 32 -3
5 7 -2
5 8 5
5 10 3
5 15 -3
5 19 -3
6 7 8
6 8 -8
6 9 5
6 10 6
6 12 6
6 13 -6
6 14 -3
6 15 2
6 16 -4
6 17 8
6 21 6
6 26 5
6 35 5
6 37 -8
7 8 7
7 9 -6
7 11 5
7 12 2
7 13 -6
7 15 -6
7 17 6
7 18 -5
7 20 8
7 21 7
7 22 8
7 24 -3
7 32 -8
8 9 2
8 11 3
8 12 5
8 13 -2
8 15 -5
8 17 -7
8 18 -4
8 23 -8
8 26 -5
8 28 -8
8 33 7
9 10 8
9 11 8
9 17 -4
9 18 8
9 19 5
9 20 2
9 24 -8
9 25 3
9 27 7
9 28 6
9 29 -2
10 11 -5
10 17 -3
10 19 -5
10 21 -7
10 22 -4
10 23 -2
10 24 2
10 26 5
10 29 -2
10 30 -4
10 31 -5
10 35 -3
10 39 -5
11 15 8
11 16 -8
11 18 -5
11 20 6
11 22 4
11 30 7
11 35 -7
11 38 -3
12 14 5
12 15 -3
12 16 8
12 20 2
12 21 -4
12 22 -8
12 31 -6
12 32 -8
12 38 7
12 39 -6
13 14 -8
13 19 5
13 20 4
13 27 -7
13 28 2
13 30 -5
13 33 -3
13 34 8
13 37 6
14 17 -7
14 27 -7
14 28 -7
14 29 2
15 16 6
15 18 -6
15 21 4
15 23 -4
15 32 4
15 37 8
16 19 4
16 21 -6
16 23 7
16 30 -6
16 32 3
16 37 8
17 22 -6
17 24 3
17 29 6
17 35 5
17 36 -4
18 31 -6
18 34 -2
18 36 -3
18 38 7
19 25 -8
19 26 -3
19 29 -8
19 30 -4
19 33 -2
20 22 -6
20 36 7
20 39 5
22 23 3
22 24 8
22 25 -2
22 26 2
22 27 -5
22 31 4
22 33 -3
22 34 -7
22 38 -6
23 25 8
23 26 8
23 27 3
23 31 -4
24 27 2
24 36 4
26 39 8
27 28 6
27 38 -8
29 35 -3
29 36 -3
31 33 -2
32 34 -6
33 34 7
33 37 5
34 38 -2
38 39 -4
-1
-513
