ba_40_10_4
40
-2
-2
2
4
2
-4
-4
4
-4
-4
3
2
2
-2
4
-3
-4
3
3
-2
-3
-3
-2
3
-4
-3
2
-3
3
-2
-4
3
-3
-3
-2
4
-3
3
-3
3
0 1 -2
0 2 3
0 3 -3
0 4 -4
0 5 4
0 6 2
0 7 -4
0 8 -2
0 9 2
0 10 3
0 11 3
0 12 2
0 13 3
0 14 -2
0 15 3
0 17 -3
0 18 -2
0 20 -3
0 21 -3
0 22 -4
0 24 -3
0 27 3
0 28 3
0 32 4
0 33 -3
0 34 4
0 37 -2
0 38 -3
1 11 2
1 12 -2
1 13 4
1 14 -3
1 15 -4
1 19 -2
1 20 -3
1 23 2
1 24 -4
1 25 4
1 26 3
1 29 4
1 33 -3
1 35 -3
1 37 4
2 11 -2
2 13 -4
2 14 2
2 15 -3
2 16 2
2 17 -3
2 18 4
2 20 -3
2 22 -4
2 27 2
2 31 3
2 34 2
2 37 -2
2 38 -4
2 39 -3
3 11 4
3 12 2
3 18 4
4 11 -3
4 12 -3
4 13 3
4 14 -2
4 17 3
4 18 -3
4 20 2
4 23 -4
4 26 4
4 29 4
4 32 4
4 33 4
4 36 3
4 39 4
5 11 -2
5 13 -4
5 14 2
5 15 -2
5 20 3
5 21 4
5 23 2
5 29 -2
5 32 2
5 39 3
6 12 -4
6 16 2
6 18 4
6 36 -3
7 11 4
7 12 -4
7 13 4
7 15 -4
7 16 2
7 17 4
7 19 -4
7 21 2
7 22 4
7 24 3
7 30 4
8 11 3
8 12 -4
8 15 -3
8 16 -4
8 17 2
8 19 -2
8 23 4
8 28 -3
8 29 -3
8 30 4
8 31 3
8 35 4
8 36 3
9 11 3
9 12 -3
9 13 2
9 14 2
9 15 3
9 16 3
9 17 -2
9 19 3
9 20 -2
9 21 4
9 24 3
9 25 -3
9 26 -4
9 29 -4
9 31 -2
9 32 4
9 35 4
9 38 -3
9 39 -3
10 11 -3
10 12 -4
10 13 3
10 14 3
10 16 3
10 18 -3
10 19 -2
10 23 3
10 28 3
10 32 4
10 34 2
10 35 -3
11 12 -2
11 13 4
11 14 2
11 15 -4
11 16 2
11 17 4
11 21 -2
11 24 -3
11 25 4
11 26 4
11 27 -2
11 30 -4
11 34 2
11 36 4
11 37 -3
11 38 -3
12 13 -3
12 14 -2
12 15 -4
12 16 -4
12 17 -3
12 18 -3
12 19 3
12 21 2
12 22 3
12 23 4
12 24 3
12 25 3
12 26 -3
12 27 -4
12 28 -4
12 29 -4
12 34 4
12 38 -3
12 39 3
13 14 -4
13 16 3
13 17 -4
13 18 2
13 19 2
13 20 -4
13 22 4
13 24 -4
13 27 -3
13 28 -3
13 30 -3
13 31 -4
13 33 -2
13 36 3
13 37 -4
13 39 -2
14 15 4
14 16 2
14 17 2
14 18 -4
14 19 2
14 20 -3
14 21 -4
14 22 3
14 23 -2
14 25 -3
14 27 -4
14 29 -4
14 32 -4
14 35 -3
15 22 3
15 34 3
15 37 -4
16 18 3
16 19 -3
16 21 2
16 25 -2
16 27 2
16 28 -4
16 31 4
16 37 -3
16 39 2
17 20 3
17 21 4
17 22 2
17 23 2
17 28 4
17 29 2
17 30 -4
17 31 2
17 34 2
17 35 4
17 39 -3
18 19 -2
18 21 -4
18 22 -4
18 23 -2
18 24 4
18 26 3
18 33 -4
18 37 2
18 39 -4
19 20 -3
19 22 4
19 26 -4
19 31 -2
19 35 2
20 24 4
20 25 -2
20 26 -3
20 32 2
20 33 4
20 34 3
21 24 -2
21 26 4
21 29 3
21 33 2
21 35 2
21 36 -4
22 23 -3
22 25 -3
22 26 -2
22 27 4
22 37 -2
22 38 2
23 25 -4
23 28 4
23 30 3
23 38 4
24 25 -4
24 27 4
24 32 -3
24 34 -3
24 36 3
25 28 -2
25 30 -3
25 31 -3
25 32 4
25 33 -4
26 27 -4
26 28 3
26 30 3
26 31 3
26 33 -2
27 31 2
27 33 4
27 34 -3
27 36 4
27 37 3
28 29 4
28 30 -4
28 35 2
29 30 2
29 32 -2
29 35 -4
31 36 4
33 38 2
34 38 -4
35 36 -4
36 38 -3
37 39 -3
-1
-367
