ba_40_10_16
40
-5
-11
14
-12
15
-15
-13
-8
-13
-11
16
-8
15
-8
8
-11
11
-6
-5
11
-8
8
-14
8
14
8
-13
12
-11
-14
-16
6
-8
5
5
8
14
12
-8
-2
0 1 3
0 2 -2
0 3 -4
0 4 6
0 5 14
0 6 -7
0 7 -10
0 8 16
0 9 -7
0 10 7
0 11 -9
0 12 -9
0 13 -13
0 14 6
0 15 -7
0 17 -4
0 18 8
0 20 -11
0 21 14
0 22 -6
0 24 8
0 27 12
0 28 -3
0 32 3
0 33 11
0 34 7
0 37 -3
0 38 14
1 11 -6
1 12 -4
1 13 -9
1 14 -4
1 15 2
1 19 -15
1 20 5
1 23 -4
1 24 11
1 25 9
1 26 -2
1 29 -9
1 33 -13
1 35 16
1 37 -7
2 11 -4
2 13 -2
2 14 -16
2 15 -16
2 16 -3
2 17 15
2 18 11
2 20 -12
2 22 -16
2 27 12
2 31 14
2 34 -15
2 37 -10
2 38 -10
2 39 7
3 11 -4
3 12 -12
3 18 -16
4 11 -5
4 12 -16
4 13 -7
4 14 6
4 17 2
4 18 4
4 20 -10
4 23 13
4 26 -8
4 29 -8
4 32 -7
4 33 4
4 36 6
4 39 -7
5 11 2
5 13 -2
5 14 -2
5 15 15
5 20 -14
5 21 8
5 23 -4
5 29 -12
5 32 4
5 39 16
6 12 -2
6 16 -2
6 18 -11
6 36 13
7 11 13
7 12 10
7 13 5
7 15 15
7 16 -3
7 17 -4
7 19 -15
7 21 8
7 22 -10
7 24 -10
7 30 6
8 11 7
8 12 -14
8 15 -3
8 16 -16
8 17 -10
8 19 15
8 23 8
8 28 -6
8 29 -5
8 30 5
8 31 -11
8 35 -6
8 36 12
9 11 -9
9 12 -13
9 13 -4
9 14 -12
9 15 12
9 16 -9
9 17 4
9 19 -8
9 20 10
9 21 8
9 24 16
9 25 -16
9 26 -12
9 29 8
9 31 -15
9 32 -10
9 35 -10
9 38 -10
9 39 11
10 11 -5
10 12 -3
10 13 -10
10 14 -6
10 16 3
10 18 -7
10 19 -13
10 23 -2
10 28 -12
10 32 5
10 34 -11
10 35 13
11 12 -14
11 13 5
11 14 -13
11 15 16
11 16 -12
11 17 -5
11 21 -7
11 24 -9
11 25 2
11 26 -14
11 27 -2
11 30 -8
11 34 4
11 36 4
11 37 -5
11 38 -11
12 13 8
12 14 13
12 15 11
12 16 -13
12 17 3
12 18 3
12 19 -2
12 21 -14
12 22 -7
12 23 -16
12 24 14
12 25 -14
12 26 -7
12 27 16
12 28 -15
12 29 15
12 34 -15
12 38 16
12 39 -7
13 14 -7
13 16 7
13 17 -11
13 18 11
13 19 -8
13 20 13
13 22 -13
13 24 10
13 27 10
13 28 -3
13 30 12
13 31 6
13 33 7
13 36 14
13 37 -14
13 39 -9
14 15 2
14 16 -6
14 17 5
14 18 -8
14 19 6
14 20 7
14 21 -8
14 22 2
14 23 13
14 25 4
14 27 10
14 29 13
14 32 -11
14 35 -13
15 22 13
15 34 -4
15 37 11
16 18 -14
16 19 -3
16 21 -5
16 25 -3
16 27 16
16 28 -4
16 31 5
16 37 -16
16 39 15
17 20 5
17 21 11
17 22 -2
17 23 10
17 28 -5
17 29 -6
17 30 15
17 31 2
17 34 10
17 35 -3
17 39 15
18 19 -4
18 21 -9
18 22 -13
18 23 14
18 24 13
18 26 -12
18 33 3
18 37 6
18 39 -6
19 20 -8
19 22 -4
19 26 -11
19 31 -3
19 35 -12
20 24 -9
20 25 7
20 26 -13
20 32 11
20 33 -13
20 34 10
21 24 -4
21 26 -8
21 29 -12
21 33 -7
21 35 -16
21 36 -7
22 23 -11
22 25 -4
22 26 -9
22 27 16
22 37 -8
22 38 -6
23 25 -4
23 28 13
23 30 7
23 38 -7
24 25 4
24 27 2
24 32 -3
24 34 -3
24 36 6
25 28 8
25 30 -13
25 31 4
25 32 11
25 33 -12
26 27 -9
26 28 -6
26 30 14
26 31 -14
26 33 -2
27 31 10
27 33 16
27 34 12
27 36 16
27 37 10
28 29 12
28 30 -16
28 35 5
29 30 8
29 32 -10
29 35 11
31 36 -4
33 38 7
34 38 -3
35 36 14
36 38 -5
37 39 7
-1
-1120
