ba_40_12_32
40
-12
24
-29
7
19
14
-14
-2
-20
7
-26
17
-23
-7
5
-13
-6
27
-27
30
-6
21
-15
15
-19
-2
27
26
23
8
31
-17
-22
12
-2
2
-7
21
-30
-26
0 1 13
0 2 26
0 3 7
0 4 -11
0 5 11
0 6 13
0 7 3
0 8 -12
0 9 -26
0 10 -7
0 11 5
0 12 23
0 13 -27
0 14 20
0 15 32
0 16 -5
0 17 16
0 18 -10
0 19 29
0 21 -22
0 23 4
0 26 -28
0 28 19
0 29 -15
0 32 10
0 34 30
0 37 24
0 38 18
0 39 26
1 13 4
1 14 -14
1 17 -15
1 18 -10
1 23 32
1 25 28
1 27 27
1 33 -18
1 34 20
1 35 -31
1 39 21
2 13 -3
2 14 -14
2 15 22
2 16 7
2 17 -15
2 19 -18
2 20 -3
2 24 27
2 27 31
2 32 10
2 38 6
2 39 -14
3 13 -11
3 14 6
3 15 -6
3 17 18
3 18 30
3 19 -14
3 20 -29
3 22 22
3 32 -20
3 35 -10
3 37 29
4 14 18
4 16 14
4 18 -18
4 20 -10
4 22 -5
4 24 -25
4 30 -27
4 36 30
4 39 30
5 13 -26
5 14 25
5 15 9
5 16 -15
5 17 -7
5 18 22
5 22 16
5 23 29
5 24 31
5 26 -10
5 27 9
5 29 -10
5 31 -31
5 37 14
5 38 -5
6 13 -25
6 14 13
6 15 -6
6 16 5
6 17 -15
6 18 -15
6 19 9
6 21 22
6 23 15
6 24 18
6 25 29
6 30 16
6 35 -27
6 36 -8
7 13 19
7 14 3
7 19 10
7 20 -8
7 21 6
7 22 -28
7 23 -13
7 27 26
7 29 18
7 30 -30
7 31 26
7 32 3
7 33 10
7 35 -29
7 39 24
8 13 -27
8 14 18
8 15 17
8 16 29
8 18 -25
8 21 29
8 22 11
8 24 -29
8 28 -32
8 36 -16
8 38 -6
9 13 -14
9 15 -29
9 16 22
9 21 27
9 27 14
9 28 10
10 13 28
10 14 -9
10 15 -16
10 18 -24
10 19 21
10 20 2
10 21 -15
10 22 -28
10 23 32
10 25 -25
10 26 23
10 27 24
10 30 18
10 31 -4
10 33 20
10 36 -11
10 38 -10
11 13 28
11 14 -16
11 15 14
11 16 -14
11 17 13
11 19 31
11 24 -20
11 26 10
11 31 30
11 33 31
11 37 2
12 13 18
12 15 -12
12 16 -17
12 17 6
12 19 20
12 25 -24
12 26 26
12 28 -18
12 33 5
12 35 27
12 38 -23
13 14 -11
13 15 18
13 16 -31
13 17 -24
13 18 8
13 19 13
13 20 -31
13 21 -3
13 22 31
13 24 -20
13 25 -12
13 26 23
13 28 26
13 29 20
13 30 -27
13 32 22
13 34 2
13 37 23
13 39 7
14 15 11
14 16 -32
14 17 21
14 18 5
14 19 -17
14 20 -18
14 21 -14
14 23 -13
14 25 16
14 26 -11
14 30 -18
14 32 -26
14 33 -28
14 35 -23
14 38 32
15 16 12
15 17 19
15 18 20
15 19 -4
15 20 -31
15 21 -13
15 22 6
15 23 30
15 24 -14
15 25 -13
15 26 27
15 27 -11
15 31 22
15 32 -5
15 33 -3
15 35 -14
15 39 23
16 17 27
16 20 24
16 21 -12
16 22 22
16 24 14
16 29 27
16 31 20
16 32 -21
16 33 3
16 34 -14
16 37 23
17 18 -18
17 20 -22
17 23 -25
17 24 17
17 25 4
17 26 5
17 27 14
17 29 31
17 32 28
17 33 28
17 34 24
18 19 -32
18 20 -22
18 26 9
18 27 21
18 28 -12
18 29 -6
18 34 23
18 36 18
18 37 -4
18 38 16
18 39 -32
19 20 10
19 21 -19
19 22 27
19 23 -28
19 24 -5
19 25 -6
19 27 -13
19 28 10
19 29 -22
19 30 10
19 31 -9
19 34 -11
19 37 31
19 38 9
19 39 15
20 21 19
20 22 -32
20 25 19
20 27 14
20 28 -14
20 29 14
20 30 5
20 34 23
20 36 30
21 22 10
21 23 -19
21 26 -27
21 28 -11
21 29 -3
21 30 15
21 31 -29
21 32 -18
21 33 16
21 36 -18
22 23 -22
22 24 4
22 25 5
22 30 -21
22 31 16
22 34 11
23 25 -23
23 26 6
23 33 9
23 36 -25
23 37 -22
23 39 -30
24 28 -26
24 31 6
24 32 -14
24 37 -13
25 28 -27
25 29 27
25 38 -14
26 27 -25
26 28 -17
26 29 30
26 31 -4
26 35 10
26 36 -3
27 30 15
27 34 8
27 35 6
28 30 -14
28 32 16
28 35 -7
29 31 25
29 33 11
29 35 16
29 36 12
29 37 -10
29 39 26
31 34 -8
32 34 -16
32 37 24
33 36 -11
33 39 -29
34 35 -13
34 36 -3
35 38 9
37 38 16
-1
-2544
