ba_40_10_8
40
-8
8
-8
4
6
4
4
-6
6
6
8
-2
4
4
8
2
2
-5
-6
7
-4
-5
-7
-6
6
-5
-3
2
6
-5
-7
8
2
5
-6
-8
-4
-6
6
3
0 1 3
0 2 -2
0 3 -8
0 4 -6
0 5 -3
0 6 6
0 7 -5
0 8 -8
0 9 -3
0 10 -2
0 11 8
0 12 -3
0 13 -7
0 14 4
0 15 -5
0 17 6
0 18 3
0 20 4
0 21 4
0 22 -4
0 24 6
0 27 -5
0 28 -4
0 32 5
0 33 -5
0 34 4
0 37 -8
0 38 -2
1 11 6
1 12 7
1 13 -7
1 14 -7
1 15 -8
1 19 -4
1 20 -3
1 23 -6
1 24 -8
1 25 -2
1 26 8
1 29 -5
1 33 -3
1 35 -2
1 37 3
2 11 6
2 13 -6
2 14 7
2 15 4
2 16 3
2 17 7
2 18 6
2 20 4
2 22 -4
2 27 4
2 31 -4
2 34 5
2 37 -2
2 38 6
2 39 8
3 11 7
3 12 -6
3 18 8
4 11 -2
4 12 -4
4 13 6
4 14 -5
4 17 -5
4 18 -8
4 20 7
4 23 -8
4 26 3
4 29 -2
4 32 -4
4 33 -4
4 36 -7
4 39 -6
5 11 -5
5 13 -4
5 14 2
5 15 8
5 20 6
5 21 -6
5 23 7
5 29 -6
5 32 3
5 39 7
6 12 2
6 16 3
6 18 7
6 36 3
7 11 -8
7 12 5
7 13 -4
7 15 -4
7 16 -2
7 17 -7
7 19 -5
7 21 5
7 22 -7
7 24 6
7 30 -5
8 11 -7
8 12 -3
8 15 -2
8 16 2
8 17 8
8 19 -2
8 23 -3
8 28 3
8 29 3
8 30 -5
8 31 7
8 35 7
8 36 -3
9 11 5
9 12 6
9 13 -7
9 14 -2
9 15 -2
9 16 3
9 17 3
9 19 8
9 20 -7
9 21 5
9 24 -2
9 25 4
9 26 -5
9 29 -3
9 31 5
9 32 6
9 35 -2
9 38 -6
9 39 -7
10 11 8
10 12 -3
10 13 5
10 14 4
10 16 5
10 18 -7
10 19 5
10 23 2
10 28 3
10 32 5
10 34 3
10 35 6
11 12 -8
11 13 7
11 14 -3
11 15 3
11 16 -8
11 17 4
11 21 3
11 24 4
11 25 8
11 26 4
11 27 -5
11 30 -4
11 34 2
11 36 6
11 37 4
11 38 -4
12 13 2
12 14 -2
12 15 2
12 16 4
12 17 -5
12 18 -7
12 19 -2
12 21 -6
12 22 7
12 23 6
12 24 -7
12 25 -6
12 26 6
12 27 7
12 28 5
12 29 5
12 34 5
12 38 6
12 39 -5
13 14 -8
13 16 -8
13 17 8
13 18 -7
13 19 6
13 20 7
13 22 -5
13 24 6
13 27 7
13 28 -6
13 30 -8
13 31 -8
13 33 8
13 36 -7
13 37 -5
13 39 6
14 15 -5
14 16 7
14 17 6
14 18 -2
14 19 -3
14 20 -8
14 21 6
14 22 -2
14 23 -7
14 25 4
14 27 -2
14 29 -6
14 32 -2
14 35 -8
15 22 -7
15 34 -4
15 37 -6
16 18 3
16 19 -2
16 21 2
16 25 -6
16 27 5
16 28 -4
16 31 -6
16 37 7
16 39 -7
17 20 -3
17 21 4
17 22 -5
17 23 -7
17 28 7
17 29 4
17 30 7
17 31 8
17 34 -5
17 35 6
17 39 3
18 19 -3
18 21 -4
18 22 6
18 23 2
18 24 6
18 26 -7
18 33 6
18 37 3
18 39 -7
19 20 -5
19 22 -8
19 26 5
19 31 -5
19 35 -2
20 24 -7
20 25 -3
20 26 -5
20 32 -5
20 33 -6
20 34 -2
21 24 -3
21 26 2
21 29 7
21 33 -6
21 35 -4
21 36 -2
22 23 7
22 25 3
22 26 6
22 27 -8
22 37 3
22 38 -4
23 25 3
23 28 6
23 30 4
23 38 7
24 25 -3
24 27 3
24 32 -2
24 34 -8
24 36 -4
25 28 2
25 30 8
25 31 4
25 32 5
25 33 6
26 27 -2
26 28 6
26 30 -6
26 31 -7
26 33 5
27 31 8
27 33 -2
27 34 8
27 36 -2
27 37 6
28 29 -8
28 30 -3
28 35 -7
29 30 3
29 32 6
29 35 4
31 36 -6
33 38 4
34 38 8
35 36 2
36 38 -5
37 39 -3
-1
-612
