ba_40_4_4
40
3
2
-4
2
3
-3
-4
3
-3
-4
-2
-3
3
2
-2
-3
-4
-2
4
3
-4
-3
3
-2
-4
4
3
4
-3
3
-4
-4
-2
3
-3
3
3
-3
2
3
0 1 -3
0 2 -2
0 3 -4
0 4 -2
0 5 2
0 6 3
0 7 2
0 8 -4
0 10 -2
0 11 4
0 13 3
0 14 2
0 20 4
0 21 4
0 23 2
0 26 -3
0 27 3
0 28 -3
0 32 -2
0 33 3
0 34 4
0 35 3
0 38 -3
1 5 -2
1 7 3
1 12 3
1 14 4
1 17 -4
1 19 -3
1 27 4
1 30 2
2 5 3
2 6 -2
2 9 4
2 10 -3
2 13 -3
2 15 -4
2 19 -4
2 21 -2
2 39 4
3 5 3
3 6 2
3 7 2
3 8 4
3 9 -2
3 12 -2
3 16 4
3 17 4
3 18 -4
3 20 -4
3 22 2
3 28 -2
3 31 -2
3 35 2
3 36 4
4 11 -2
4 25 -2
4 29 3
5 6 -4
5 7 -3
5 8 3
5 11 2
5 12 -3
5 13 4
5 14 -4
5 16 -4
5 19 -4
5 20 -2
5 21 2
5 22 -2
5 26 3
5 29 2
5 32 2
5 33 -4
5 34 2
6 8 -4
6 20 -2
6 27 -2
6 36 -3
7 9 -4
7 10 2
7 12 -3
7 23 -3
7 25 -2
7 33 2
7 36 2
8 9 -4
8 10 -3
8 11 -3
8 15 -3
8 16 3
8 17 2
8 18 2
8 23 4
8 24 4
8 30 2
8 37 4
8 38 2
9 22 -4
9 26 4
9 34 3
9 38 3
10 16 -2
10 22 -2
10 29 2
11 13 -4
11 14 2
11 15 3
11 17 3
11 19 2
12 27 3
13 21 -3
13 31 4
14 15 2
14 18 4
14 24 -4
14 37 3
15 18 2
15 25 -4
15 28 2
16 23 -4
17 36 -3
18 25 3
18 29 3
18 32 -4
18 35 2
19 26 4
19 28 2
19 31 3
20 24 -3
21 33 -2
21 39 2
22 24 3
25 30 -4
26 30 4
26 31 4
27 37 -2
28 32 4
28 34 2
28 39 -4
29 37 -2
29 39 4
34 35 -2
36 38 3
-1
-260
