ba_40_12_8
40
-6
7
-3
-5
6
5
-3
8
2
2
-6
2
-6
2
-4
8
-7
-2
3
-8
-7
3
-2
-2
-3
-4
-8
-4
-5
3
-3
2
7
8
-8
7
-6
2
4
-3
0 1 4
0 2 -6
0 3 -3
0 4 -5
0 5 8
0 6 -7
0 7 -5
0 8 3
0 9 -3
0 10 -4
0 11 7
0 12 -8
0 13 -3
0 14 -3
0 15 8
0 16 2
0 17 3
0 18 3
0 19 -7
0 21 -2
0 23 -3
0 26 -8
0 28 -3
0 29 6
0 32 8
0 34 8
0 37 8
0 38 -6
0 39 2
1 13 2
1 14 -7
1 17 -8
1 18 -4
1 23 2
1 25 3
1 27 5
1 33 5
1 34 -8
1 35 7
1 39 6
2 13 2
2 14 -5
2 15 -2
2 16 -2
2 17 8
2 19 7
2 20 -4
2 24 5
2 27 7
2 32 -4
2 38 -6
2 39 -7
3 13 5
3 14 -8
3 15 -5
3 17 5
3 18 -5
3 19 -2
3 20 -2
3 22 -3
3 32 2
3 35 7
3 37 -4
4 14 2
4 16 -7
4 18 -2
4 20 7
4 22 8
4 24 -4
4 30 -6
4 36 -8
4 39 -2
5 13 3
5 14 8
5 15 -4
5 16 -4
5 17 -6
5 18 2
5 22 -4
5 23 -6
5 24 -3
5 26 -4
5 27 -7
5 29 -4
5 31 -5
5 37 2
5 38 -7
6 13 -2
6 14 -5
6 15 -5
6 16 -6
6 17 8
6 18 -6
6 19 -3
6 21 4
6 23 -5
6 24 3
6 25 3
6 30 -5
6 35 6
6 36 -2
7 13 8
7 14 3
7 19 -2
7 20 -6
7 21 -5
7 22 -2
7 23 8
7 27 -3
7 29 5
7 30 7
7 31 7
7 32 4
7 33 8
7 35 7
7 39 8
8 13 -3
8 14 -8
8 15 4
8 16 -4
8 18 2
8 21 3
8 22 -4
8 24 -3
8 28 4
8 36 -7
8 38 -2
9 13 5
9 15 -7
9 16 2
9 21 -3
9 27 7
9 28 4
10 13 2
10 14 -6
10 15 -6
10 18 -3
10 19 -7
10 20 8
10 21 6
10 22 3
10 23 -2
10 25 3
10 26 5
10 27 -2
10 30 -3
10 31 7
10 33 8
10 36 3
10 38 -2
11 13 5
11 14 -2
11 15 2
11 16 -3
11 17 -4
11 19 -5
11 24 7
11 26 -3
11 31 8
11 33 6
11 37 -8
12 13 -5
12 15 2
12 16 -7
12 17 5
12 19 -3
12 25 6
12 26 -2
12 28 -5
12 33 6
12 35 -4
12 38 -2
13 14 5
13 15 2
13 16 7
13 17 -7
13 18 7
13 19 2
13 20 7
13 21 6
13 22 -8
13 24 -3
13 25 -8
13 26 7
13 28 -7
13 29 -3
13 30 7
13 32 -5
13 34 -6
13 37 2
13 39 6
14 15 5
14 16 -7
14 17 2
14 18 3
14 19 6
14 20 -6
14 21 3
14 23 4
14 25 2
14 26 8
14 30 -7
14 32 -6
14 33 -2
14 35 3
14 38 -7
15 16 2
15 17 -6
15 18 8
15 19 4
15 20 -5
15 21 -4
15 22 4
15 23 7
15 24 8
15 25 -3
15 26 -6
15 27 3
15 31 -2
15 32 8
15 33 2
15 35 -3
15 39 -2
16 17 -3
16 20 4
16 21 3
16 22 -5
16 24 4
16 29 6
16 31 6
16 32 -4
16 33 -8
16 34 5
16 37 -4
17 18 7
17 20 5
17 23 2
17 24 -4
17 25 3
17 26 -5
17 27 8
17 29 5
17 32 -8
17 33 8
17 34 -2
18 19 7
18 20 2
18 26 4
18 27 8
18 28 3
18 29 -6
18 34 -7
18 36 7
18 37 -2
18 38 -4
18 39 -8
19 20 4
19 21 -5
19 22 2
19 23 2
19 24 -6
19 25 -7
19 27 8
19 28 8
19 29 3
19 30 -4
19 31 3
19 34 3
19 37 -8
19 38 -3
19 39 7
20 21 8
20 22 4
20 25 -2
20 27 -8
20 28 2
20 29 -4
20 30 5
20 34 5
20 36 4
21 22 3
21 23 6
21 26 -4
21 28 2
21 29 -8
21 30 -4
21 31 6
21 32 7
21 33 7
21 36 -8
22 23 2
22 24 -8
22 25 -5
22 30 5
22 31 -3
22 34 -7
23 25 -6
23 26 5
23 33 -8
23 36 4
23 37 -8
23 39 6
24 28 6
24 31 -8
24 32 -8
24 37 7
25 28 -3
25 29 -7
25 38 4
26 27 -2
26 28 -4
26 29 -5
26 31 -2
26 35 6
26 36 8
27 30 2
27 34 5
27 35 -8
28 30 8
28 32 4
28 35 5
29 31 5
29 33 -3
29 35 8
29 36 6
29 37 -8
29 39 3
31 34 -4
32 34 4
32 37 -2
33 36 8
33 39 2
34 35 5
34 36 -6
35 38 7
37 38 2
-1
-673
