ba_60_10_32
60
26
29
16
15
19
-11
-30
17
-16
-6
6
17
16
18
-20
8
28
-13
6
27
25
30
15
28
30
25
12
-20
31
-20
19
4
-8
3
-18
6
-18
19
21
-2
-10
-18
-17
-10
-7
4
-24
-7
-19
-20
8
-24
-16
3
24
21
9
29
-25
28
0 1 -30
0 2 -9
0 3 7
0 4 -24
0 5 -12
0 6 -17
0 7 6
0 8 -30
0 9 -25
0 10 -2
0 11 -21
0 12 11
0 13 14
0 14 2
0 15 22
0 17 -16
0 18 11
0 20 31
0 21 -6
0 22 25
0 24 9
0 27 22
0 28 20
0 32 -16
0 33 -2
0 34 -16
0 37 10
0 38 12
0 44 23
0 45 2
0 50 24
0 52 -20
0 54 -4
0 57 7
1 11 -17
1 12 -23
1 13 14
1 14 20
1 15 13
1 19 8
1 20 26
1 23 -21
1 24 20
1 25 15
1 26 -15
1 29 4
1 33 -2
1 35 24
1 37 -25
1 42 10
1 53 -7
1 56 -18
1 57 12
1 59 -29
2 11 -13
2 13 -29
2 14 19
2 15 19
2 16 -25
2 17 28
2 18 -19
2 20 15
2 22 18
2 27 -30
2 31 2
2 34 -10
2 37 11
2 38 -8
2 39 -29
2 41 -5
2 47 -3
2 56 4
2 57 4
3 11 -28
3 12 20
3 18 -2
3 44 -24
3 57 14
3 59 30
4 11 16
4 12 -24
4 13 7
4 14 -9
4 17 12
4 18 27
4 20 -16
4 23 27
4 26 -21
4 29 30
4 32 7
4 33 -31
4 36 -30
4 39 21
4 40 13
4 44 11
4 45 22
4 46 -29
4 52 -25
5 11 29
5 13 4
5 14 10
5 15 -32
5 20 -12
5 21 -22
5 23 28
5 29 28
5 32 29
5 39 11
5 45 -23
5 48 -2
6 12 7
6 16 -8
6 18 -22
6 36 25
6 41 25
6 43 -5
6 44 22
6 50 -24
7 11 17
7 12 7
7 13 26
7 15 -3
7 16 25
7 17 -21
7 19 -15
7 21 -32
7 22 23
7 24 14
7 30 -14
7 40 12
7 49 -27
7 53 -3
7 59 13
8 11 -26
8 12 30
8 15 -16
8 16 20
8 17 -22
8 19 13
8 23 -26
8 28 -6
8 29 -17
8 30 25
8 31 -29
8 35 -25
8 36 -22
8 40 -11
8 42 15
8 43 10
8 44 -20
8 54 -14
8 55 22
9 11 15
9 12 18
9 13 -3
9 14 4
9 15 -10
9 16 -9
9 17 13
9 19 -27
9 20 17
9 21 14
9 24 7
9 25 -10
9 26 -26
9 29 -27
9 31 -31
9 32 6
9 35 -2
9 38 20
9 39 11
9 45 20
9 49 29
9 51 -5
9 52 -12
9 55 -18
9 56 -12
10 11 2
10 12 15
10 13 -20
10 14 7
10 16 5
10 18 -31
10 19 -7
10 23 -8
10 28 -14
10 32 14
10 34 -4
10 35 -2
10 40 -29
10 52 -6
10 56 -6
11 12 25
11 13 -19
11 14 -30
11 15 -13
11 16 18
11 17 -15
11 21 -12
11 24 -4
11 25 -27
11 26 25
11 27 -32
11 30 -23
11 34 17
11 36 22
11 37 -6
11 38 17
11 40 -7
11 41 26
11 42 16
11 47 19
11 50 -16
11 53 -19
11 57 -26
11 59 8
12 13 22
12 14 -16
12 15 11
12 16 8
12 17 30
12 18 -17
12 19 3
12 21 -13
12 22 12
12 23 -18
12 24 -17
12 25 14
12 26 -19
12 27 7
12 28 2
12 29 -20
12 34 26
12 38 27
12 39 29
12 41 7
12 42 -5
12 43 28
12 44 30
12 45 -5
12 47 -4
12 48 -8
12 49 28
12 51 -8
12 55 17
12 57 10
12 58 6
12 59 24
13 14 21
13 16 19
13 17 14
13 18 29
13 19 -5
13 20 31
13 22 -3
13 24 24
13 27 -17
13 28 23
13 30 14
13 31 28
13 33 6
13 36 -10
13 37 29
13 39 -7
13 41 12
13 43 14
13 54 26
13 55 21
14 15 -23
14 16 6
14 17 6
14 18 31
14 19 24
14 20 -13
14 21 -28
14 22 10
14 23 20
14 25 -23
14 27 17
14 29 15
14 32 7
14 35 26
14 44 29
14 48 3
14 50 -11
14 51 -4
14 56 -28
14 57 21
14 58 4
15 22 -19
15 34 -15
15 37 -32
15 51 8
15 53 23
16 18 -26
16 19 8
16 21 22
16 25 -24
16 27 -24
16 28 -25
16 31 -22
16 37 -19
16 39 30
16 42 14
17 20 -14
17 21 -3
17 22 13
17 23 -28
17 28 -25
17 29 12
17 30 2
17 31 -7
17 34 7
17 35 24
17 39 -19
17 40 -21
17 42 17
17 43 -32
17 44 21
17 48 20
17 49 28
17 51 -21
17 52 -9
17 58 -18
18 19 8
18 21 19
18 22 3
18 23 -3
18 24 6
18 26 -8
18 33 32
18 37 -22
18 39 27
18 42 -3
18 44 -31
18 45 4
18 47 21
18 49 4
18 50 -14
19 20 -11
19 22 18
19 26 -28
19 31 23
19 35 -9
19 50 29
19 54 -29
19 55 3
19 58 15
20 24 -9
20 25 -31
20 26 -25
20 32 2
20 33 23
20 34 25
20 43 31
21 24 -8
21 26 -10
21 29 -8
21 33 -9
21 35 22
21 36 15
21 40 -27
21 48 15
21 49 11
21 51 15
21 58 -6
22 23 -19
22 25 30
22 26 -6
22 27 18
22 37 17
22 38 -17
22 46 14
22 51 -23
22 52 -6
22 54 -9
22 56 30
23 25 25
23 28 24
23 30 -14
23 38 16
23 41 29
23 43 -21
23 45 23
23 48 -11
23 53 18
23 58 -2
24 25 -23
24 27 32
24 32 31
24 34 12
24 36 10
24 40 29
24 41 -10
24 42 14
24 45 20
25 28 22
25 30 12
25 31 24
25 32 17
25 33 -28
25 43 23
25 46 28
25 47 -30
25 54 -6
25 59 11
26 27 3
26 28 -6
26 30 9
26 31 -29
26 33 29
26 41 32
26 47 29
26 50 -24
26 59 -27
27 31 -20
27 33 -22
27 34 -9
27 36 23
27 37 31
27 40 7
27 53 15
27 55 31
28 29 12
28 30 9
28 35 14
28 40 -5
28 41 3
28 46 -30
28 48 -10
28 53 15
28 54 -14
28 56 -18
29 30 -2
29 32 -11
29 35 -2
29 46 20
30 42 -24
30 50 5
30 52 2
30 53 -20
31 36 -14
31 45 32
31 47 -20
31 50 22
31 52 -17
31 56 16
32 48 -16
32 49 -20
33 38 -20
33 46 25
33 55 26
33 57 -10
33 58 20
34 38 17
34 42 -18
34 43 -8
34 46 22
34 47 -16
34 57 -19
34 58 -5
34 59 -7
35 36 31
35 41 -15
35 50 20
35 54 23
35 56 14
35 58 -24
36 38 26
36 44 9
36 48 8
36 52 -29
36 59 -28
37 39 -4
37 46 -17
37 47 26
37 51 19
37 52 -6
37 57 27
38 43 16
38 46 21
39 46 -21
39 47 14
39 54 -20
39 59 -7
40 51 -27
42 45 6
42 54 -20
43 49 7
44 48 25
44 51 -4
44 53 30
44 56 -10
45 53 20
45 58 32
47 49 -4
47 55 13
48 49 4
51 55 8
52 55 -26
-1
-3504
