ba_60_4_32
60
23
-7
-9
18
23
-19
-13
-31
24
-24
15
-21
-4
9
10
4
-13
-21
-31
22
-18
-27
5
-10
21
7
5
-20
11
-17
-16
2
11
-10
-2
-7
-7
10
-5
30
8
22
-28
-27
-20
-28
31
-6
31
9
27
24
27
7
-7
-7
-17
5
29
28
0 1 12
0 2 -23
0 3 14
0 4 -15
0 5 17
0 6 -12
0 7 -23
0 8 -31
0 10 26
0 11 -30
0 13 -4
0 14 19
0 20 -11
0 21 -28
0 23 -8
0 26 2
0 27 15
0 28 -6
0 32 -5
0 33 28
0 34 -4
0 35 -30
0 38 -7
0 45 12
0 50 29
0 57 -4
1 5 -27
1 7 16
1 12 19
1 14 28
1 17 -31
1 19 -3
1 27 -16
1 30 6
1 49 11
1 52 26
1 53 29
2 5 5
2 6 21
2 9 -11
2 10 17
2 13 -14
2 15 22
2 19 18
2 21 -18
2 39 -9
2 44 15
2 49 19
3 5 26
3 6 19
3 7 -22
3 8 30
3 9 -4
3 12 -25
3 16 -7
3 17 -11
3 18 -2
3 20 -26
3 22 -6
3 28 -11
3 31 -17
3 35 -7
3 36 26
3 46 7
3 57 -14
4 11 -4
4 25 25
4 29 -26
5 6 -19
5 7 -26
5 8 17
5 11 -11
5 12 2
5 13 -5
5 14 4
5 16 29
5 19 -2
5 20 7
5 21 2
5 22 11
5 26 -4
5 29 32
5 32 -29
5 33 2
5 34 15
5 40 -10
5 43 -10
5 44 11
5 46 -17
5 47 23
5 55 -20
6 8 20
6 20 -25
6 27 20
6 36 -31
6 41 2
6 45 -9
7 9 -24
7 10 -19
7 12 29
7 23 26
7 25 18
7 33 -26
7 36 -12
7 42 31
7 43 25
7 50 31
7 56 18
7 59 27
8 9 -7
8 10 -32
8 11 8
8 15 15
8 16 5
8 17 29
8 18 5
8 23 -32
8 24 32
8 30 11
8 37 23
8 38 -2
8 48 -6
8 49 10
8 50 -22
8 52 2
9 22 -28
9 26 -15
9 34 -29
9 38 -21
9 42 -15
9 58 -22
10 16 23
10 22 -22
10 29 -29
10 41 -2
10 54 22
11 13 30
11 14 32
11 15 23
11 17 -2
11 19 -22
11 42 31
11 59 17
12 27 23
12 49 -12
13 21 27
13 31 -25
14 15 -11
14 18 -13
14 24 5
14 37 -25
14 41 21
14 45 27
14 54 -30
14 58 29
15 18 18
15 25 -19
15 28 20
15 47 -23
15 48 -30
16 23 -18
16 40 14
16 53 -26
16 55 -24
17 36 17
18 25 6
18 29 -24
18 32 26
18 35 -31
18 46 10
18 53 15
19 26 19
19 28 -29
19 31 -9
19 51 -7
19 54 -31
20 24 -7
20 40 -27
21 33 -3
21 39 -7
22 24 9
22 45 -29
22 58 -19
23 43 15
23 44 4
23 56 12
24 41 25
24 47 4
25 30 -2
25 55 32
25 57 23
26 30 11
26 31 4
26 43 -9
26 46 -28
27 37 32
28 32 2
28 34 -30
28 39 -3
28 40 -22
28 44 16
28 52 12
29 37 4
29 39 -15
29 51 -21
29 54 -12
31 50 11
31 51 26
34 35 2
36 38 -6
36 56 27
39 53 -27
40 42 -10
41 48 -32
41 51 -16
41 59 -20
42 47 21
42 59 5
45 48 31
46 55 -22
50 57 -8
51 52 25
52 56 29
57 58 -17
-1
-2386
