ba_60_8_64
60
-30
-34
36
-36
19
15
-7
56
-37
-23
43
18
28
-12
-58
53
-34
35
-46
-29
-2
-21
51
-62
-8
-55
35
47
28
19
2
-61
-48
-57
-63
28
-23
-37
-49
7
-10
32
48
-49
33
-26
26
32
-45
58
51
-38
20
-17
-42
-61
-59
-37
-23
23
0 1 14
0 2 -59
0 3 18
0 4 -31
0 5 -49
0 6 -24
0 7 -36
0 8 44
0 9 -17
0 10 -22
0 11 -28
0 12 -37
0 13 -56
0 15 5
0 16 -45
0 17 -57
0 21 -29
0 22 9
0 23 37
0 25 -22
0 26 22
0 28 13
0 31 10
0 37 17
0 45 13
0 48 10
0 50 55
0 56 11
0 58 -61
1 9 8
1 10 -37
1 11 -43
1 13 -58
1 15 -20
1 19 22
1 21 -45
1 22 -36
1 23 8
1 27 38
1 40 -22
1 41 9
1 44 34
1 49 44
1 58 -43
2 9 -11
2 10 -45
2 11 -46
2 13 -26
2 17 50
2 18 -57
2 24 -47
2 32 -9
2 37 -25
2 39 -32
2 46 -42
2 47 -41
2 53 23
2 55 -12
2 57 -52
3 9 -28
3 10 -6
3 11 -18
3 12 -52
3 14 -21
3 15 31
3 16 -35
3 28 -58
3 31 -15
3 41 6
3 49 18
3 50 16
3 51 -62
3 52 -30
4 9 -8
4 11 -39
4 14 36
4 30 -36
4 40 -17
5 9 -44
5 10 -51
5 12 -16
5 14 -21
5 18 45
5 36 8
5 56 -14
6 9 59
6 10 -23
6 12 -49
6 14 -37
6 16 18
6 20 17
6 25 23
6 35 12
6 38 37
6 40 16
6 47 -4
6 51 14
7 9 -3
7 11 21
7 13 -51
7 17 -54
7 27 -22
7 32 -50
7 38 53
7 42 -53
7 46 41
7 49 -52
7 56 -44
8 10 -40
8 12 29
8 13 -26
8 14 25
8 17 -16
8 20 38
8 23 -45
8 25 -38
8 26 38
8 30 -61
8 35 63
8 39 20
8 42 43
8 43 -35
8 47 -44
8 58 55
9 10 -26
9 11 61
9 12 57
9 13 -18
9 14 -12
9 15 39
9 16 -49
9 18 -58
9 19 -30
9 20 -56
9 23 50
9 24 2
9 25 -5
9 28 35
9 30 25
9 32 -38
9 36 9
9 42 -34
9 45 61
9 46 -63
9 47 21
9 51 12
10 11 -55
10 12 48
10 13 -46
10 14 9
10 15 -47
10 16 -21
10 17 -17
10 18 36
10 19 -18
10 20 34
10 21 -49
10 24 7
10 25 22
10 27 33
10 29 -25
10 31 41
10 32 56
10 33 -30
10 34 64
10 36 -23
10 37 -34
10 38 6
10 41 -39
10 42 15
10 43 49
10 44 55
10 45 49
10 46 34
10 48 28
10 49 48
10 55 27
10 56 20
10 57 -50
11 12 -54
11 13 59
11 14 -57
11 15 -49
11 18 33
11 19 -11
11 24 57
11 25 9
11 26 -60
11 28 -21
11 33 -25
11 35 45
11 37 62
11 41 37
11 43 -10
11 44 -30
11 47 -46
11 48 29
11 52 -41
11 53 -35
11 57 -51
12 15 13
12 16 49
12 17 -48
12 19 29
12 20 -50
12 29 -60
12 34 -22
12 36 -63
12 43 29
12 53 46
12 59 45
13 15 -34
13 16 36
13 18 63
13 19 -31
13 21 13
13 22 -29
13 23 5
13 27 37
13 29 -31
13 32 40
13 42 34
13 52 45
13 53 28
13 58 58
14 16 -13
14 17 -31
14 18 -33
14 20 -47
14 21 9
14 22 56
14 25 -51
14 26 -14
14 29 62
14 33 44
14 37 60
14 40 -50
14 43 9
14 45 30
14 52 16
14 58 -10
14 59 -28
15 19 60
15 33 -9
15 44 -15
15 54 54
16 17 -2
16 18 -41
16 21 33
16 22 -11
16 23 62
16 26 -26
16 29 -15
16 33 19
16 37 -45
16 38 31
16 39 23
16 41 6
16 46 -28
16 50 59
17 20 2
17 26 -57
17 27 64
17 28 -18
17 29 -22
17 32 31
17 44 -43
17 46 -32
17 53 -57
17 55 54
17 56 37
17 57 -4
18 19 -46
18 20 31
18 21 38
18 24 -11
18 30 53
18 31 7
18 38 2
18 39 6
18 40 -62
18 48 -45
18 50 -45
18 52 28
18 59 36
19 22 -5
19 23 43
19 25 -41
19 26 4
19 32 -19
19 34 4
19 35 46
19 45 -55
19 54 42
20 21 17
20 22 47
20 23 -3
20 27 32
20 29 28
20 30 -54
20 31 -36
20 34 -17
20 35 12
20 37 -59
20 38 -17
20 41 23
20 48 14
20 50 62
20 51 -31
20 53 -53
20 54 -48
20 55 -59
20 57 -41
20 59 -6
21 22 -64
21 24 52
21 27 14
21 30 -5
21 31 35
21 34 44
21 36 -27
21 41 -28
21 43 43
21 45 5
21 51 -52
21 52 -34
22 24 -20
22 33 -64
22 36 -55
22 39 58
22 42 -25
22 51 -36
22 55 -18
23 24 -31
23 27 28
23 34 50
23 35 -41
23 40 52
23 47 26
23 48 38
23 52 22
23 54 -50
24 26 16
24 28 -18
24 33 12
24 36 54
24 38 -28
24 39 -57
24 42 44
24 46 46
24 47 -32
24 48 5
24 54 43
25 28 -42
25 43 -11
25 59 57
26 31 -12
26 35 39
26 36 62
26 38 41
26 44 48
26 53 -54
26 55 -49
27 28 23
27 29 -52
27 30 39
27 31 36
27 34 -12
27 35 -21
27 39 -29
27 46 64
27 48 -28
27 50 -3
27 52 12
27 56 -52
27 57 -35
27 58 49
28 32 -19
28 58 24
29 30 -61
29 33 62
29 42 -24
29 50 -30
29 53 -61
30 56 -29
31 41 3
31 51 61
31 56 60
32 34 -16
32 37 34
32 49 46
33 45 5
33 54 -47
33 57 54
34 44 -16
34 59 52
35 40 32
37 49 43
38 39 -26
38 40 -52
38 44 -24
40 47 4
40 54 30
41 43 -25
41 51 -60
42 55 -3
43 45 -63
43 49 -42
44 49 -33
44 50 64
44 59 -38
45 57 3
49 55 -11
49 59 -41
50 58 20
51 54 -2
-1
-6746
