ba_60_8_4
60
-3
-3
2
-4
3
3
3
4
-2
-4
-4
2
4
-2
3
-2
2
-4
2
-2
-2
-3
-3
2
-2
-3
2
-4
-2
2
4
-2
-4
-4
-4
4
2
4
2
-3
3
2
3
-3
3
3
-4
-4
2
-3
4
-3
-2
2
4
-4
3
3
3
-2
0 1 4
0 2 -3
0 3 3
0 4 4
0 5 4
0 6 2
0 7 2
0 8 -3
0 9 4
0 10 -4
0 11 -4
0 12 -4
0 13 4
0 15 -3
0 16 -3
0 17 -3
0 21 -4
0 22 4
0 23 -4
0 25 -4
0 26 -2
0 28 -4
0 31 -3
0 37 4
0 45 -3
0 48 -2
0 50 4
0 56 -2
0 58 3
1 9 -3
1 10 3
1 11 4
1 13 3
1 15 3
1 19 -4
1 21 2
1 22 -3
1 23 -2
1 27 -2
1 40 2
1 41 3
1 44 4
1 49 2
1 58 2
2 9 2
2 10 -3
2 11 -3
2 13 -4
2 17 2
2 18 3
2 24 -2
2 32 -3
2 37 4
2 39 -2
2 46 2
2 47 3
2 53 2
2 55 3
2 57 -4
3 9 4
3 10 -3
3 11 -3
3 12 -4
3 14 -2
3 15 2
3 16 -4
3 28 -4
3 31 -3
3 41 2
3 49 4
3 50 2
3 51 3
3 52 -4
4 9 3
4 11 3
4 14 2
4 30 -4
4 40 -2
5 9 -2
5 10 3
5 12 2
5 14 -3
5 18 4
5 36 -2
5 56 4
6 9 2
6 10 -4
6 12 2
6 14 -3
6 16 4
6 20 -2
6 25 4
6 35 2
6 38 -3
6 40 -3
6 47 -2
6 51 3
7 9 4
7 11 3
7 13 4
7 17 -4
7 27 4
7 32 -4
7 38 -3
7 42 -2
7 46 4
7 49 3
7 56 3
8 10 3
8 12 -4
8 13 -4
8 14 -3
8 17 4
8 20 4
8 23 4
8 25 3
8 26 -4
8 30 -4
8 35 -3
8 39 -2
8 42 -3
8 43 -4
8 47 2
8 58 2
9 10 -4
9 11 3
9 12 -3
9 13 3
9 14 -2
9 15 -2
9 16 2
9 18 -2
9 19 2
9 20 -4
9 23 -3
9 24 2
9 25 4
9 28 -4
9 30 -2
9 32 -3
9 36 -4
9 42 -3
9 45 -4
9 46 -2
9 47 4
9 51 -4
10 11 3
10 12 -3
10 13 2
10 14 -2
10 15 2
10 16 -3
10 17 -3
10 18 2
10 19 2
10 20 -3
10 21 3
10 24 4
10 25 -2
10 27 2
10 29 3
10 31 3
10 32 3
10 33 -2
10 34 3
10 36 -2
10 37 -4
10 38 3
10 41 -4
10 42 4
10 43 -4
10 44 -2
10 45 2
10 46 4
10 48 -3
10 49 3
10 55 -4
10 56 -4
10 57 -4
11 12 -4
11 13 3
11 14 -3
11 15 -4
11 18 3
11 19 4
11 24 -4
11 25 3
11 26 -2
11 28 -2
11 33 4
11 35 -3
11 37 -3
11 41 2
11 43 4
11 44 -4
11 47 -3
11 48 -2
11 52 3
11 53 -3
11 57 -3
12 15 3
12 16 2
12 17 -4
12 19 -2
12 20 -3
12 29 4
12 34 4
12 36 -4
12 43 4
12 53 4
12 59 -2
13 15 -3
13 16 3
13 18 -4
13 19 4
13 21 3
13 22 -2
13 23 -2
13 27 -4
13 29 -4
13 32 4
13 42 3
13 52 2
13 53 3
13 58 2
14 16 3
14 17 -3
14 18 2
14 20 -2
14 21 4
14 22 3
14 25 2
14 26 -4
14 29 4
14 33 3
14 37 -4
14 40 -3
14 43 -2
14 45 -4
14 52 2
14 58 -4
14 59 -4
15 19 -3
15 33 4
15 44 -3
15 54 4
16 17 -4
16 18 3
16 21 3
16 22 -4
16 23 -2
16 26 -2
16 29 -4
16 33 -2
16 37 -3
16 38 3
16 39 -4
16 41 2
16 46 -3
16 50 4
17 20 -2
17 26 -2
17 27 2
17 28 -2
17 29 -2
17 32 4
17 44 -2
17 46 3
17 53 3
17 55 -3
17 56 3
17 57 -2
18 19 -2
18 20 -3
18 21 -3
18 24 -4
18 30 -4
18 31 -4
18 38 2
18 39 -2
18 40 2
18 48 -2
18 50 4
18 52 2
18 59 2
19 22 4
19 23 -3
19 25 -3
19 26 4
19 32 -3
19 34 4
19 35 2
19 45 4
19 54 -4
20 21 2
20 22 2
20 23 2
20 27 -3
20 29 -2
20 30 -2
20 31 2
20 34 -3
20 35 -2
20 37 3
20 38 3
20 41 -3
20 48 4
20 50 -4
20 51 4
20 53 -4
20 54 3
20 55 4
20 57 4
20 59 -2
21 22 4
21 24 -2
21 27 -3
21 30 -2
21 31 2
21 34 3
21 36 -4
21 41 -2
21 43 4
21 45 3
21 51 3
21 52 4
22 24 -4
22 33 4
22 36 -2
22 39 3
22 42 -3
22 51 -4
22 55 -4
23 24 3
23 27 -4
23 34 -3
23 35 2
23 40 4
23 47 -3
23 48 4
23 52 4
23 54 3
24 26 -3
24 28 -3
24 33 -2
24 36 4
24 38 2
24 39 -4
24 42 4
24 46 3
24 47 2
24 48 2
24 54 4
25 28 4
25 43 3
25 59 4
26 31 3
26 35 4
26 36 3
26 38 4
26 44 -3
26 53 -4
26 55 2
27 28 4
27 29 2
27 30 4
27 31 3
27 34 -4
27 35 -4
27 39 -3
27 46 -3
27 48 -4
27 50 -2
27 52 4
27 56 -2
27 57 -3
27 58 4
28 32 -3
28 58 2
29 30 3
29 33 2
29 42 -2
29 50 -3
29 53 2
30 56 -2
31 41 2
31 51 3
31 56 -3
32 34 -3
32 37 -4
32 49 -3
33 45 3
33 54 2
33 57 -3
34 44 3
34 59 3
35 40 -2
37 49 3
38 39 -3
38 40 4
38 44 4
40 47 2
40 54 -3
41 43 -2
41 51 -2
42 55 -2
43 45 -3
43 49 2
44 49 -3
44 50 -4
44 59 2
45 57 2
49 55 -3
49 59 3
50 58 -3
51 54 -3
-1
-520
