ba_60_12_64
60
19
54
-28
15
39
6
24
-34
2
-7
-6
-51
-28
63
21
64
-2
-29
-23
5
10
-53
-47
-52
61
18
30
20
-14
-14
21
48
35
39
18
-52
31
-55
-35
61
-6
24
-57
-22
-8
-51
19
57
-53
-21
-61
-41
-45
10
-42
-30
-53
-61
-28
17
0 1 -10
0 2 -44
0 3 62
0 4 27
0 5 34
0 6 -21
0 7 31
0 8 -53
0 9 -50
0 10 -50
0 11 -12
0 12 -29
0 13 -4
0 14 -50
0 15 -60
0 16 -21
0 17 38
0 18 41
0 19 55
0 21 16
0 23 -23
0 26 8
0 28 -8
0 29 -21
0 32 43
0 34 39
0 37 -38
0 38 -51
0 39 -21
0 43 10
0 45 4
0 47 -43
0 49 40
0 52 49
0 53 -40
0 54 -49
0 55 -11
0 58 59
0 59 -11
1 13 21
1 14 16
1 17 64
1 18 -54
1 23 59
1 25 39
1 27 27
1 33 48
1 34 -39
1 35 -29
1 39 -44
1 42 -2
1 44 -37
1 50 29
2 13 -10
2 14 -32
2 15 9
2 16 -27
2 17 -56
2 19 25
2 20 61
2 24 42
2 27 -18
2 32 54
2 38 -46
2 39 -52
3 13 -29
3 14 -31
3 15 -17
3 17 -19
3 18 44
3 19 40
3 20 -29
3 22 -7
3 32 -54
3 35 -56
3 37 -5
3 41 12
3 55 -60
4 14 -34
4 16 -64
4 18 -7
4 20 49
4 22 -48
4 24 -21
4 30 59
4 36 -11
4 39 60
5 13 37
5 14 -6
5 15 24
5 16 25
5 17 -11
5 18 14
5 22 -37
5 23 64
5 24 48
5 26 -37
5 27 23
5 29 21
5 31 -9
5 37 -43
5 38 41
5 45 -26
5 52 -50
5 56 44
6 13 36
6 14 -19
6 15 -6
6 16 19
6 17 -43
6 18 28
6 19 -22
6 21 -47
6 23 -45
6 24 -25
6 25 -34
6 30 51
6 35 64
6 36 14
6 46 -62
6 48 -22
6 53 -42
6 58 -37
7 13 -25
7 14 64
7 19 24
7 20 -21
7 21 -57
7 22 -61
7 23 34
7 27 -33
7 29 -7
7 30 52
7 31 42
7 32 51
7 33 -54
7 35 -44
7 39 -60
7 42 11
7 43 49
7 45 -23
7 50 16
7 51 6
7 54 -6
8 13 -44
8 14 36
8 15 -12
8 16 7
8 18 33
8 21 40
8 22 15
8 24 10
8 28 59
8 36 55
8 38 -63
8 43 -11
8 46 9
8 48 -48
8 55 60
8 58 -21
9 13 34
9 15 -30
9 16 -7
9 21 21
9 27 -43
9 28 -39
10 13 -55
10 14 -19
10 15 48
10 18 19
10 19 -61
10 20 -55
10 21 -23
10 22 -7
10 23 19
10 25 -35
10 26 -7
10 27 -41
10 30 59
10 31 19
10 33 8
10 36 51
10 38 43
10 40 16
10 41 13
10 43 -51
10 47 15
10 48 -50
11 13 -3
11 14 -53
11 15 56
11 16 -45
11 17 3
11 19 -60
11 24 -9
11 26 -36
11 31 29
11 33 -22
11 37 28
11 48 54
11 59 46
12 13 52
12 15 -56
12 16 -25
12 17 -2
12 19 -55
12 25 -40
12 26 3
12 28 4
12 33 59
12 35 47
12 38 -35
12 40 -12
12 41 60
12 42 -40
13 14 57
13 15 49
13 16 32
13 17 -7
13 18 41
13 19 28
13 20 17
13 21 -6
13 22 58
13 24 6
13 25 59
13 26 -14
13 28 37
13 29 -55
13 30 -49
13 32 49
13 34 48
13 37 -63
13 39 -11
13 42 -42
13 43 -54
13 44 -47
13 45 -12
13 48 -26
13 49 42
13 50 -7
13 53 -38
13 56 9
13 57 13
13 58 16
14 15 -59
14 16 30
14 17 47
14 18 45
14 19 -59
14 20 -37
14 21 -12
14 23 -4
14 25 44
14 26 -42
14 30 13
14 32 3
14 33 -36
14 35 17
14 38 61
14 42 -48
14 45 39
14 48 -18
15 16 -15
15 17 8
15 18 47
15 19 58
15 20 -7
15 21 -59
15 22 42
15 23 20
15 24 -60
15 25 -3
15 26 5
15 27 -59
15 31 -40
15 32 -42
15 33 -64
15 35 -7
15 39 16
15 42 58
15 43 23
15 45 -56
15 47 -35
15 50 37
15 52 -14
15 53 3
15 54 -19
15 56 -52
15 59 3
16 17 51
16 20 9
16 21 -11
16 22 32
16 24 -48
16 29 -35
16 31 -43
16 32 -9
16 33 45
16 34 -51
16 37 12
16 46 -61
16 49 15
16 53 42
16 57 20
16 58 -23
17 18 -3
17 20 -13
17 23 42
17 24 -2
17 25 20
17 26 3
17 27 -63
17 29 46
17 32 -56
17 33 -2
17 34 51
17 46 8
17 49 -26
17 51 51
17 53 45
17 55 38
18 19 -12
18 20 16
18 26 -15
18 27 25
18 28 -60
18 29 -36
18 34 19
18 36 -4
18 37 -52
18 38 -62
18 39 -54
18 44 12
18 45 12
18 46 41
18 49 -45
18 51 -50
18 52 -34
18 54 2
18 57 -41
19 20 -2
19 21 21
19 22 20
19 23 42
19 24 40
19 25 10
19 27 -23
19 28 29
19 29 -38
19 30 2
19 31 57
19 34 9
19 37 4
19 38 27
19 39 49
19 40 -10
19 41 47
19 42 7
19 45 -26
19 46 -7
19 47 29
19 49 -47
19 55 -8
19 59 43
20 21 50
20 22 -41
20 25 -6
20 27 45
20 28 17
20 29 -11
20 30 13
20 34 -40
20 36 -5
20 41 26
20 44 45
20 45 -36
20 46 45
20 52 -15
20 53 -18
20 54 61
20 57 16
21 22 34
21 23 13
21 26 -40
21 28 -11
21 29 7
21 30 2
21 31 46
21 32 15
21 33 -47
21 36 37
21 40 37
21 42 -63
21 43 -22
21 44 -21
21 45 48
21 50 52
21 55 -53
22 23 3
22 24 50
22 25 42
22 30 -20
22 31 -42
22 34 23
22 40 -51
22 44 -59
22 45 33
22 48 64
22 50 -24
22 56 -18
22 59 -19
23 25 -53
23 26 -58
23 33 56
23 36 -34
23 37 -12
23 39 -43
23 40 -50
23 41 -63
23 47 4
23 51 -30
23 52 -24
23 56 -34
24 28 36
24 31 -20
24 32 -5
24 37 2
24 46 -34
24 49 18
24 51 -5
24 52 42
24 58 -23
24 59 -12
25 28 -16
25 29 32
25 38 9
25 44 43
25 46 8
25 47 9
25 51 56
25 52 6
25 54 -51
25 55 -41
25 56 60
25 58 29
25 59 -8
26 27 -20
26 28 -27
26 29 -24
26 31 25
26 35 -38
26 36 26
26 43 -29
26 47 -34
27 30 54
27 34 -62
27 35 20
27 42 12
27 46 -32
27 48 21
27 50 -43
27 52 36
27 57 18
27 58 -64
28 30 53
28 32 -22
28 35 32
28 55 41
28 56 44
29 31 11
29 33 7
29 35 -4
29 36 -3
29 37 -23
29 39 -38
29 40 -52
29 41 59
29 43 -39
29 44 14
29 48 -59
29 51 -3
29 52 -58
30 41 -41
30 43 -5
30 47 46
30 54 -35
30 55 -56
31 34 -51
31 40 26
31 42 44
31 47 8
31 49 -26
31 50 45
31 54 11
31 56 -28
31 57 43
32 34 -21
32 37 64
32 41 -52
32 44 56
32 49 -52
32 50 63
32 51 -63
32 54 -20
33 36 38
33 39 -52
33 44 11
33 48 -15
33 53 -60
33 57 60
34 35 52
34 36 64
34 40 -58
34 41 -56
34 44 51
34 48 54
35 38 -34
35 40 -27
35 43 -38
35 47 -58
35 49 25
35 50 -36
35 51 22
35 54 -35
35 56 50
36 40 -56
36 41 25
36 46 37
36 51 -53
36 53 -50
36 55 15
36 57 -55
36 59 9
37 38 28
37 52 5
37 54 34
38 40 32
38 42 -39
38 43 47
38 50 -12
38 51 -25
38 57 40
39 44 -39
39 49 36
39 58 13
40 41 47
40 42 38
40 46 -9
40 47 -33
40 48 18
40 56 2
40 57 -14
41 45 63
41 50 52
41 53 -11
41 54 -31
41 56 34
42 49 26
42 52 -62
43 58 -64
45 53 20
45 58 56
46 47 26
46 51 -9
46 55 -60
47 56 12
47 57 -40
48 53 -34
50 55 45
51 57 -58
52 59 3
53 59 -39
54 59 57
55 59 -17
57 58 -12
-1
-7955
