ba_60_10_8
60
6
-2
-6
-5
4
-8
-8
8
3
-6
-2
-4
-7
2
-4
2
2
-2
6
4
2
6
2
-8
8
6
-6
5
2
-5
-6
-8
-7
6
7
-4
-2
-2
5
7
5
2
5
-3
-6
5
3
8
-8
-7
4
-6
-6
-2
3
8
6
-7
3
-5
0 1 -5
0 2 4
0 3 -5
0 4 -5
0 5 -6
0 6 5
0 7 -8
0 8 -3
0 9 8
0 10 -7
0 11 7
0 12 -3
0 13 4
0 14 -4
0 15 -4
0 17 6
0 18 7
0 20 5
0 21 4
0 22 -5
0 24 8
0 27 -6
0 28 -8
0 32 -5
0 33 -2
0 34 2
0 37 6
0 38 3
0 44 2
0 45 8
0 50 -3
0 52 -3
0 54 -3
0 57 -5
1 11 -8
1 12 -3
1 13 7
1 14 -2
1 15 -5
1 19 -2
1 20 -4
1 23 2
1 24 -5
1 25 -2
1 26 4
1 29 4
1 33 2
1 35 3
1 37 -2
1 42 6
1 53 -2
1 56 -8
1 57 -4
1 59 4
2 11 6
2 13 -4
2 14 8
2 15 8
2 16 -4
2 17 -3
2 18 4
2 20 4
2 22 6
2 27 -6
2 31 -2
2 34 -7
2 37 2
2 38 3
2 39 5
2 41 -7
2 47 -8
2 56 -5
2 57 -4
3 11 -5
3 12 -8
3 18 -2
3 44 2
3 57 -8
3 59 -4
4 11 -2
4 12 -7
4 13 -7
4 14 3
4 17 -4
4 18 -5
4 20 3
4 23 7
4 26 6
4 29 3
4 32 4
4 33 8
4 36 3
4 39 -3
4 40 -2
4 44 -5
4 45 -5
4 46 -3
4 52 -3
5 11 -2
5 13 -4
5 14 8
5 15 -6
5 20 6
5 21 6
5 23 -6
5 29 -8
5 32 -6
5 39 -6
5 45 4
5 48 -5
6 12 7
6 16 5
6 18 -6
6 36 2
6 41 -5
6 43 8
6 44 4
6 50 -6
7 11 3
7 12 8
7 13 -3
7 15 7
7 16 -4
7 17 -5
7 19 8
7 21 3
7 22 -4
7 24 -6
7 30 -3
7 40 -8
7 49 8
7 53 -3
7 59 4
8 11 2
8 12 3
8 15 4
8 16 -4
8 17 8
8 19 -7
8 23 -6
8 28 -4
8 29 5
8 30 2
8 31 -2
8 35 3
8 36 -5
8 40 6
8 42 8
8 43 3
8 44 6
8 54 3
8 55 4
9 11 -3
9 12 3
9 13 -7
9 14 8
9 15 -2
9 16 7
9 17 -8
9 19 6
9 20 6
9 21 -3
9 24 -3
9 25 -5
9 26 2
9 29 -4
9 31 -4
9 32 -6
9 35 -4
9 38 -7
9 39 8
9 45 3
9 49 -2
9 51 -6
9 52 4
9 55 -8
9 56 7
10 11 -4
10 12 -3
10 13 3
10 14 -3
10 16 7
10 18 -4
10 19 -8
10 23 -3
10 28 5
10 32 -7
10 34 4
10 35 -7
10 40 -6
10 52 -5
10 56 2
11 12 -8
11 13 -3
11 14 -5
11 15 -8
11 16 5
11 17 5
11 21 7
11 24 4
11 25 -5
11 26 6
11 27 7
11 30 7
11 34 3
11 36 -6
11 37 -4
11 38 -8
11 40 7
11 41 -6
11 42 3
11 47 8
11 50 3
11 53 -2
11 57 -2
11 59 -8
12 13 -6
12 14 -3
12 15 6
12 16 -3
12 17 -2
12 18 8
12 19 -4
12 21 7
12 22 -3
12 23 6
12 24 2
12 25 -5
12 26 3
12 27 -2
12 28 3
12 29 -2
12 34 -8
12 38 5
12 39 -8
12 41 -4
12 42 -2
12 43 5
12 44 6
12 45 2
12 47 7
12 48 -7
12 49 4
12 51 8
12 55 -2
12 57 5
12 58 -7
12 59 -7
13 14 7
13 16 -3
13 17 -2
13 18 5
13 19 5
13 20 -5
13 22 -3
13 24 2
13 27 4
13 28 4
13 30 -8
13 31 4
13 33 -8
13 36 -4
13 37 2
13 39 8
13 41 -2
13 43 -2
13 54 -6
13 55 8
14 15 8
14 16 6
14 17 -5
14 18 -3
14 19 -2
14 20 -7
14 21 8
14 22 -3
14 23 5
14 25 5
14 27 -5
14 29 -3
14 32 -6
14 35 5
14 44 -8
14 48 -5
14 50 -4
14 51 2
14 56 6
14 57 -4
14 58 3
15 22 -2
15 34 5
15 37 6
15 51 -6
15 53 -5
16 18 -3
16 19 2
16 21 -6
16 25 6
16 27 -6
16 28 -3
16 31 -5
16 37 4
16 39 -2
16 42 3
17 20 -2
17 21 -2
17 22 5
17 23 6
17 28 2
17 29 2
17 30 -2
17 31 -2
17 34 4
17 35 -6
17 39 4
17 40 -3
17 42 7
17 43 2
17 44 4
17 48 -4
17 49 -3
17 51 5
17 52 5
17 58 6
18 19 5
18 21 6
18 22 -3
18 23 6
18 24 -4
18 26 7
18 33 8
18 37 -2
18 39 -4
18 42 6
18 44 3
18 45 -7
18 47 2
18 49 3
18 50 -8
19 20 4
19 22 -7
19 26 -8
19 31 -8
19 35 -4
19 50 4
19 54 -5
19 55 2
19 58 -4
20 24 -4
20 25 -3
20 26 -3
20 32 -8
20 33 4
20 34 -2
20 43 -5
21 24 2
21 26 -4
21 29 -8
21 33 -7
21 35 8
21 36 3
21 40 -2
21 48 -3
21 49 -5
21 51 -2
21 58 -5
22 23 7
22 25 5
22 26 8
22 27 -6
22 37 -6
22 38 -7
22 46 -2
22 51 4
22 52 -3
22 54 6
22 56 -4
23 25 -2
23 28 4
23 30 4
23 38 -7
23 41 8
23 43 4
23 45 -7
23 48 6
23 53 -2
23 58 -7
24 25 -8
24 27 -5
24 32 6
24 34 -3
24 36 -7
24 40 -6
24 41 3
24 42 7
24 45 8
25 28 -3
25 30 3
25 31 -4
25 32 5
25 33 6
25 43 -6
25 46 -4
25 47 -2
25 54 6
25 59 -7
26 27 -7
26 28 3
26 30 -3
26 31 3
26 33 -3
26 41 -7
26 47 3
26 50 2
26 59 3
27 31 8
27 33 -3
27 34 -5
27 36 4
27 37 8
27 40 -5
27 53 8
27 55 -8
28 29 6
28 30 -7
28 35 3
28 40 -6
28 41 -7
28 46 -3
28 48 2
28 53 -3
28 54 -7
28 56 4
29 30 -8
29 32 5
29 35 5
29 46 -7
30 42 -8
30 50 -5
30 52 -3
30 53 3
31 36 3
31 45 -6
31 47 4
31 50 -4
31 52 -6
31 56 -5
32 48 -8
32 49 7
33 38 8
33 46 -4
33 55 7
33 57 -3
33 58 7
34 38 4
34 42 -4
34 43 5
34 46 -6
34 47 2
34 57 -7
34 58 -6
34 59 6
35 36 2
35 41 6
35 50 -2
35 54 -4
35 56 -8
35 58 -8
36 38 -7
36 44 3
36 48 -5
36 52 -2
36 59 -3
37 39 3
37 46 -5
37 47 -7
37 51 6
37 52 8
37 57 8
38 43 -6
38 46 2
39 46 -2
39 47 2
39 54 7
39 59 4
40 51 4
42 45 8
42 54 5
43 49 2
44 48 6
44 51 -2
44 53 -8
44 56 -3
45 53 7
45 58 -6
47 49 -3
47 55 -7
48 49 6
51 55 6
52 55 3
-1
-1028
