ba_60_4_4
60
2
4
-4
3
2
-2
-2
-2
2
-3
2
-2
3
-4
4
-3
3
-2
-3
4
-2
-4
-3
4
2
2
-4
-2
2
3
-2
4
-3
-4
2
3
-2
-3
-4
-2
3
-2
3
-4
4
2
4
-2
-3
2
-4
-2
2
-4
-4
4
2
-4
4
2
0 1 -3
0 2 2
0 3 -2
0 4 -2
0 5 4
0 6 -3
0 7 2
0 8 4
0 10 -3
0 11 3
0 13 3
0 14 -4
0 20 3
0 21 -2
0 23 3
0 26 3
0 27 -4
0 28 -2
0 32 -4
0 33 -3
0 34 4
0 35 -3
0 38 -2
0 45 2
0 50 -2
0 57 4
1 5 2
1 7 -2
1 12 -3
1 14 3
1 17 -2
1 19 -4
1 27 3
1 30 -3
1 49 3
1 52 2
1 53 3
2 5 3
2 6 4
2 9 4
2 10 4
2 13 3
2 15 2
2 19 2
2 21 3
2 39 -2
2 44 3
2 49 2
3 5 3
3 6 2
3 7 -2
3 8 2
3 9 -3
3 12 3
3 16 3
3 17 -4
3 18 3
3 20 -4
3 22 -4
3 28 2
3 31 -4
3 35 3
3 36 3
3 46 -2
3 57 4
4 11 2
4 25 4
4 29 -3
5 6 2
5 7 -2
5 8 -3
5 11 3
5 12 2
5 13 2
5 14 3
5 16 3
5 19 -3
5 20 -2
5 21 -2
5 22 4
5 26 4
5 29 -2
5 32 -3
5 33 2
5 34 -3
5 40 2
5 43 -2
5 44 3
5 46 4
5 47 -3
5 55 3
6 8 -3
6 20 -4
6 27 4
6 36 -4
6 41 4
6 45 4
7 9 -2
7 10 -2
7 12 2
7 23 -2
7 25 -2
7 33 -3
7 36 -3
7 42 4
7 43 2
7 50 -2
7 56 3
7 59 -2
8 9 3
8 10 4
8 11 -2
8 15 -2
8 16 2
8 17 -2
8 18 4
8 23 4
8 24 -3
8 30 -3
8 37 -2
8 38 3
8 48 -2
8 49 -3
8 50 4
8 52 3
9 22 -4
9 26 -2
9 34 -3
9 38 -3
9 42 3
9 58 2
10 16 4
10 22 3
10 29 -3
10 41 -2
10 54 -4
11 13 2
11 14 4
11 15 -4
11 17 -3
11 19 -2
11 42 -4
11 59 -3
12 27 3
12 49 -4
13 21 4
13 31 -3
14 15 -4
14 18 -2
14 24 -3
14 37 -4
14 41 -3
14 45 2
14 54 3
14 58 3
15 18 3
15 25 4
15 28 3
15 47 -2
15 48 4
16 23 -4
16 40 -3
16 53 -3
16 55 3
17 36 3
18 25 -4
18 29 -3
18 32 -3
18 35 4
18 46 -2
18 53 -3
19 26 4
19 28 -4
19 31 4
19 51 2
19 54 2
20 24 2
20 40 -4
21 33 4
21 39 -3
22 24 -4
22 45 4
22 58 -2
23 43 4
23 44 4
23 56 4
24 41 4
24 47 2
25 30 4
25 55 -2
25 57 -3
26 30 2
26 31 -3
26 43 -3
26 46 -2
27 37 -2
28 32 4
28 34 2
28 39 -2
28 40 -2
28 44 -4
28 52 3
29 37 2
29 39 -4
29 51 -3
29 54 -2
31 50 2
31 51 -3
34 35 -3
36 38 2
36 56 -2
39 53 4
40 42 -4
41 48 -3
41 51 -2
41 59 -4
42 47 -2
42 59 2
45 48 4
46 55 -3
50 57 3
51 52 4
52 56 3
57 58 -2
-1
-388
