ba_60_6_16
60
-16
-12
6
5
-11
-3
7
-8
7
9
-10
15
7
-3
9
-5
5
9
5
10
-9
-13
16
10
3
-6
8
-3
-15
7
-16
9
4
-15
4
11
-12
-4
-6
4
10
-9
-14
-9
-11
-15
-5
7
14
-4
3
13
-15
-11
11
-3
15
3
-6
-14
0 1 -3
0 2 10
0 3 -15
0 4 11
0 5 7
0 6 -2
0 7 -15
0 8 11
0 9 -2
0 10 12
0 11 -8
0 12 -9
0 13 14
0 14 -12
0 16 6
0 19 2
0 20 5
0 23 -13
0 25 13
0 29 3
0 31 11
0 34 -12
0 35 12
0 36 11
0 37 3
0 39 8
0 43 8
0 46 2
0 49 -10
0 53 -15
0 55 -6
0 56 -5
0 57 -10
1 7 12
1 8 -15
1 9 -11
1 10 12
1 12 14
1 13 14
1 14 -2
1 16 -8
1 24 7
1 28 13
1 33 11
1 44 4
1 48 14
1 59 13
2 11 -3
2 12 -10
2 40 5
2 41 -15
2 59 -9
3 7 6
3 25 4
3 32 -11
4 7 8
4 8 -15
4 9 -13
4 10 -3
4 13 14
4 14 15
4 18 3
4 30 2
4 32 11
4 40 -8
4 47 7
4 48 -4
5 7 -14
5 8 -2
5 10 -14
5 15 11
5 19 -14
5 45 -7
6 7 6
6 8 15
6 9 -7
6 10 -10
6 12 -9
6 13 -2
6 14 -11
6 15 -15
6 16 6
6 17 10
6 21 -15
6 26 -6
6 35 -4
6 37 -2
6 45 15
6 46 12
6 48 -9
6 52 10
6 56 -2
7 8 -9
7 9 -8
7 11 16
7 12 8
7 13 9
7 15 -16
7 17 10
7 18 -6
7 20 4
7 21 11
7 22 9
7 24 -2
7 32 14
7 42 8
7 43 -11
7 49 -15
8 9 3
8 11 10
8 12 10
8 13 -11
8 15 14
8 17 10
8 18 12
8 23 6
8 26 5
8 28 14
8 33 -15
8 40 6
8 41 3
8 42 -12
8 47 -9
8 48 11
8 49 -2
8 53 -13
8 54 10
9 10 6
9 11 -11
9 17 -8
9 18 7
9 19 -4
9 20 10
9 24 3
9 25 -3
9 27 -16
9 28 -12
9 29 7
9 42 10
9 46 -9
9 47 5
10 11 -15
10 17 -7
10 19 7
10 21 13
10 22 13
10 23 13
10 24 -2
10 26 -11
10 29 12
10 30 -14
10 31 -5
10 35 -11
10 39 -6
10 41 15
10 44 13
10 45 -16
10 49 -4
10 50 3
10 56 -16
10 58 10
11 15 16
11 16 6
11 18 -15
11 20 8
11 22 -9
11 30 -9
11 35 -2
11 38 11
11 42 16
11 45 7
11 47 11
11 53 -7
12 14 -4
12 15 8
12 16 2
12 20 -13
12 21 6
12 22 8
12 31 -2
12 32 14
12 38 8
12 39 -15
12 49 5
12 50 14
12 51 -10
12 56 -16
12 58 3
13 14 -7
13 19 -3
13 20 -13
13 27 11
13 28 -16
13 30 14
13 33 2
13 34 7
13 37 -15
13 42 13
13 49 15
13 52 13
13 54 -3
13 57 6
14 17 -15
14 27 -7
14 28 6
14 29 12
14 52 15
14 55 -15
14 58 -15
15 16 -8
15 18 -3
15 21 4
15 23 11
15 32 -9
15 37 -14
15 40 10
15 44 16
15 45 5
15 53 -10
15 55 13
16 19 9
16 21 -7
16 23 -10
16 30 -10
16 32 7
16 37 5
17 22 -8
17 24 7
17 29 10
17 35 -12
17 36 4
17 43 11
17 46 -4
18 31 -15
18 34 -7
18 36 10
18 38 -16
18 42 13
18 56 -4
19 25 -9
19 26 -4
19 29 13
19 30 15
19 33 -10
19 52 -13
19 58 4
20 22 12
20 36 -10
20 39 9
20 43 -5
20 51 5
20 54 13
21 44 -9
22 23 -5
22 24 -7
22 25 10
22 26 -9
22 27 -10
22 31 9
22 33 -13
22 34 -16
22 38 10
22 41 -12
22 50 2
22 59 6
23 25 14
23 26 7
23 27 -11
23 31 -16
23 54 2
24 27 9
24 36 -11
24 51 -11
24 57 15
25 46 11
25 47 9
26 39 8
26 41 -9
26 45 15
26 59 -11
27 28 -5
27 38 14
27 47 10
29 35 14
29 36 2
29 44 -10
30 46 -4
31 33 -8
31 40 -2
31 50 7
31 51 16
31 53 2
31 59 2
32 34 6
32 54 9
32 58 -9
33 34 6
33 37 -15
33 55 -3
34 38 -6
34 40 9
36 41 -13
36 43 -14
36 50 -2
36 55 -2
36 59 9
37 58 -4
38 39 9
38 54 -10
39 52 13
39 56 -8
40 44 -11
40 48 -13
41 57 14
42 43 -10
42 55 9
42 57 3
43 51 15
43 53 -7
44 52 14
44 57 10
46 48 -9
46 50 -13
49 51 -10
-1
-1600
