ba_60_6_8
60
-5
3
-7
-3
-6
6
4
8
-7
8
4
7
8
8
-4
8
-7
-3
-4
2
-4
4
-6
2
-2
2
-8
-8
8
-3
-5
4
5
8
-8
-7
7
-6
-8
6
5
6
2
-3
5
5
7
-3
-3
3
8
4
3
3
8
-8
-6
3
4
-3
0 1 6
0 2 -7
0 3 5
0 4 6
0 5 7
0 6 8
0 7 -5
0 8 3
0 9 6
0 10 2
0 11 3
0 12 -8
0 13 2
0 14 5
0 16 8
0 19 -8
0 20 7
0 23 2
0 25 4
0 29 6
0 31 3
0 34 -5
0 35 -6
0 36 6
0 37 -4
0 39 -8
0 43 4
0 46 -5
0 49 5
0 53 2
0 55 -7
0 56 -6
0 57 8
1 7 4
1 8 7
1 9 -5
1 10 2
1 12 -4
1 13 -3
1 14 -3
1 16 5
1 24 8
1 28 6
1 33 -7
1 44 4
1 48 -8
1 59 -8
2 11 -2
2 12 -5
2 40 -3
2 41 -4
2 59 -6
3 7 -5
3 25 6
3 32 8
4 7 4
4 8 3
4 9 5
4 10 2
4 13 2
4 14 3
4 18 -4
4 30 8
4 32 -6
4 40 -4
4 47 7
4 48 7
5 7 5
5 8 -5
5 10 6
5 15 -4
5 19 -6
5 45 -5
6 7 -4
6 8 -5
6 9 4
6 10 3
6 12 6
6 13 -5
6 14 -6
6 15 -2
6 16 -3
6 17 -3
6 21 3
6 26 -4
6 35 4
6 37 -6
6 45 2
6 46 2
6 48 -5
6 52 -8
6 56 8
7 8 -6
7 9 -2
7 11 -8
7 12 8
7 13 4
7 15 4
7 17 -6
7 18 -5
7 20 -2
7 21 -4
7 22 -8
7 24 -5
7 32 -2
7 42 2
7 43 6
7 49 6
8 9 2
8 11 5
8 12 2
8 13 -7
8 15 -7
8 17 -4
8 18 6
8 23 -5
8 26 6
8 28 8
8 33 -8
8 40 -2
8 41 -7
8 42 8
8 47 4
8 48 3
8 49 3
8 53 -5
8 54 -7
9 10 -6
9 11 -7
9 17 -6
9 18 -6
9 19 7
9 20 8
9 24 -3
9 25 6
9 27 8
9 28 -5
9 29 3
9 42 -2
9 46 -6
9 47 3
10 11 -7
10 17 -7
10 19 -7
10 21 -6
10 22 7
10 23 8
10 24 8
10 26 -8
10 29 2
10 30 -5
10 31 -4
10 35 -5
10 39 4
10 41 8
10 44 5
10 45 -7
10 49 2
10 50 4
10 56 2
10 58 -5
11 15 5
11 16 4
11 18 8
11 20 3
11 22 -4
11 30 7
11 35 -3
11 38 7
11 42 7
11 45 4
11 47 3
11 53 -5
12 14 7
12 15 3
12 16 -5
12 20 5
12 21 -4
12 22 5
12 31 -2
12 32 4
12 38 8
12 39 4
12 49 8
12 50 -3
12 51 -8
12 56 -2
12 58 -3
13 14 6
13 19 -2
13 20 4
13 27 8
13 28 2
13 30 -5
13 33 3
13 34 -7
13 37 -4
13 42 -2
13 49 2
13 52 -2
13 54 6
13 57 -4
14 17 4
14 27 8
14 28 6
14 29 4
14 52 4
14 55 -5
14 58 6
15 16 2
15 18 8
15 21 -7
15 23 -5
15 32 -7
15 37 4
15 40 7
15 44 -8
15 45 -6
15 53 5
15 55 3
16 19 -7
16 21 -2
16 23 5
16 30 -6
16 32 5
16 37 3
17 22 -2
17 24 6
17 29 6
17 35 8
17 36 5
17 43 5
17 46 6
18 31 -6
18 34 4
18 36 -4
18 38 -3
18 42 -4
18 56 3
19 25 2
19 26 -2
19 29 -5
19 30 -6
19 33 -3
19 52 7
19 58 5
20 22 -3
20 36 4
20 39 4
20 43 -8
20 51 -2
20 54 -5
21 44 -6
22 23 4
22 24 -6
22 25 -5
22 26 -5
22 27 4
22 31 3
22 33 7
22 34 6
22 38 -7
22 41 -6
22 50 -6
22 59 7
23 25 2
23 26 -8
23 27 -6
23 31 8
23 54 -2
24 27 5
24 36 -8
24 51 -8
24 57 -5
25 46 -7
25 47 8
26 39 -4
26 41 4
26 45 5
26 59 3
27 28 -5
27 38 -2
27 47 8
29 35 4
29 36 -3
29 44 4
30 46 5
31 33 -2
31 40 4
31 50 -7
31 51 -3
31 53 -3
31 59 8
32 34 2
32 54 7
32 58 2
33 34 -6
33 37 4
33 55 -8
34 38 -3
34 40 4
36 41 8
36 43 -7
36 50 5
36 55 4
36 59 4
37 58 8
38 39 -3
38 54 5
39 52 -8
39 56 -7
40 44 4
40 48 6
41 57 -7
42 43 2
42 55 -5
42 57 -2
43 51 3
43 53 5
44 52 -6
44 57 4
46 48 5
46 50 7
49 51 -4
-1
-769
