ba_60_12_4
60
-2
4
-2
-2
2
-2
-2
-3
-4
4
-2
4
-4
-4
2
2
-3
-2
3
2
3
-3
2
-3
2
-2
-4
-2
2
3
3
2
2
-3
-3
-3
-2
-4
3
-2
-4
3
-4
2
-2
3
-4
-3
-2
3
2
3
-3
-4
4
-3
-2
-3
4
-3
0 1 -4
0 2 -3
0 3 4
0 4 -3
0 5 -4
0 6 3
0 7 3
0 8 -2
0 9 -3
0 10 -4
0 11 -4
0 12 2
0 13 2
0 14 2
0 15 2
0 16 -2
0 17 -4
0 18 -4
0 19 -2
0 21 -2
0 23 -4
0 26 -2
0 28 -3
0 29 2
0 32 2
0 34 3
0 37 4
0 38 2
0 39 4
0 43 -3
0 45 2
0 47 -2
0 49 2
0 52 -4
0 53 3
0 54 4
0 55 4
0 58 -3
0 59 -4
1 13 -4
1 14 2
1 17 4
1 18 -4
1 23 2
1 25 -3
1 27 3
1 33 3
1 34 -4
1 35 4
1 39 -2
1 42 -4
1 44 -3
1 50 -4
2 13 -2
2 14 2
2 15 3
2 16 2
2 17 -3
2 19 2
2 20 2
2 24 3
2 27 2
2 32 4
2 38 -3
2 39 -2
3 13 2
3 14 -2
3 15 -3
3 17 3
3 18 4
3 19 -2
3 20 4
3 22 -3
3 32 2
3 35 3
3 37 2
3 41 4
3 55 -3
4 14 -4
4 16 3
4 18 3
4 20 2
4 22 -3
4 24 3
4 30 -4
4 36 3
4 39 -4
5 13 2
5 14 2
5 15 -3
5 16 3
5 17 4
5 18 3
5 22 2
5 23 2
5 24 4
5 26 4
5 27 -2
5 29 3
5 31 2
5 37 3
5 38 -3
5 45 3
5 52 3
5 56 3
6 13 4
6 14 -4
6 15 4
6 16 -4
6 17 -3
6 18 -2
6 19 -3
6 21 2
6 23 -4
6 24 4
6 25 4
6 30 2
6 35 -3
6 36 3
6 46 -3
6 48 -2
6 53 -3
6 58 -4
7 13 4
7 14 3
7 19 3
7 20 2
7 21 3
7 22 -2
7 23 -4
7 27 3
7 29 -4
7 30 2
7 31 2
7 32 -4
7 33 -4
7 35 2
7 39 -3
7 42 4
7 43 3
7 45 -4
7 50 -4
7 51 -3
7 54 -2
8 13 4
8 14 3
8 15 -3
8 16 -4
8 18 3
8 21 -2
8 22 -2
8 24 2
8 28 2
8 36 -2
8 38 -3
8 43 3
8 46 -2
8 48 -2
8 55 4
8 58 -2
9 13 2
9 15 3
9 16 -2
9 21 -3
9 27 -4
9 28 2
10 13 -4
10 14 4
10 15 -3
10 18 3
10 19 4
10 20 -4
10 21 2
10 22 -2
10 23 -3
10 25 4
10 26 -2
10 27 -2
10 30 -2
10 31 2
10 33 -2
10 36 4
10 38 -3
10 40 3
10 41 3
10 43 2
10 47 2
10 48 4
11 13 -3
11 14 -2
11 15 -3
11 16 2
11 17 3
11 19 2
11 24 -4
11 26 -2
11 31 -3
11 33 -4
11 37 -4
11 48 -2
11 59 3
12 13 2
12 15 -2
12 16 3
12 17 -2
12 19 2
12 25 2
12 26 4
12 28 -2
12 33 4
12 35 2
12 38 2
12 40 -4
12 41 3
12 42 4
13 14 3
13 15 3
13 16 -2
13 17 4
13 18 -4
13 19 -3
13 20 -4
13 21 -3
13 22 -3
13 24 -4
13 25 3
13 26 4
13 28 3
13 29 -4
13 30 4
13 32 3
13 34 4
13 37 2
13 39 3
13 42 4
13 43 -4
13 44 2
13 45 4
13 48 -4
13 49 2
13 50 -4
13 53 3
13 56 2
13 57 -2
13 58 -3
14 15 2
14 16 -2
14 17 2
14 18 4
14 19 4
14 20 4
14 21 -4
14 23 -4
14 25 2
14 26 -2
14 30 4
14 32 -2
14 33 -4
14 35 3
14 38 -2
14 42 -2
14 45 3
14 48 4
15 16 3
15 17 -2
15 18 3
15 19 -3
15 20 4
15 21 4
15 22 4
15 23 -2
15 24 -2
15 25 -3
15 26 4
15 27 3
15 31 -2
15 32 -2
15 33 -3
15 35 -4
15 39 -2
15 42 4
15 43 4
15 45 3
15 47 2
15 50 -4
15 52 3
15 53 4
15 54 -4
15 56 4
15 59 -4
16 17 -3
16 20 -2
16 21 4
16 22 2
16 24 -4
16 29 2
16 31 2
16 32 3
16 33 -3
16 34 4
16 37 4
16 46 4
16 49 2
16 53 -2
16 57 -4
16 58 2
17 18 -4
17 20 -3
17 23 -2
17 24 -4
17 25 4
17 26 4
17 27 4
17 29 -4
17 32 3
17 33 2
17 34 3
17 46 3
17 49 -2
17 51 -4
17 53 -4
17 55 -4
18 19 -3
18 20 -4
18 26 3
18 27 2
18 28 2
18 29 2
18 34 4
18 36 -2
18 37 4
18 38 -4
18 39 -3
18 44 2
18 45 -4
18 46 -2
18 49 3
18 51 3
18 52 2
18 54 2
18 57 2
19 20 2
19 21 -3
19 22 3
19 23 4
19 24 -4
19 25 2
19 27 2
19 28 -2
19 29 -3
19 30 3
19 31 -3
19 34 -4
19 37 -2
19 38 2
19 39 -4
19 40 -3
19 41 -4
19 42 4
19 45 -2
19 46 -4
19 47 -2
19 49 -4
19 55 -2
19 59 -3
20 21 -3
20 22 -4
20 25 -3
20 27 2
20 28 4
20 29 -3
20 30 -4
20 34 -2
20 36 -4
20 41 -3
20 44 3
20 45 2
20 46 -2
20 52 2
20 53 -2
20 54 2
20 57 -3
21 22 2
21 23 -2
21 26 2
21 28 -4
21 29 4
21 30 2
21 31 -3
21 32 -4
21 33 2
21 36 -4
21 40 -4
21 42 -4
21 43 3
21 44 2
21 45 4
21 50 2
21 55 2
22 23 -4
22 24 3
22 25 -3
22 30 -4
22 31 -3
22 34 -2
22 40 2
22 44 -2
22 45 -4
22 48 4
22 50 3
22 56 2
22 59 2
23 25 -4
23 26 -2
23 33 4
23 36 -3
23 37 2
23 39 -4
23 40 -4
23 41 -4
23 47 -3
23 51 -3
23 52 -3
23 56 4
24 28 -2
24 31 -3
24 32 4
24 37 -3
24 46 4
24 49 -3
24 51 4
24 52 3
24 58 3
24 59 4
25 28 -4
25 29 4
25 38 3
25 44 3
25 46 -3
25 47 -2
25 51 -4
25 52 -2
25 54 -2
25 55 -2
25 56 2
25 58 4
25 59 -4
26 27 -2
26 28 2
26 29 3
26 31 2
26 35 3
26 36 4
26 43 2
26 47 4
27 30 -2
27 34 3
27 35 -3
27 42 -4
27 46 4
27 48 4
27 50 2
27 52 -3
27 57 4
27 58 -4
28 30 2
28 32 4
28 35 -3
28 55 -4
28 56 4
29 31 3
29 33 -3
29 35 -2
29 36 -3
29 37 -2
29 39 3
29 40 3
29 41 3
29 43 -4
29 44 -4
29 48 -2
29 51 2
29 52 4
30 41 -3
30 43 2
30 47 3
30 54 -2
30 55 -3
31 34 -2
31 40 -3
31 42 2
31 47 -2
31 49 -3
31 50 3
31 54 -2
31 56 2
31 57 2
32 34 4
32 37 2
32 41 2
32 44 -4
32 49 -3
32 50 -4
32 51 3
32 54 -3
33 36 2
33 39 -3
33 44 -2
33 48 4
33 53 4
33 57 -3
34 35 2
34 36 -2
34 40 -3
34 41 -4
34 44 2
34 48 -3
35 38 4
35 40 -2
35 43 4
35 47 4
35 49 4
35 50 4
35 51 4
35 54 2
35 56 -3
36 40 -4
36 41 -4
36 46 2
36 51 -3
36 53 3
36 55 2
36 57 -2
36 59 3
37 38 -2
37 52 -2
37 54 2
38 40 4
38 42 -4
38 43 -2
38 50 -3
38 51 4
38 57 -2
39 44 -2
39 49 -2
39 58 2
40 41 -3
40 42 3
40 46 -4
40 47 2
40 48 -4
40 56 4
40 57 2
41 45 -3
41 50 4
41 53 -2
41 54 -3
41 56 2
42 49 2
42 52 -4
43 58 -4
45 53 4
45 58 3
46 47 2
46 51 -3
46 55 4
47 56 -3
47 57 -4
48 53 -4
50 55 3
51 57 -4
52 59 -3
53 59 -2
54 59 -2
55 59 3
57 58 4
-1
-615
