ba_60_8_32
60
-4
-23
-17
-23
-7
-29
-8
21
-23
15
-19
-18
-5
-12
-16
-18
-7
-24
-8
26
10
-14
29
8
-16
-8
21
11
-26
-3
29
-26
30
-17
16
-8
24
-17
3
-4
-22
-30
26
-3
13
32
-22
-2
-17
9
-17
12
8
-20
18
14
17
26
10
32
0 1 -28
0 2 -5
0 3 -21
0 4 10
0 5 6
0 6 -29
0 7 -5
0 8 -6
0 9 24
0 10 15
0 11 9
0 12 5
0 13 22
0 15 24
0 16 23
0 17 18
0 21 -20
0 22 -29
0 23 -13
0 25 18
0 26 3
0 28 -32
0 31 23
0 37 -23
0 45 4
0 48 -4
0 50 11
0 56 6
0 58 -27
1 9 8
1 10 32
1 11 -26
1 13 12
1 15 -18
1 19 -22
1 21 -6
1 22 -31
1 23 -30
1 27 24
1 40 25
1 41 11
1 44 -27
1 49 24
1 58 -11
2 9 -19
2 10 -10
2 11 -32
2 13 -5
2 17 10
2 18 -27
2 24 -25
2 32 -10
2 37 25
2 39 -19
2 46 26
2 47 -26
2 53 -13
2 55 9
2 57 -27
3 9 32
3 10 14
3 11 5
3 12 -30
3 14 3
3 15 -16
3 16 4
3 28 27
3 31 23
3 41 -12
3 49 -19
3 50 -4
3 51 -28
3 52 -20
4 9 21
4 11 10
4 14 26
4 30 -29
4 40 12
5 9 16
5 10 -32
5 12 13
5 14 -21
5 18 -17
5 36 9
5 56 -5
6 9 -28
6 10 20
6 12 13
6 14 -12
6 16 -26
6 20 -26
6 25 -23
6 35 32
6 38 -30
6 40 19
6 47 -13
6 51 -30
7 9 -31
7 11 -14
7 13 32
7 17 -16
7 27 3
7 32 2
7 38 28
7 42 26
7 46 9
7 49 31
7 56 25
8 10 -17
8 12 23
8 13 -18
8 14 32
8 17 16
8 20 -21
8 23 -23
8 25 9
8 26 13
8 30 2
8 35 -18
8 39 23
8 42 -19
8 43 -3
8 47 -29
8 58 -3
9 10 -30
9 11 -13
9 12 32
9 13 14
9 14 -18
9 15 -28
9 16 11
9 18 -19
9 19 20
9 20 20
9 23 -24
9 24 -4
9 25 7
9 28 18
9 30 19
9 32 -20
9 36 11
9 42 14
9 45 -32
9 46 -16
9 47 -27
9 51 12
10 11 21
10 12 27
10 13 -22
10 14 -13
10 15 27
10 16 23
10 17 -31
10 18 28
10 19 15
10 20 -21
10 21 -7
10 24 -5
10 25 24
10 27 11
10 29 8
10 31 -20
10 32 -14
10 33 -20
10 34 -20
10 36 31
10 37 -4
10 38 -23
10 41 -18
10 42 2
10 43 -14
10 44 -24
10 45 -8
10 46 25
10 48 5
10 49 -28
10 55 15
10 56 -23
10 57 -20
11 12 23
11 13 -32
11 14 6
11 15 -4
11 18 -30
11 19 -16
11 24 -13
11 25 -30
11 26 -25
11 28 11
11 33 -10
11 35 -11
11 37 13
11 41 14
11 43 8
11 44 -16
11 47 24
11 48 -21
11 52 -17
11 53 9
11 57 -12
12 15 31
12 16 27
12 17 16
12 19 -16
12 20 2
12 29 -27
12 34 24
12 36 -10
12 43 -4
12 53 -29
12 59 2
13 15 11
13 16 -30
13 18 -26
13 19 -24
13 21 -27
13 22 -28
13 23 -25
13 27 -24
13 29 -11
13 32 18
13 42 16
13 52 3
13 53 13
13 58 -30
14 16 -18
14 17 10
14 18 -12
14 20 -18
14 21 10
14 22 -26
14 25 3
14 26 -29
14 29 -22
14 33 -29
14 37 -20
14 40 17
14 43 24
14 45 -26
14 52 -9
14 58 8
14 59 2
15 19 -4
15 33 20
15 44 -23
15 54 23
16 17 -23
16 18 -14
16 21 -24
16 22 9
16 23 5
16 26 21
16 29 -22
16 33 9
16 37 30
16 38 -12
16 39 11
16 41 -25
16 46 -7
16 50 26
17 20 25
17 26 28
17 27 -16
17 28 -6
17 29 -8
17 32 10
17 44 26
17 46 -31
17 53 -19
17 55 -2
17 56 -29
17 57 21
18 19 8
18 20 11
18 21 9
18 24 -21
18 30 -23
18 31 10
18 38 5
18 39 2
18 40 25
18 48 -28
18 50 10
18 52 24
18 59 -5
19 22 -29
19 23 2
19 25 -22
19 26 27
19 32 24
19 34 -17
19 35 -18
19 45 6
19 54 25
20 21 20
20 22 19
20 23 -19
20 27 19
20 29 24
20 30 -22
20 31 5
20 34 -21
20 35 17
20 37 8
20 38 -13
20 41 3
20 48 13
20 50 22
20 51 4
20 53 -27
20 54 27
20 55 -8
20 57 29
20 59 -32
21 22 4
21 24 -24
21 27 12
21 30 13
21 31 15
21 34 24
21 36 -24
21 41 25
21 43 -6
21 45 14
21 51 -3
21 52 -23
22 24 22
22 33 24
22 36 -20
22 39 7
22 42 16
22 51 31
22 55 15
23 24 -21
23 27 -29
23 34 32
23 35 17
23 40 12
23 47 10
23 48 -28
23 52 8
23 54 5
24 26 -26
24 28 -7
24 33 3
24 36 -26
24 38 16
24 39 -12
24 42 21
24 46 -13
24 47 -20
24 48 21
24 54 -22
25 28 31
25 43 3
25 59 -11
26 31 22
26 35 -3
26 36 -13
26 38 21
26 44 -9
26 53 -12
26 55 14
27 28 -8
27 29 -20
27 30 -7
27 31 10
27 34 18
27 35 29
27 39 -6
27 46 -31
27 48 9
27 50 -14
27 52 8
27 56 -2
27 57 15
27 58 -2
28 32 -25
28 58 -5
29 30 6
29 33 -12
29 42 18
29 50 30
29 53 6
30 56 29
31 41 12
31 51 29
31 56 24
32 34 10
32 37 8
32 49 20
33 45 -6
33 54 -17
33 57 -8
34 44 -18
34 59 -16
35 40 -13
37 49 12
38 39 -5
38 40 11
38 44 -2
40 47 -29
40 54 -22
41 43 -31
41 51 -32
42 55 -30
43 45 -23
43 49 -32
44 49 -16
44 50 31
44 59 -4
45 57 -11
49 55 10
49 59 -31
50 58 -25
51 54 17
-1
-3165
