ba_60_4_8
60
5
-7
-2
6
6
-2
2
-4
-8
3
5
-2
-2
2
5
7
-5
-8
4
-5
-5
-6
-3
-5
-4
-2
2
2
7
-2
8
-6
-3
4
-4
-6
6
2
3
-3
6
-5
-3
-4
-4
6
-7
2
-5
-2
6
7
-3
3
7
6
-2
4
8
-2
0 1 4
0 2 5
0 3 2
0 4 -5
0 5 4
0 6 -8
0 7 -8
0 8 -3
0 10 -7
0 11 5
0 13 8
0 14 -6
0 20 6
0 21 -6
0 23 6
0 26 6
0 27 5
0 28 7
0 32 -6
0 33 -8
0 34 4
0 35 3
0 38 -8
0 45 -4
0 50 -2
0 57 2
1 5 -7
1 7 -8
1 12 -5
1 14 2
1 17 -6
1 19 3
1 27 3
1 30 8
1 49 3
1 52 8
1 53 3
2 5 4
2 6 6
2 9 -4
2 10 6
2 13 -3
2 15 -7
2 19 7
2 21 -7
2 39 7
2 44 -3
2 49 -5
3 5 -6
3 6 -7
3 7 2
3 8 -7
3 9 -4
3 12 -8
3 16 -6
3 17 -5
3 18 8
3 20 -6
3 22 8
3 28 6
3 31 5
3 35 5
3 36 6
3 46 3
3 57 -4
4 11 -3
4 25 -6
4 29 -6
5 6 -7
5 7 4
5 8 -3
5 11 -4
5 12 -7
5 13 -7
5 14 -7
5 16 -2
5 19 2
5 20 6
5 21 -4
5 22 5
5 26 -4
5 29 4
5 32 -6
5 33 -4
5 34 -3
5 40 2
5 43 7
5 44 -7
5 46 -3
5 47 -8
5 55 -6
6 8 -6
6 20 2
6 27 -3
6 36 4
6 41 5
6 45 7
7 9 -3
7 10 6
7 12 -2
7 23 -5
7 25 -5
7 33 3
7 36 8
7 42 8
7 43 -5
7 50 -8
7 56 3
7 59 -5
8 9 -5
8 10 -8
8 11 4
8 15 -5
8 16 8
8 17 -6
8 18 8
8 23 7
8 24 -5
8 30 -4
8 37 -4
8 38 4
8 48 -4
8 49 6
8 50 -7
8 52 8
9 22 -4
9 26 8
9 34 -4
9 38 -7
9 42 -8
9 58 -3
10 16 -2
10 22 5
10 29 -3
10 41 -8
10 54 2
11 13 2
11 14 2
11 15 -6
11 17 8
11 19 -5
11 42 -8
11 59 8
12 27 3
12 49 -8
13 21 3
13 31 3
14 15 -5
14 18 8
14 24 -8
14 37 8
14 41 3
14 45 7
14 54 2
14 58 4
15 18 -2
15 25 7
15 28 5
15 47 2
15 48 -3
16 23 8
16 40 4
16 53 -3
16 55 5
17 36 5
18 25 -2
18 29 -3
18 32 -5
18 35 -3
18 46 -7
18 53 -4
19 26 -4
19 28 2
19 31 -4
19 51 -3
19 54 6
20 24 8
20 40 -2
21 33 -7
21 39 -3
22 24 -2
22 45 -6
22 58 4
23 43 -3
23 44 7
23 56 7
24 41 7
24 47 5
25 30 5
25 55 6
25 57 7
26 30 2
26 31 7
26 43 -4
26 46 -6
27 37 8
28 32 -3
28 34 4
28 39 -4
28 40 8
28 44 5
28 52 7
29 37 -4
29 39 2
29 51 6
29 54 2
31 50 -7
31 51 2
34 35 3
36 38 2
36 56 -2
39 53 5
40 42 2
41 48 7
41 51 -8
41 59 -5
42 47 -6
42 59 -4
45 48 5
46 55 4
50 57 2
51 52 6
52 56 8
57 58 4
-1
-663
