ba_60_4_16
60
-2
15
4
-7
-15
-11
-13
-7
-8
16
-9
12
8
11
14
-6
-11
-9
5
5
16
8
-9
4
-16
-3
-15
-7
-13
-4
10
16
15
7
2
-15
5
13
-5
13
7
3
6
-2
-7
-6
-4
-10
-4
5
-2
12
-10
6
-2
13
4
-16
-11
2
0 1 -7
0 2 -8
0 3 16
0 4 8
0 5 7
0 6 6
0 7 -5
0 8 -16
0 10 -2
0 11 13
0 13 -4
0 14 -2
0 20 -6
0 21 7
0 23 6
0 26 4
0 27 16
0 28 -11
0 32 -3
0 33 -3
0 34 9
0 35 -2
0 38 -3
0 45 15
0 50 16
0 57 4
1 5 -15
1 7 -12
1 12 -13
1 14 6
1 17 -3
1 19 -11
1 27 5
1 30 -4
1 49 -14
1 52 -15
1 53 12
2 5 12
2 6 12
2 9 10
2 10 11
2 13 -7
2 15 3
2 19 8
2 21 15
2 39 11
2 44 16
2 49 11
3 5 -14
3 6 -2
3 7 12
3 8 11
3 9 5
3 12 11
3 16 4
3 17 10
3 18 -14
3 20 -12
3 22 -6
3 28 15
3 31 16
3 35 4
3 36 15
3 46 -12
3 57 16
4 11 -6
4 25 12
4 29 13
5 6 6
5 7 -12
5 8 -6
5 11 -9
5 12 -3
5 13 2
5 14 2
5 16 -16
5 19 -12
5 20 11
5 21 -16
5 22 13
5 26 3
5 29 16
5 32 -5
5 33 3
5 34 -6
5 40 4
5 43 -12
5 44 -15
5 46 -15
5 47 7
5 55 -7
6 8 6
6 20 -2
6 27 16
6 36 14
6 41 -8
6 45 6
7 9 14
7 10 -3
7 12 16
7 23 -4
7 25 16
7 33 15
7 36 -12
7 42 16
7 43 11
7 50 -7
7 56 7
7 59 -6
8 9 8
8 10 2
8 11 -7
8 15 8
8 16 2
8 17 -16
8 18 -8
8 23 -2
8 24 9
8 30 7
8 37 7
8 38 8
8 48 11
8 49 2
8 50 -2
8 52 13
9 22 -15
9 26 8
9 34 15
9 38 -9
9 42 7
9 58 2
10 16 12
10 22 14
10 29 2
10 41 -8
10 54 7
11 13 8
11 14 -8
11 15 -7
11 17 2
11 19 -5
11 42 5
11 59 -6
12 27 -13
12 49 -10
13 21 4
13 31 -2
14 15 -8
14 18 12
14 24 12
14 37 4
14 41 4
14 45 5
14 54 16
14 58 13
15 18 3
15 25 10
15 28 7
15 47 -16
15 48 10
16 23 -5
16 40 3
16 53 -10
16 55 7
17 36 9
18 25 -9
18 29 3
18 32 -3
18 35 -3
18 46 -7
18 53 -15
19 26 -11
19 28 -3
19 31 3
19 51 -12
19 54 -4
20 24 -5
20 40 5
21 33 -11
21 39 -3
22 24 -7
22 45 9
22 58 12
23 43 -13
23 44 -8
23 56 7
24 41 12
24 47 -4
25 30 15
25 55 12
25 57 10
26 30 11
26 31 12
26 43 -5
26 46 2
27 37 -2
28 32 10
28 34 15
28 39 3
28 40 -15
28 44 -12
28 52 14
29 37 -3
29 39 -3
29 51 -4
29 54 -9
31 50 -14
31 51 -12
34 35 12
36 38 12
36 56 10
39 53 -13
40 42 14
41 48 -5
41 51 3
41 59 -4
42 47 15
42 59 -16
45 48 10
46 55 6
50 57 -10
51 52 13
52 56 -13
57 58 -16
-1
-1226
