ba_60_10_4
60
-3
2
-3
3
-2
-4
-2
4
3
2
-4
2
3
4
-4
4
-4
4
4
4
-4
-2
-2
4
4
-4
-3
-3
-4
-4
2
3
3
3
4
2
2
-4
3
-3
-3
4
-2
-2
4
3
2
3
3
2
-4
-2
2
4
-3
-4
2
-3
-2
2
0 1 3
0 2 -2
0 3 3
0 4 -3
0 5 3
0 6 -2
0 7 4
0 8 4
0 9 2
0 10 4
0 11 3
0 12 -3
0 13 -4
0 14 -3
0 15 4
0 17 2
0 18 -2
0 20 4
0 21 3
0 22 -2
0 24 4
0 27 -4
0 28 4
0 32 4
0 33 -4
0 34 2
0 37 4
0 38 2
0 44 4
0 45 3
0 50 4
0 52 3
0 54 4
0 57 -4
1 11 2
1 12 -4
1 13 2
1 14 3
1 15 -4
1 19 -3
1 20 -2
1 23 -2
1 24 -3
1 25 -2
1 26 3
1 29 -4
1 33 -2
1 35 4
1 37 -2
1 42 4
1 53 3
1 56 -2
1 57 -3
1 59 -4
2 11 -2
2 13 -2
2 14 -4
2 15 -3
2 16 -3
2 17 4
2 18 3
2 20 -3
2 22 2
2 27 4
2 31 -4
2 34 -2
2 37 -2
2 38 3
2 39 -3
2 41 4
2 47 3
2 56 3
2 57 -3
3 11 4
3 12 -4
3 18 -3
3 44 -3
3 57 -4
3 59 2
4 11 -4
4 12 3
4 13 -3
4 14 2
4 17 -3
4 18 3
4 20 -4
4 23 -4
4 26 2
4 29 -2
4 32 -3
4 33 4
4 36 -4
4 39 4
4 40 2
4 44 -4
4 45 -2
4 46 3
4 52 3
5 11 -3
5 13 2
5 14 3
5 15 -4
5 20 4
5 21 -2
5 23 -3
5 29 3
5 32 2
5 39 2
5 45 -3
5 48 2
6 12 -3
6 16 4
6 18 -4
6 36 -3
6 41 -4
6 43 2
6 44 -3
6 50 2
7 11 2
7 12 -3
7 13 -2
7 15 2
7 16 3
7 17 4
7 19 -2
7 21 4
7 22 -2
7 24 -3
7 30 3
7 40 3
7 49 2
7 53 2
7 59 -4
8 11 -3
8 12 -3
8 15 -4
8 16 2
8 17 -2
8 19 2
8 23 4
8 28 4
8 29 -4
8 30 4
8 31 -3
8 35 2
8 36 -4
8 40 3
8 42 -2
8 43 -2
8 44 -2
8 54 -4
8 55 -2
9 11 -4
9 12 -3
9 13 -2
9 14 -2
9 15 -3
9 16 2
9 17 -3
9 19 -2
9 20 -3
9 21 -2
9 24 -4
9 25 -3
9 26 -3
9 29 -3
9 31 4
9 32 -4
9 35 -2
9 38 3
9 39 -2
9 45 3
9 49 2
9 51 -4
9 52 -3
9 55 -4
9 56 2
10 11 -4
10 12 3
10 13 2
10 14 3
10 16 -4
10 18 4
10 19 3
10 23 2
10 28 3
10 32 -3
10 34 2
10 35 2
10 40 -3
10 52 3
10 56 -4
11 12 -3
11 13 -3
11 14 -2
11 15 -2
11 16 3
11 17 -4
11 21 -4
11 24 2
11 25 2
11 26 4
11 27 -4
11 30 -3
11 34 3
11 36 -3
11 37 -4
11 38 -3
11 40 4
11 41 4
11 42 2
11 47 4
11 50 -2
11 53 2
11 57 -2
11 59 3
12 13 -4
12 14 3
12 15 2
12 16 -4
12 17 4
12 18 -2
12 19 4
12 21 -4
12 22 2
12 23 -2
12 24 -2
12 25 -3
12 26 -4
12 27 2
12 28 4
12 29 3
12 34 -2
12 38 2
12 39 3
12 41 -3
12 42 -2
12 43 -3
12 44 -2
12 45 4
12 47 2
12 48 3
12 49 -2
12 51 -4
12 55 -3
12 57 -4
12 58 2
12 59 4
13 14 4
13 16 3
13 17 4
13 18 2
13 19 -3
13 20 -3
13 22 4
13 24 -4
13 27 2
13 28 -3
13 30 3
13 31 4
13 33 -4
13 36 4
13 37 4
13 39 3
13 41 -2
13 43 -4
13 54 3
13 55 -2
14 15 4
14 16 4
14 17 2
14 18 4
14 19 -3
14 20 2
14 21 -4
14 22 -2
14 23 -3
14 25 2
14 27 4
14 29 -4
14 32 2
14 35 4
14 44 4
14 48 -3
14 50 4
14 51 -3
14 56 -4
14 57 4
14 58 3
15 22 2
15 34 -3
15 37 4
15 51 -4
15 53 -4
16 18 -4
16 19 -4
16 21 -3
16 25 3
16 27 -4
16 28 3
16 31 -2
16 37 3
16 39 -4
16 42 2
17 20 2
17 21 3
17 22 -4
17 23 -2
17 28 3
17 29 2
17 30 -4
17 31 3
17 34 -2
17 35 -3
17 39 -2
17 40 -4
17 42 -3
17 43 -4
17 44 3
17 48 -2
17 49 -3
17 51 4
17 52 2
17 58 4
18 19 4
18 21 -2
18 22 -4
18 23 -2
18 24 -4
18 26 -4
18 33 -3
18 37 -2
18 39 -3
18 42 -4
18 44 4
18 45 2
18 47 2
18 49 3
18 50 3
19 20 2
19 22 -4
19 26 -4
19 31 2
19 35 2
19 50 3
19 54 -3
19 55 -4
19 58 -3
20 24 -3
20 25 4
20 26 2
20 32 3
20 33 -3
20 34 3
20 43 3
21 24 2
21 26 2
21 29 -3
21 33 3
21 35 3
21 36 3
21 40 4
21 48 -4
21 49 -2
21 51 3
21 58 2
22 23 4
22 25 -3
22 26 -2
22 27 -4
22 37 3
22 38 -3
22 46 4
22 51 -2
22 52 2
22 54 -2
22 56 2
23 25 -4
23 28 3
23 30 -3
23 38 -3
23 41 -4
23 43 -3
23 45 -4
23 48 -3
23 53 3
23 58 3
24 25 2
24 27 4
24 32 -2
24 34 -3
24 36 2
24 40 -4
24 41 4
24 42 2
24 45 -2
25 28 3
25 30 -4
25 31 -2
25 32 -3
25 33 -3
25 43 -3
25 46 -2
25 47 -3
25 54 3
25 59 3
26 27 2
26 28 -3
26 30 4
26 31 -3
26 33 -4
26 41 -4
26 47 -2
26 50 2
26 59 -4
27 31 -2
27 33 4
27 34 -2
27 36 -3
27 37 4
27 40 3
27 53 -3
27 55 -2
28 29 -4
28 30 -2
28 35 3
28 40 3
28 41 4
28 46 -3
28 48 4
28 53 4
28 54 2
28 56 2
29 30 3
29 32 -4
29 35 2
29 46 -2
30 42 -2
30 50 -2
30 52 -2
30 53 3
31 36 -2
31 45 2
31 47 4
31 50 -2
31 52 2
31 56 -4
32 48 3
32 49 -3
33 38 2
33 46 3
33 55 -3
33 57 3
33 58 -2
34 38 4
34 42 -3
34 43 -4
34 46 4
34 47 2
34 57 4
34 58 -2
34 59 -4
35 36 3
35 41 2
35 50 -4
35 54 4
35 56 4
35 58 -3
36 38 -3
36 44 -3
36 48 -4
36 52 4
36 59 2
37 39 3
37 46 -2
37 47 3
37 51 -2
37 52 3
37 57 2
38 43 3
38 46 2
39 46 3
39 47 -4
39 54 -3
39 59 -4
40 51 -2
42 45 3
42 54 -4
43 49 3
44 48 4
44 51 -2
44 53 -3
44 56 2
45 53 3
45 58 2
47 49 3
47 55 2
48 49 -2
51 55 3
52 55 3
-1
-576
