ba_60_6_4
60
3
3
-4
-2
3
2
2
-3
-4
4
-4
2
4
-2
4
-2
2
4
4
-2
-2
-4
4
3
3
4
-4
-4
-4
-4
-2
4
3
3
4
-4
-2
-4
-2
2
-4
2
-3
-2
-4
3
2
-4
4
-2
3
-3
4
-4
-3
3
4
-3
-4
-3
0 1 3
0 2 3
0 3 3
0 4 -3
0 5 -3
0 6 -4
0 7 -3
0 8 -2
0 9 4
0 10 3
0 11 3
0 12 2
0 13 2
0 14 -3
0 16 3
0 19 -2
0 20 4
0 23 -4
0 25 2
0 29 -2
0 31 -4
0 34 -2
0 35 3
0 36 2
0 37 -3
0 39 3
0 43 4
0 46 2
0 49 3
0 53 2
0 55 2
0 56 3
0 57 -3
1 7 -3
1 8 -4
1 9 -4
1 10 2
1 12 -2
1 13 -3
1 14 -4
1 16 -2
1 24 -2
1 28 -2
1 33 4
1 44 3
1 48 4
1 59 -4
2 11 -3
2 12 -2
2 40 4
2 41 2
2 59 2
3 7 -2
3 25 4
3 32 -2
4 7 4
4 8 -3
4 9 -4
4 10 4
4 13 4
4 14 3
4 18 -3
4 30 -3
4 32 -3
4 40 -4
4 47 4
4 48 3
5 7 3
5 8 -4
5 10 4
5 15 2
5 19 3
5 45 3
6 7 -3
6 8 -4
6 9 4
6 10 4
6 12 3
6 13 4
6 14 -4
6 15 -2
6 16 -4
6 17 -3
6 21 2
6 26 4
6 35 2
6 37 -3
6 45 -2
6 46 2
6 48 2
6 52 2
6 56 -4
7 8 3
7 9 4
7 11 4
7 12 4
7 13 -4
7 15 3
7 17 -4
7 18 3
7 20 2
7 21 -3
7 22 4
7 24 4
7 32 3
7 42 2
7 43 -3
7 49 4
8 9 -2
8 11 3
8 12 -4
8 13 -2
8 15 4
8 17 -4
8 18 4
8 23 2
8 26 3
8 28 3
8 33 2
8 40 3
8 41 -4
8 42 2
8 47 2
8 48 -4
8 49 2
8 53 2
8 54 2
9 10 -4
9 11 -4
9 17 3
9 18 -2
9 19 3
9 20 -2
9 24 -4
9 25 -3
9 27 4
9 28 4
9 29 -3
9 42 -3
9 46 4
9 47 -3
10 11 -4
10 17 2
10 19 -4
10 21 -2
10 22 -2
10 23 4
10 24 -2
10 26 -3
10 29 -3
10 30 3
10 31 2
10 35 4
10 39 4
10 41 -3
10 44 -4
10 45 -3
10 49 -2
10 50 -4
10 56 2
10 58 2
11 15 -3
11 16 -4
11 18 3
11 20 3
11 22 -3
11 30 -4
11 35 -2
11 38 2
11 42 -4
11 45 3
11 47 3
11 53 -3
12 14 -2
12 15 -2
12 16 4
12 20 4
12 21 -4
12 22 2
12 31 -2
12 32 3
12 38 -2
12 39 -2
12 49 -3
12 50 2
12 51 -2
12 56 4
12 58 -4
13 14 4
13 19 2
13 20 3
13 27 2
13 28 -2
13 30 -3
13 33 -3
13 34 -4
13 37 2
13 42 -2
13 49 3
13 52 -2
13 54 4
13 57 -2
14 17 4
14 27 -3
14 28 3
14 29 2
14 52 4
14 55 3
14 58 3
15 16 -3
15 18 -2
15 21 2
15 23 4
15 32 4
15 37 -2
15 40 -2
15 44 4
15 45 -3
15 53 3
15 55 -3
16 19 2
16 21 2
16 23 -3
16 30 4
16 32 -3
16 37 -3
17 22 4
17 24 -4
17 29 -3
17 35 3
17 36 -2
17 43 -3
17 46 -3
18 31 3
18 34 -3
18 36 -2
18 38 3
18 42 -2
18 56 4
19 25 -3
19 26 3
19 29 3
19 30 3
19 33 4
19 52 3
19 58 3
20 22 -3
20 36 3
20 39 -4
20 43 -2
20 51 3
20 54 -2
21 44 3
22 23 2
22 24 2
22 25 -3
22 26 2
22 27 -3
22 31 2
22 33 -2
22 34 4
22 38 2
22 41 3
22 50 2
22 59 2
23 25 -4
23 26 3
23 27 2
23 31 -3
23 54 -4
24 27 -4
24 36 -2
24 51 3
24 57 2
25 46 -4
25 47 2
26 39 -4
26 41 3
26 45 3
26 59 2
27 28 -2
27 38 4
27 47 2
29 35 4
29 36 -4
29 44 3
30 46 3
31 33 3
31 40 4
31 50 3
31 51 -2
31 53 -3
31 59 2
32 34 3
32 54 -3
32 58 -3
33 34 -2
33 37 2
33 55 -4
34 38 -4
34 40 4
36 41 2
36 43 -3
36 50 -3
36 55 -4
36 59 2
37 58 4
38 39 2
38 54 -3
39 52 3
39 56 -4
40 44 2
40 48 -3
41 57 4
42 43 -2
42 55 3
42 57 -3
43 51 -4
43 53 4
44 52 -4
44 57 3
46 48 -3
46 50 -3
49 51 3
-1
-456
