ba_60_10_16
60
-4
-12
-4
13
-13
-4
-14
11
-9
-9
-2
-8
-10
-3
-4
10
2
4
-3
-14
-15
-9
-9
14
-8
-7
-12
-7
15
16
12
-10
-7
3
-11
-4
15
14
4
16
-4
15
3
-2
5
7
15
2
7
-2
7
-6
-10
-15
12
-9
-12
9
13
9
0 1 -4
0 2 -16
0 3 -16
0 4 -10
0 5 14
0 6 9
0 7 -14
0 8 -15
0 9 16
0 10 4
0 11 12
0 12 14
0 13 8
0 14 -5
0 15 -10
0 17 -4
0 18 -14
0 20 2
0 21 -2
0 22 6
0 24 12
0 27 -10
0 28 -9
0 32 -13
0 33 3
0 34 5
0 37 -8
0 38 -16
0 44 11
0 45 -3
0 50 14
0 52 16
0 54 -5
0 57 5
1 11 11
1 12 -15
1 13 2
1 14 14
1 15 -9
1 19 -2
1 20 5
1 23 -11
1 24 5
1 25 14
1 26 8
1 29 -11
1 33 -10
1 35 10
1 37 -2
1 42 -13
1 53 -12
1 56 14
1 57 10
1 59 12
2 11 4
2 13 15
2 14 14
2 15 12
2 16 14
2 17 9
2 18 2
2 20 11
2 22 -12
2 27 14
2 31 -11
2 34 -8
2 37 -3
2 38 -2
2 39 13
2 41 -13
2 47 -12
2 56 11
2 57 -16
3 11 7
3 12 5
3 18 8
3 44 13
3 57 13
3 59 13
4 11 -4
4 12 2
4 13 10
4 14 -7
4 17 10
4 18 6
4 20 -7
4 23 8
4 26 -2
4 29 -16
4 32 -15
4 33 3
4 36 9
4 39 5
4 40 -14
4 44 7
4 45 7
4 46 -4
4 52 -4
5 11 12
5 13 15
5 14 16
5 15 16
5 20 11
5 21 -3
5 23 -7
5 29 12
5 32 -11
5 39 6
5 45 16
5 48 -15
6 12 11
6 16 4
6 18 14
6 36 6
6 41 3
6 43 -10
6 44 6
6 50 -14
7 11 11
7 12 -11
7 13 -7
7 15 2
7 16 6
7 17 -2
7 19 2
7 21 -4
7 22 13
7 24 3
7 30 11
7 40 -15
7 49 5
7 53 -2
7 59 -16
8 11 11
8 12 -2
8 15 -9
8 16 3
8 17 -15
8 19 -2
8 23 -13
8 28 -14
8 29 15
8 30 11
8 31 -16
8 35 15
8 36 7
8 40 8
8 42 12
8 43 15
8 44 6
8 54 8
8 55 -14
9 11 -7
9 12 -11
9 13 14
9 14 -15
9 15 -7
9 16 6
9 17 -6
9 19 -11
9 20 -6
9 21 -10
9 24 -8
9 25 -16
9 26 12
9 29 5
9 31 -10
9 32 -6
9 35 5
9 38 8
9 39 8
9 45 -11
9 49 16
9 51 -15
9 52 -6
9 55 -13
9 56 -5
10 11 -9
10 12 12
10 13 9
10 14 5
10 16 14
10 18 -4
10 19 -7
10 23 4
10 28 14
10 32 -14
10 34 14
10 35 -5
10 40 -3
10 52 16
10 56 15
11 12 -3
11 13 16
11 14 3
11 15 -9
11 16 2
11 17 15
11 21 -10
11 24 10
11 25 15
11 26 -12
11 27 -11
11 30 5
11 34 12
11 36 12
11 37 -6
11 38 10
11 40 16
11 41 -7
11 42 -3
11 47 -10
11 50 -14
11 53 -10
11 57 -9
11 59 -5
12 13 -15
12 14 -2
12 15 6
12 16 6
12 17 -3
12 18 3
12 19 10
12 21 6
12 22 -8
12 23 -7
12 24 11
12 25 6
12 26 2
12 27 -9
12 28 -8
12 29 -6
12 34 16
12 38 -6
12 39 -5
12 41 15
12 42 14
12 43 -2
12 44 -14
12 45 11
12 47 13
12 48 -16
12 49 2
12 51 -9
12 55 14
12 57 -3
12 58 -6
12 59 -2
13 14 -13
13 16 16
13 17 -16
13 18 9
13 19 2
13 20 4
13 22 -8
13 24 3
13 27 -6
13 28 15
13 30 2
13 31 3
13 33 -7
13 36 -16
13 37 2
13 39 -2
13 41 12
13 43 10
13 54 16
13 55 -10
14 15 -7
14 16 -12
14 17 11
14 18 -7
14 19 -2
14 20 13
14 21 16
14 22 -7
14 23 10
14 25 6
14 27 2
14 29 15
14 32 -2
14 35 -11
14 44 -13
14 48 -2
14 50 -11
14 51 10
14 56 3
14 57 8
14 58 -4
15 22 -13
15 34 13
15 37 -13
15 51 -9
15 53 15
16 18 -4
16 19 16
16 21 9
16 25 -2
16 27 14
16 28 13
16 31 15
16 37 13
16 39 -4
16 42 -7
17 20 10
17 21 3
17 22 -11
17 23 -6
17 28 -4
17 29 15
17 30 -5
17 31 -13
17 34 12
17 35 16
17 39 13
17 40 13
17 42 15
17 43 -14
17 44 -16
17 48 6
17 49 -6
17 51 13
17 52 4
17 58 -6
18 19 -6
18 21 14
18 22 -12
18 23 6
18 24 -7
18 26 12
18 33 -16
18 37 7
18 39 -16
18 42 -12
18 44 -8
18 45 -16
18 47 -7
18 49 -14
18 50 -14
19 20 16
19 22 13
19 26 9
19 31 10
19 35 12
19 50 -8
19 54 -10
19 55 14
19 58 14
20 24 7
20 25 -3
20 26 -4
20 32 15
20 33 14
20 34 9
20 43 14
21 24 -11
21 26 -13
21 29 4
21 33 16
21 35 -12
21 36 -16
21 40 16
21 48 4
21 49 -10
21 51 14
21 58 13
22 23 -15
22 25 11
22 26 -8
22 27 7
22 37 -2
22 38 9
22 46 -15
22 51 -4
22 52 -14
22 54 -5
22 56 -7
23 25 -8
23 28 6
23 30 -7
23 38 3
23 41 -4
23 43 13
23 45 12
23 48 -10
23 53 11
23 58 -4
24 25 9
24 27 10
24 32 3
24 34 -16
24 36 15
24 40 -3
24 41 2
24 42 7
24 45 3
25 28 -6
25 30 14
25 31 2
25 32 -16
25 33 8
25 43 12
25 46 -14
25 47 -5
25 54 14
25 59 9
26 27 14
26 28 7
26 30 11
26 31 11
26 33 11
26 41 8
26 47 6
26 50 -2
26 59 5
27 31 -2
27 33 -4
27 34 -5
27 36 -16
27 37 3
27 40 -16
27 53 9
27 55 14
28 29 -4
28 30 3
28 35 5
28 40 8
28 41 6
28 46 3
28 48 -2
28 53 16
28 54 -5
28 56 11
29 30 -16
29 32 -5
29 35 -8
29 46 -3
30 42 10
30 50 -11
30 52 -9
30 53 15
31 36 11
31 45 10
31 47 -7
31 50 -8
31 52 -12
31 56 2
32 48 6
32 49 -11
33 38 -13
33 46 -12
33 55 4
33 57 13
33 58 -8
34 38 12
34 42 5
34 43 -14
34 46 12
34 47 3
34 57 -4
34 58 15
34 59 -9
35 36 -16
35 41 -10
35 50 2
35 54 3
35 56 6
35 58 -9
36 38 8
36 44 13
36 48 3
36 52 4
36 59 -16
37 39 -16
37 46 7
37 47 -10
37 51 9
37 52 16
37 57 -16
38 43 8
38 46 -4
39 46 12
39 47 5
39 54 -9
39 59 10
40 51 -8
42 45 14
42 54 -6
43 49 15
44 48 -7
44 51 9
44 53 -13
44 56 4
45 53 -15
45 58 7
47 49 7
47 55 13
48 49 -12
51 55 7
52 55 -2
-1
-1874
