ba_60_10_64
60
44
43
-28
42
35
-7
-37
51
58
-32
-12
45
-43
37
53
-53
53
18
60
63
-43
-36
-48
49
12
52
16
54
52
-40
31
26
15
16
-2
-2
-46
51
-37
56
63
16
14
-58
-7
16
45
-49
56
56
-8
56
-19
-12
35
-60
-63
-3
5
-20
0 1 -38
0 2 64
0 3 -59
0 4 -63
0 5 -60
0 6 64
0 7 28
0 8 56
0 9 13
0 10 6
0 11 -64
0 12 47
0 13 56
0 14 23
0 15 -38
0 17 60
0 18 36
0 20 14
0 21 15
0 22 -7
0 24 11
0 27 34
0 28 58
0 32 55
0 33 -17
0 34 64
0 37 30
0 38 7
0 44 5
0 45 2
0 50 -8
0 52 53
0 54 54
0 57 -28
1 11 -26
1 12 -2
1 13 -62
1 14 -45
1 15 -18
1 19 -18
1 20 55
1 23 -38
1 24 2
1 25 -41
1 26 -47
1 29 25
1 33 -16
1 35 6
1 37 39
1 42 -60
1 53 38
1 56 -9
1 57 -59
1 59 4
2 11 -60
2 13 38
2 14 -16
2 15 43
2 16 25
2 17 43
2 18 4
2 20 52
2 22 -27
2 27 -44
2 31 22
2 34 43
2 37 46
2 38 -13
2 39 -42
2 41 19
2 47 34
2 56 -64
2 57 48
3 11 -46
3 12 -28
3 18 35
3 44 -27
3 57 12
3 59 62
4 11 17
4 12 30
4 13 59
4 14 55
4 17 32
4 18 6
4 20 31
4 23 -27
4 26 -62
4 29 13
4 32 -46
4 33 -9
4 36 -63
4 39 -28
4 40 -47
4 44 64
4 45 2
4 46 -27
4 52 3
5 11 56
5 13 -15
5 14 -11
5 15 -57
5 20 -17
5 21 59
5 23 -4
5 29 -27
5 32 38
5 39 62
5 45 -53
5 48 49
6 12 -24
6 16 3
6 18 7
6 36 64
6 41 16
6 43 18
6 44 -59
6 50 -62
7 11 23
7 12 58
7 13 -39
7 15 -34
7 16 -45
7 17 49
7 19 -8
7 21 25
7 22 -37
7 24 -13
7 30 -52
7 40 44
7 49 59
7 53 -9
7 59 -17
8 11 57
8 12 -42
8 15 -42
8 16 -7
8 17 -37
8 19 -6
8 23 12
8 28 56
8 29 3
8 30 -48
8 31 35
8 35 -62
8 36 23
8 40 57
8 42 -43
8 43 29
8 44 30
8 54 10
8 55 -43
9 11 43
9 12 -61
9 13 35
9 14 -8
9 15 5
9 16 -50
9 17 10
9 19 -64
9 20 -55
9 21 50
9 24 -7
9 25 -22
9 26 -13
9 29 -60
9 31 47
9 32 -18
9 35 -59
9 38 -17
9 39 23
9 45 -46
9 49 14
9 51 -20
9 52 -11
9 55 56
9 56 36
10 11 -60
10 12 60
10 13 -45
10 14 -6
10 16 -52
10 18 63
10 19 -31
10 23 10
10 28 61
10 32 54
10 34 11
10 35 32
10 40 24
10 52 37
10 56 -55
11 12 -53
11 13 -15
11 14 44
11 15 16
11 16 11
11 17 -10
11 21 25
11 24 -37
11 25 -19
11 26 -52
11 27 57
11 30 53
11 34 54
11 36 -40
11 37 -48
11 38 27
11 40 19
11 41 -27
11 42 -23
11 47 49
11 50 27
11 53 -4
11 57 -37
11 59 51
12 13 -54
12 14 48
12 15 44
12 16 -35
12 17 -17
12 18 60
12 19 9
12 21 25
12 22 -18
12 23 -35
12 24 -41
12 25 37
12 26 45
12 27 -50
12 28 47
12 29 20
12 34 33
12 38 -6
12 39 40
12 41 43
12 42 15
12 43 46
12 44 26
12 45 -33
12 47 -15
12 48 58
12 49 35
12 51 20
12 55 32
12 57 -20
12 58 12
12 59 60
13 14 34
13 16 -51
13 17 6
13 18 -25
13 19 -5
13 20 5
13 22 56
13 24 -49
13 27 -43
13 28 57
13 30 -10
13 31 -2
13 33 5
13 36 26
13 37 7
13 39 25
13 41 10
13 43 7
13 54 10
13 55 -59
14 15 -5
14 16 -28
14 17 -38
14 18 51
14 19 48
14 20 -25
14 21 -52
14 22 -7
14 23 -19
14 25 63
14 27 -62
14 29 53
14 32 27
14 35 28
14 44 5
14 48 26
14 50 21
14 51 10
14 56 64
14 57 5
14 58 26
15 22 -46
15 34 35
15 37 -18
15 51 26
15 53 25
16 18 -62
16 19 28
16 21 -54
16 25 63
16 27 -43
16 28 34
16 31 47
16 37 -49
16 39 -43
16 42 42
17 20 56
17 21 32
17 22 24
17 23 46
17 28 11
17 29 31
17 30 27
17 31 27
17 34 39
17 35 32
17 39 6
17 40 5
17 42 39
17 43 51
17 44 3
17 48 -9
17 49 -27
17 51 -4
17 52 -31
17 58 -11
18 19 -21
18 21 -34
18 22 25
18 23 -20
18 24 -28
18 26 -34
18 33 10
18 37 51
18 39 17
18 42 47
18 44 36
18 45 -38
18 47 -39
18 49 -36
18 50 5
19 20 -10
19 22 52
19 26 32
19 31 -12
19 35 59
19 50 -26
19 54 -5
19 55 -7
19 58 -14
20 24 32
20 25 20
20 26 60
20 32 -29
20 33 -61
20 34 -26
20 43 4
21 24 64
21 26 -22
21 29 7
21 33 51
21 35 -30
21 36 -55
21 40 41
21 48 -5
21 49 -23
21 51 22
21 58 -14
22 23 -14
22 25 50
22 26 -39
22 27 -43
22 37 56
22 38 56
22 46 -41
22 51 24
22 52 -52
22 54 -44
22 56 45
23 25 5
23 28 43
23 30 63
23 38 -24
23 41 -24
23 43 47
23 45 15
23 48 38
23 53 30
23 58 16
24 25 21
24 27 50
24 32 26
24 34 -46
24 36 -38
24 40 -12
24 41 53
24 42 -44
24 45 19
25 28 -59
25 30 22
25 31 -31
25 32 20
25 33 -51
25 43 -6
25 46 -28
25 47 -50
25 54 14
25 59 40
26 27 -26
26 28 38
26 30 37
26 31 25
26 33 45
26 41 -7
26 47 49
26 50 -41
26 59 -63
27 31 30
27 33 -15
27 34 -38
27 36 56
27 37 -8
27 40 -43
27 53 35
27 55 50
28 29 44
28 30 21
28 35 -36
28 40 64
28 41 -39
28 46 -32
28 48 -53
28 53 -8
28 54 -49
28 56 -23
29 30 -13
29 32 -52
29 35 -9
29 46 -40
30 42 21
30 50 31
30 52 26
30 53 -2
31 36 -44
31 45 -50
31 47 -15
31 50 -33
31 52 41
31 56 38
32 48 62
32 49 31
33 38 32
33 46 48
33 55 -43
33 57 -42
33 58 -56
34 38 26
34 42 -60
34 43 24
34 46 -43
34 47 27
34 57 -62
34 58 -48
34 59 -9
35 36 -56
35 41 -60
35 50 5
35 54 -9
35 56 39
35 58 -60
36 38 -47
36 44 -43
36 48 56
36 52 41
36 59 -19
37 39 53
37 46 -25
37 47 -23
37 51 17
37 52 -13
37 57 26
38 43 -44
38 46 6
39 46 -22
39 47 -58
39 54 58
39 59 7
40 51 -11
42 45 -6
42 54 51
43 49 30
44 48 28
44 51 -30
44 53 57
44 56 -42
45 53 -18
45 58 -4
47 49 -27
47 55 -17
48 49 49
51 55 12
52 55 -32
-1
-6609
