ba_60_12_32
60
-31
26
-26
-18
22
-10
29
-14
28
-4
12
-11
21
-21
-6
9
32
-24
7
-20
-18
28
-3
15
2
-16
9
10
15
-3
-22
-7
30
10
27
31
-12
-11
23
-24
25
4
28
-11
14
29
-12
29
-5
5
-19
-31
-19
16
28
19
23
31
23
6
0 1 -7
0 2 16
0 3 20
0 4 17
0 5 7
0 6 6
0 7 21
0 8 26
0 9 -24
0 10 -6
0 11 -10
0 12 15
0 13 -14
0 14 32
0 15 28
0 16 -12
0 17 -26
0 18 13
0 19 12
0 21 -30
0 23 -27
0 26 -31
0 28 -25
0 29 15
0 32 22
0 34 23
0 37 -23
0 38 -18
0 39 -15
0 43 19
0 45 19
0 47 -16
0 49 -32
0 52 -29
0 53 -5
0 54 -30
0 55 -32
0 58 8
0 59 21
1 13 8
1 14 11
1 17 9
1 18 8
1 23 -16
1 25 21
1 27 -32
1 33 -29
1 34 -32
1 35 23
1 39 19
1 42 -21
1 44 30
1 50 24
2 13 26
2 14 12
2 15 7
2 16 28
2 17 7
2 19 16
2 20 -16
2 24 20
2 27 -16
2 32 20
2 38 10
2 39 -14
3 13 14
3 14 -23
3 15 -2
3 17 19
3 18 -9
3 19 -9
3 20 7
3 22 15
3 32 -24
3 35 8
3 37 -30
3 41 19
3 55 22
4 14 30
4 16 32
4 18 22
4 20 23
4 22 24
4 24 -25
4 30 32
4 36 17
4 39 30
5 13 -21
5 14 -15
5 15 -14
5 16 -3
5 17 17
5 18 8
5 22 17
5 23 28
5 24 -11
5 26 6
5 27 11
5 29 13
5 31 -4
5 37 17
5 38 -25
5 45 14
5 52 -19
5 56 31
6 13 -12
6 14 17
6 15 16
6 16 -12
6 17 12
6 18 -31
6 19 -5
6 21 -15
6 23 -21
6 24 30
6 25 -19
6 30 -12
6 35 -4
6 36 -29
6 46 -22
6 48 -9
6 53 -7
6 58 12
7 13 -20
7 14 29
7 19 20
7 20 27
7 21 25
7 22 -2
7 23 -28
7 27 -21
7 29 -28
7 30 16
7 31 -31
7 32 8
7 33 -23
7 35 12
7 39 -25
7 42 -22
7 43 -23
7 45 15
7 50 26
7 51 17
7 54 13
8 13 5
8 14 21
8 15 8
8 16 -11
8 18 -15
8 21 -23
8 22 -2
8 24 -8
8 28 -24
8 36 -32
8 38 -8
8 43 12
8 46 7
8 48 -10
8 55 -7
8 58 -13
9 13 -30
9 15 23
9 16 -16
9 21 5
9 27 -31
9 28 3
10 13 18
10 14 23
10 15 11
10 18 -15
10 19 -7
10 20 -19
10 21 -23
10 22 26
10 23 32
10 25 -7
10 26 -3
10 27 -19
10 30 24
10 31 -5
10 33 -28
10 36 -8
10 38 32
10 40 17
10 41 -14
10 43 -14
10 47 28
10 48 24
11 13 13
11 14 -27
11 15 -22
11 16 -28
11 17 -15
11 19 -21
11 24 -24
11 26 -32
11 31 -13
11 33 24
11 37 7
11 48 6
11 59 -20
12 13 11
12 15 21
12 16 6
12 17 5
12 19 25
12 25 8
12 26 17
12 28 -26
12 33 13
12 35 -26
12 38 -30
12 40 -7
12 41 10
12 42 16
13 14 -7
13 15 24
13 16 -29
13 17 29
13 18 15
13 19 21
13 20 3
13 21 -12
13 22 23
13 24 -28
13 25 17
13 26 -2
13 28 6
13 29 29
13 30 -3
13 32 -9
13 34 -18
13 37 -31
13 39 23
13 42 2
13 43 -7
13 44 22
13 45 32
13 48 27
13 49 25
13 50 20
13 53 -19
13 56 26
13 57 28
13 58 -31
14 15 27
14 16 7
14 17 -25
14 18 4
14 19 3
14 20 29
14 21 10
14 23 -24
14 25 -9
14 26 -26
14 30 9
14 32 11
14 33 -3
14 35 -10
14 38 23
14 42 -11
14 45 -31
14 48 26
15 16 -30
15 17 -13
15 18 -27
15 19 -12
15 20 -29
15 21 -26
15 22 -5
15 23 27
15 24 -19
15 25 28
15 26 -3
15 27 15
15 31 -22
15 32 -17
15 33 -21
15 35 -15
15 39 30
15 42 -11
15 43 -8
15 45 4
15 47 -4
15 50 -24
15 52 -27
15 53 -14
15 54 -4
15 56 7
15 59 -8
16 17 16
16 20 19
16 21 20
16 22 -4
16 24 -29
16 29 5
16 31 -27
16 32 -25
16 33 -2
16 34 -24
16 37 18
16 46 12
16 49 13
16 53 11
16 57 8
16 58 27
17 18 31
17 20 13
17 23 27
17 24 -12
17 25 12
17 26 9
17 27 3
17 29 -11
17 32 -3
17 33 15
17 34 11
17 46 -12
17 49 13
17 51 11
17 53 -22
17 55 13
18 19 7
18 20 -19
18 26 -14
18 27 -13
18 28 -14
18 29 -6
18 34 13
18 36 15
18 37 23
18 38 -8
18 39 9
18 44 -12
18 45 17
18 46 28
18 49 22
18 51 30
18 52 10
18 54 25
18 57 3
19 20 11
19 21 3
19 22 -6
19 23 -19
19 24 -9
19 25 -15
19 27 25
19 28 19
19 29 6
19 30 25
19 31 29
19 34 -20
19 37 26
19 38 -19
19 39 -4
19 40 -24
19 41 22
19 42 17
19 45 -13
19 46 -10
19 47 7
19 49 14
19 55 -30
19 59 26
20 21 -11
20 22 16
20 25 -29
20 27 -4
20 28 14
20 29 -3
20 30 15
20 34 -18
20 36 31
20 41 -18
20 44 4
20 45 -11
20 46 20
20 52 -5
20 53 -4
20 54 -29
20 57 3
21 22 -13
21 23 10
21 26 18
21 28 -9
21 29 -8
21 30 13
21 31 -10
21 32 27
21 33 -23
21 36 -4
21 40 3
21 42 12
21 43 30
21 44 -20
21 45 -23
21 50 31
21 55 -11
22 23 22
22 24 -17
22 25 -19
22 30 27
22 31 -9
22 34 -6
22 40 26
22 44 5
22 45 24
22 48 -25
22 50 -8
22 56 13
22 59 -31
23 25 -4
23 26 -14
23 33 -3
23 36 6
23 37 31
23 39 -4
23 40 -12
23 41 24
23 47 11
23 51 -23
23 52 5
23 56 27
24 28 -30
24 31 -29
24 32 21
24 37 4
24 46 -18
24 49 12
24 51 17
24 52 16
24 58 -29
24 59 -24
25 28 26
25 29 -10
25 38 27
25 44 20
25 46 -32
25 47 10
25 51 -31
25 52 -6
25 54 28
25 55 -14
25 56 -10
25 58 26
25 59 18
26 27 23
26 28 14
26 29 4
26 31 -10
26 35 -10
26 36 6
26 43 30
26 47 -31
27 30 -14
27 34 -17
27 35 6
27 42 28
27 46 -13
27 48 11
27 50 -5
27 52 -24
27 57 7
27 58 15
28 30 -8
28 32 -4
28 35 -29
28 55 23
28 56 -26
29 31 8
29 33 18
29 35 -28
29 36 -18
29 37 -10
29 39 13
29 40 -2
29 41 17
29 43 8
29 44 20
29 48 21
29 51 32
29 52 19
30 41 -15
30 43 -10
30 47 -4
30 54 -25
30 55 22
31 34 13
31 40 -9
31 42 -12
31 47 -27
31 49 -31
31 50 21
31 54 -28
31 56 -23
31 57 23
32 34 23
32 37 22
32 41 13
32 44 19
32 49 -24
32 50 25
32 51 8
32 54 -11
33 36 18
33 39 -13
33 44 14
33 48 -17
33 53 -28
33 57 3
34 35 -6
34 36 -7
34 40 25
34 41 -8
34 44 -2
34 48 -8
35 38 -22
35 40 -17
35 43 24
35 47 5
35 49 9
35 50 -24
35 51 -13
35 54 -26
35 56 2
36 40 -27
36 41 -3
36 46 13
36 51 -12
36 53 5
36 55 16
36 57 12
36 59 22
37 38 -5
37 52 13
37 54 -31
38 40 -22
38 42 15
38 43 15
38 50 -14
38 51 14
38 57 11
39 44 16
39 49 23
39 58 13
40 41 15
40 42 -27
40 46 10
40 47 -27
40 48 19
40 56 27
40 57 -2
41 45 30
41 50 26
41 53 15
41 54 -11
41 56 10
42 49 -6
42 52 -5
43 58 -3
45 53 -2
45 58 22
46 47 29
46 51 7
46 55 32
47 56 -15
47 57 -25
48 53 15
50 55 18
51 57 18
52 59 17
53 59 -4
54 59 22
55 59 13
57 58 27
-1
-3706
