ba_60_6_64
60
34
14
-11
-40
19
6
23
-57
50
-19
-3
9
-49
-46
22
-17
-57
-30
-55
20
-23
-27
-57
-32
4
-42
-57
57
-7
46
-57
53
-2
-54
32
7
-36
-49
-16
17
61
23
-49
-39
38
18
42
39
-12
37
-7
54
3
-48
43
-29
-32
-46
12
-22
0 1 -2
0 2 46
0 3 -35
0 4 -56
0 5 60
0 6 -60
0 7 19
0 8 52
0 9 -9
0 10 33
0 11 -29
0 12 -27
0 13 42
0 14 -28
0 16 -47
0 19 31
0 20 30
0 23 -35
0 25 50
0 29 31
0 31 -7
0 34 -4
0 35 -47
0 36 -57
0 37 2
0 39 -53
0 43 62
0 46 -10
0 49 -27
0 53 57
0 55 -31
0 56 -40
0 57 58
1 7 53
1 8 -42
1 9 62
1 10 -4
1 12 -40
1 13 -33
1 14 26
1 16 21
1 24 -37
1 28 -37
1 33 -26
1 44 46
1 48 -18
1 59 -55
2 11 -26
2 12 45
2 40 61
2 41 -62
2 59 61
3 7 -47
3 25 21
3 32 -58
4 7 50
4 8 36
4 9 -50
4 10 7
4 13 6
4 14 -60
4 18 -3
4 30 49
4 32 9
4 40 -30
4 47 -11
4 48 63
5 7 22
5 8 -3
5 10 9
5 15 54
5 19 64
5 45 -27
6 7 -32
6 8 -46
6 9 -47
6 10 -31
6 12 -44
6 13 -16
6 14 -17
6 15 55
6 16 -22
6 17 44
6 21 -53
6 26 25
6 35 38
6 37 -19
6 45 -28
6 46 -10
6 48 -35
6 52 16
6 56 4
7 8 -22
7 9 -43
7 11 -48
7 12 36
7 13 -33
7 15 51
7 17 -43
7 18 17
7 20 -6
7 21 -63
7 22 29
7 24 36
7 32 -9
7 42 52
7 43 -22
7 49 -16
8 9 7
8 11 -23
8 12 60
8 13 33
8 15 2
8 17 -12
8 18 -10
8 23 49
8 26 55
8 28 2
8 33 -9
8 40 -52
8 41 -7
8 42 60
8 47 15
8 48 31
8 49 -32
8 53 55
8 54 -47
9 10 23
9 11 -6
9 17 3
9 18 29
9 19 49
9 20 -55
9 24 26
9 25 51
9 27 36
9 28 -6
9 29 57
9 42 48
9 46 52
9 47 41
10 11 -3
10 17 11
10 19 -28
10 21 3
10 22 46
10 23 -29
10 24 -7
10 26 49
10 29 -22
10 30 25
10 31 37
10 35 45
10 39 58
10 41 -19
10 44 -59
10 45 62
10 49 5
10 50 56
10 56 -51
10 58 63
11 15 -24
11 16 -29
11 18 42
11 20 -28
11 22 9
11 30 13
11 35 19
11 38 19
11 42 -51
11 45 -42
11 47 -37
11 53 9
12 14 21
12 15 39
12 16 53
12 20 32
12 21 -52
12 22 28
12 31 58
12 32 57
12 38 3
12 39 27
12 49 -36
12 50 -47
12 51 -11
12 56 -45
12 58 56
13 14 -30
13 19 -45
13 20 -4
13 27 -63
13 28 -36
13 30 -23
13 33 51
13 34 -10
13 37 -34
13 42 -54
13 49 -29
13 52 -64
13 54 -37
13 57 -25
14 17 -42
14 27 -54
14 28 40
14 29 -55
14 52 36
14 55 -57
14 58 37
15 16 53
15 18 -17
15 21 -20
15 23 -9
15 32 8
15 37 58
15 40 50
15 44 -12
15 45 18
15 53 3
15 55 35
16 19 23
16 21 -11
16 23 40
16 30 10
16 32 -59
16 37 64
17 22 -22
17 24 -22
17 29 -33
17 35 56
17 36 -46
17 43 53
17 46 -59
18 31 -60
18 34 -25
18 36 -13
18 38 -2
18 42 10
18 56 11
19 25 22
19 26 -52
19 29 10
19 30 42
19 33 13
19 52 32
19 58 -61
20 22 19
20 36 20
20 39 -42
20 43 -42
20 51 -26
20 54 -13
21 44 32
22 23 -42
22 24 -25
22 25 51
22 26 29
22 27 -45
22 31 -2
22 33 -25
22 34 -23
22 38 53
22 41 -45
22 50 15
22 59 19
23 25 43
23 26 23
23 27 40
23 31 63
23 54 50
24 27 47
24 36 31
24 51 44
24 57 -27
25 46 -50
25 47 62
26 39 -36
26 41 33
26 45 -54
26 59 43
27 28 39
27 38 51
27 47 -57
29 35 -17
29 36 18
29 44 -55
30 46 -19
31 33 16
31 40 62
31 50 -36
31 51 -15
31 53 -21
31 59 44
32 34 45
32 54 -47
32 58 -26
33 34 -23
33 37 -28
33 55 -60
34 38 -42
34 40 -7
36 41 -6
36 43 62
36 50 -45
36 55 -30
36 59 -60
37 58 -54
38 39 41
38 54 -26
39 52 -54
39 56 7
40 44 -50
40 48 -36
41 57 57
42 43 56
42 55 11
42 57 -27
43 51 12
43 53 -11
44 52 -3
44 57 28
46 48 59
46 50 -38
49 51 39
-1
-5775
