ba_60_8_16
60
10
4
12
16
15
-5
-6
-15
5
-2
9
-16
15
8
-10
-13
-5
6
11
-12
16
7
10
-8
-15
-7
-11
-16
12
16
-14
7
-13
12
-15
-14
13
4
12
-3
3
-8
-8
-13
-2
-2
7
-7
-13
16
-13
4
-5
16
-5
14
-16
9
-14
-6
0 1 -11
0 2 -13
0 3 3
0 4 -14
0 5 -5
0 6 11
0 7 15
0 8 -9
0 9 13
0 10 -7
0 11 4
0 12 9
0 13 -6
0 15 3
0 16 -5
0 17 5
0 21 4
0 22 -13
0 23 -13
0 25 -10
0 26 9
0 28 -12
0 31 -6
0 37 15
0 45 8
0 48 -13
0 50 -3
0 56 8
0 58 16
1 9 16
1 10 7
1 11 -10
1 13 -12
1 15 13
1 19 -6
1 21 -7
1 22 6
1 23 -15
1 27 14
1 40 -7
1 41 -15
1 44 -8
1 49 -6
1 58 -8
2 9 4
2 10 -4
2 11 6
2 13 16
2 17 13
2 18 -9
2 24 -11
2 32 -10
2 37 11
2 39 -13
2 46 5
2 47 -9
2 53 11
2 55 -4
2 57 6
3 9 -12
3 10 10
3 11 -13
3 12 -5
3 14 -14
3 15 -16
3 16 7
3 28 12
3 31 -5
3 41 3
3 49 -16
3 50 -11
3 51 -15
3 52 -14
4 9 -10
4 11 8
4 14 -8
4 30 3
4 40 -13
5 9 -8
5 10 6
5 12 13
5 14 -13
5 18 12
5 36 7
5 56 5
6 9 8
6 10 -10
6 12 7
6 14 16
6 16 2
6 20 -14
6 25 11
6 35 -13
6 38 -7
6 40 -15
6 47 -3
6 51 -4
7 9 12
7 11 -3
7 13 -9
7 17 10
7 27 -12
7 32 -8
7 38 -12
7 42 14
7 46 16
7 49 -7
7 56 -14
8 10 -10
8 12 -16
8 13 4
8 14 -7
8 17 -12
8 20 -13
8 23 -8
8 25 10
8 26 -13
8 30 2
8 35 -9
8 39 -14
8 42 -13
8 43 -2
8 47 14
8 58 -10
9 10 -13
9 11 10
9 12 -8
9 13 -6
9 14 8
9 15 -7
9 16 5
9 18 9
9 19 -15
9 20 -14
9 23 15
9 24 9
9 25 -12
9 28 -8
9 30 9
9 32 -4
9 36 -12
9 42 16
9 45 -13
9 46 -11
9 47 7
9 51 -2
10 11 16
10 12 11
10 13 -2
10 14 13
10 15 -11
10 16 -10
10 17 15
10 18 15
10 19 -13
10 20 -2
10 21 -16
10 24 14
10 25 -3
10 27 7
10 29 -14
10 31 5
10 32 -9
10 33 -16
10 34 7
10 36 -4
10 37 13
10 38 2
10 41 13
10 42 2
10 43 -10
10 44 -12
10 45 13
10 46 2
10 48 -3
10 49 -10
10 55 7
10 56 2
10 57 9
11 12 5
11 13 2
11 14 -9
11 15 -3
11 18 -13
11 19 -14
11 24 13
11 25 2
11 26 12
11 28 -10
11 33 3
11 35 9
11 37 -10
11 41 -14
11 43 9
11 44 5
11 47 -5
11 48 -6
11 52 -4
11 53 -13
11 57 -4
12 15 -12
12 16 14
12 17 9
12 19 3
12 20 -9
12 29 15
12 34 9
12 36 8
12 43 -10
12 53 2
12 59 5
13 15 -6
13 16 16
13 18 6
13 19 -2
13 21 -9
13 22 -14
13 23 -13
13 27 5
13 29 -3
13 32 -7
13 42 4
13 52 3
13 53 6
13 58 -9
14 16 -10
14 17 -14
14 18 6
14 20 3
14 21 -12
14 22 -14
14 25 -7
14 26 6
14 29 6
14 33 -15
14 37 -2
14 40 -11
14 43 5
14 45 6
14 52 8
14 58 10
14 59 12
15 19 -12
15 33 -7
15 44 9
15 54 -7
16 17 -13
16 18 11
16 21 -12
16 22 -12
16 23 -2
16 26 -16
16 29 7
16 33 2
16 37 -11
16 38 -8
16 39 8
16 41 -10
16 46 -11
16 50 8
17 20 -5
17 26 2
17 27 -4
17 28 9
17 29 -7
17 32 -14
17 44 2
17 46 6
17 53 -11
17 55 3
17 56 9
17 57 -12
18 19 -8
18 20 10
18 21 -15
18 24 2
18 30 -15
18 31 -15
18 38 6
18 39 10
18 40 -12
18 48 -2
18 50 -12
18 52 -6
18 59 -14
19 22 10
19 23 -7
19 25 10
19 26 2
19 32 14
19 34 3
19 35 -9
19 45 12
19 54 -10
20 21 5
20 22 13
20 23 6
20 27 -11
20 29 15
20 30 15
20 31 -15
20 34 9
20 35 -15
20 37 -10
20 38 -7
20 41 12
20 48 -8
20 50 -16
20 51 11
20 53 6
20 54 -8
20 55 -7
20 57 11
20 59 8
21 22 -5
21 24 -10
21 27 12
21 30 -3
21 31 14
21 34 -15
21 36 5
21 41 -9
21 43 -16
21 45 -10
21 51 -3
21 52 12
22 24 2
22 33 10
22 36 -4
22 39 3
22 42 11
22 51 14
22 55 9
23 24 -12
23 27 15
23 34 -15
23 35 12
23 40 13
23 47 -2
23 48 9
23 52 13
23 54 14
24 26 -5
24 28 6
24 33 9
24 36 14
24 38 -11
24 39 -9
24 42 9
24 46 -4
24 47 -5
24 48 2
24 54 6
25 28 -3
25 43 -4
25 59 -13
26 31 -2
26 35 5
26 36 -15
26 38 13
26 44 -14
26 53 8
26 55 -13
27 28 4
27 29 -13
27 30 14
27 31 -6
27 34 -15
27 35 14
27 39 7
27 46 -13
27 48 8
27 50 -11
27 52 -5
27 56 -12
27 57 13
27 58 -2
28 32 -16
28 58 -3
29 30 -11
29 33 -10
29 42 6
29 50 -3
29 53 -8
30 56 -11
31 41 -9
31 51 3
31 56 -3
32 34 -9
32 37 8
32 49 2
33 45 -13
33 54 13
33 57 2
34 44 16
34 59 -3
35 40 2
37 49 -2
38 39 4
38 40 9
38 44 -4
40 47 12
40 54 16
41 43 -16
41 51 4
42 55 16
43 45 8
43 49 5
44 49 -16
44 50 -7
44 59 14
45 57 3
49 55 -16
49 59 -2
50 58 16
51 54 -12
-1
-1740
