ba_60_12_8
60
-3
-5
-6
-2
-2
-5
-7
-2
-3
2
2
2
-7
-3
6
2
-6
-2
5
2
5
7
-6
7
-7
-4
3
3
5
-5
-2
8
2
-8
6
3
-2
-7
2
8
6
-4
-4
7
-8
3
6
3
-7
-6
-3
-4
2
2
4
2
8
4
4
-5
0 1 7
0 2 7
0 3 -5
0 4 -5
0 5 -3
0 6 -8
0 7 5
0 8 7
0 9 2
0 10 4
0 11 7
0 12 -6
0 13 -6
0 14 -8
0 15 -2
0 16 3
0 17 5
0 18 2
0 19 7
0 21 -4
0 23 -6
0 26 6
0 28 3
0 29 6
0 32 3
0 34 -2
0 37 5
0 38 2
0 39 -3
0 43 2
0 45 8
0 47 6
0 49 7
0 52 -2
0 53 -4
0 54 -7
0 55 8
0 58 -6
0 59 5
1 13 -4
1 14 7
1 17 -3
1 18 6
1 23 6
1 25 6
1 27 3
1 33 -8
1 34 7
1 35 -8
1 39 -3
1 42 6
1 44 -6
1 50 4
2 13 8
2 14 3
2 15 5
2 16 5
2 17 6
2 19 -8
2 20 -4
2 24 4
2 27 4
2 32 5
2 38 3
2 39 3
3 13 -6
3 14 -3
3 15 6
3 17 2
3 18 -6
3 19 -4
3 20 3
3 22 -2
3 32 -7
3 35 -4
3 37 -7
3 41 -7
3 55 -4
4 14 2
4 16 4
4 18 -5
4 20 -5
4 22 8
4 24 -5
4 30 -4
4 36 2
4 39 6
5 13 5
5 14 -4
5 15 2
5 16 6
5 17 6
5 18 -7
5 22 4
5 23 6
5 24 8
5 26 4
5 27 -6
5 29 8
5 31 -6
5 37 8
5 38 6
5 45 3
5 52 3
5 56 -4
6 13 -7
6 14 -7
6 15 -2
6 16 -3
6 17 8
6 18 5
6 19 7
6 21 -5
6 23 -6
6 24 6
6 25 -2
6 30 5
6 35 2
6 36 -4
6 46 -6
6 48 -4
6 53 -2
6 58 -6
7 13 5
7 14 6
7 19 6
7 20 8
7 21 -2
7 22 7
7 23 7
7 27 -2
7 29 -5
7 30 7
7 31 2
7 32 -4
7 33 -5
7 35 2
7 39 7
7 42 7
7 43 8
7 45 -2
7 50 2
7 51 -5
7 54 -4
8 13 -4
8 14 -7
8 15 6
8 16 7
8 18 -2
8 21 -7
8 22 -2
8 24 5
8 28 2
8 36 -2
8 38 4
8 43 4
8 46 -3
8 48 -3
8 55 4
8 58 -8
9 13 2
9 15 -8
9 16 -4
9 21 -7
9 27 -5
9 28 6
10 13 -2
10 14 -3
10 15 5
10 18 5
10 19 -2
10 20 5
10 21 2
10 22 -3
10 23 8
10 25 6
10 26 5
10 27 2
10 30 2
10 31 6
10 33 -6
10 36 -4
10 38 2
10 40 -8
10 41 7
10 43 7
10 47 -5
10 48 -8
11 13 -6
11 14 3
11 15 -2
11 16 4
11 17 6
11 19 -7
11 24 -4
11 26 -6
11 31 -7
11 33 6
11 37 -7
11 48 -6
11 59 5
12 13 3
12 15 7
12 16 -7
12 17 -8
12 19 6
12 25 2
12 26 -3
12 28 -6
12 33 -4
12 35 6
12 38 -7
12 40 -6
12 41 8
12 42 -3
13 14 -2
13 15 -6
13 16 3
13 17 -6
13 18 3
13 19 -6
13 20 -8
13 21 2
13 22 -7
13 24 -5
13 25 -2
13 26 -4
13 28 -5
13 29 -7
13 30 -2
13 32 -5
13 34 -7
13 37 2
13 39 2
13 42 6
13 43 7
13 44 5
13 45 -8
13 48 2
13 49 3
13 50 3
13 53 -5
13 56 6
13 57 -5
13 58 -5
14 15 8
14 16 4
14 17 -4
14 18 -6
14 19 2
14 20 5
14 21 8
14 23 -2
14 25 -6
14 26 -6
14 30 3
14 32 5
14 33 -5
14 35 7
14 38 5
14 42 -6
14 45 2
14 48 7
15 16 -7
15 17 7
15 18 2
15 19 -5
15 20 -5
15 21 2
15 22 -5
15 23 4
15 24 4
15 25 6
15 26 2
15 27 -8
15 31 -3
15 32 6
15 33 5
15 35 -4
15 39 -8
15 42 7
15 43 -8
15 45 2
15 47 -2
15 50 -7
15 52 -6
15 53 4
15 54 3
15 56 5
15 59 7
16 17 7
16 20 8
16 21 2
16 22 8
16 24 6
16 29 4
16 31 -3
16 32 2
16 33 -7
16 34 4
16 37 7
16 46 4
16 49 -5
16 53 -5
16 57 8
16 58 -4
17 18 -5
17 20 -2
17 23 -4
17 24 3
17 25 3
17 26 3
17 27 7
17 29 4
17 32 2
17 33 4
17 34 3
17 46 -2
17 49 -6
17 51 -5
17 53 -6
17 55 -4
18 19 5
18 20 -6
18 26 -5
18 27 5
18 28 6
18 29 4
18 34 6
18 36 -3
18 37 -5
18 38 -3
18 39 5
18 44 4
18 45 5
18 46 -7
18 49 -8
18 51 5
18 52 7
18 54 6
18 57 6
19 20 7
19 21 5
19 22 -5
19 23 -4
19 24 -6
19 25 -4
19 27 8
19 28 8
19 29 -7
19 30 3
19 31 7
19 34 5
19 37 5
19 38 -4
19 39 5
19 40 4
19 41 2
19 42 3
19 45 2
19 46 2
19 47 -7
19 49 -7
19 55 -7
19 59 -4
20 21 4
20 22 6
20 25 3
20 27 -2
20 28 -2
20 29 7
20 30 -6
20 34 -7
20 36 -2
20 41 3
20 44 -8
20 45 6
20 46 6
20 52 -4
20 53 -8
20 54 -7
20 57 -3
21 22 2
21 23 -2
21 26 -5
21 28 -8
21 29 -8
21 30 8
21 31 2
21 32 6
21 33 -5
21 36 -3
21 40 3
21 42 -8
21 43 5
21 44 3
21 45 -3
21 50 3
21 55 2
22 23 -2
22 24 -2
22 25 4
22 30 3
22 31 4
22 34 7
22 40 4
22 44 -5
22 45 -4
22 48 5
22 50 6
22 56 -4
22 59 6
23 25 2
23 26 4
23 33 7
23 36 -7
23 37 3
23 39 -8
23 40 8
23 41 3
23 47 5
23 51 -2
23 52 -2
23 56 -3
24 28 4
24 31 -2
24 32 -4
24 37 5
24 46 6
24 49 -6
24 51 4
24 52 -7
24 58 8
24 59 3
25 28 -4
25 29 8
25 38 5
25 44 3
25 46 -7
25 47 -4
25 51 3
25 52 8
25 54 -6
25 55 -2
25 56 8
25 58 -5
25 59 -6
26 27 2
26 28 -4
26 29 -6
26 31 -4
26 35 -5
26 36 -6
26 43 3
26 47 7
27 30 -8
27 34 -3
27 35 -5
27 42 5
27 46 6
27 48 2
27 50 -7
27 52 5
27 57 -2
27 58 8
28 30 8
28 32 -7
28 35 -2
28 55 5
28 56 3
29 31 -2
29 33 -4
29 35 6
29 36 4
29 37 2
29 39 6
29 40 6
29 41 -8
29 43 -5
29 44 -4
29 48 5
29 51 7
29 52 7
30 41 -4
30 43 2
30 47 7
30 54 -2
30 55 -3
31 34 5
31 40 6
31 42 3
31 47 5
31 49 -3
31 50 4
31 54 -7
31 56 -6
31 57 -4
32 34 4
32 37 -6
32 41 6
32 44 -6
32 49 7
32 50 2
32 51 3
32 54 2
33 36 7
33 39 -6
33 44 -2
33 48 4
33 53 -8
33 57 3
34 35 -3
34 36 8
34 40 6
34 41 8
34 44 -6
34 48 -6
35 38 7
35 40 6
35 43 4
35 47 -4
35 49 -2
35 50 -6
35 51 -5
35 54 8
35 56 -6
36 40 4
36 41 -5
36 46 -2
36 51 6
36 53 2
36 55 -2
36 57 -7
36 59 5
37 38 -7
37 52 -4
37 54 -6
38 40 -6
38 42 6
38 43 -4
38 50 2
38 51 2
38 57 -6
39 44 7
39 49 8
39 58 4
40 41 -3
40 42 -4
40 46 -8
40 47 5
40 48 -7
40 56 6
40 57 -8
41 45 -4
41 50 2
41 53 -2
41 54 -3
41 56 2
42 49 5
42 52 3
43 58 -8
45 53 5
45 58 -6
46 47 -5
46 51 -3
46 55 -4
47 56 -5
47 57 6
48 53 2
50 55 -8
51 57 2
52 59 8
53 59 3
54 59 8
55 59 8
57 58 3
-1
-1060
