ba_60_4_64
60
-45
38
-53
-23
53
-24
-63
-29
-46
-4
-32
35
-45
-55
-37
25
11
37
-13
43
-22
28
-18
49
48
64
-22
-4
-29
-45
6
-20
39
48
17
9
9
-59
-10
-55
-4
44
51
-58
6
54
43
-53
36
-9
-30
33
55
30
-54
-29
44
-28
52
-45
0 1 6
0 2 -41
0 3 50
0 4 -53
0 5 62
0 6 -53
0 7 -46
0 8 41
0 10 -43
0 11 -61
0 13 -17
0 14 63
0 20 53
0 21 -30
0 23 57
0 26 -7
0 27 16
0 28 -8
0 32 -58
0 33 -51
0 34 -46
0 35 56
0 38 13
0 45 -22
0 50 -29
0 57 44
1 5 28
1 7 -32
1 12 5
1 14 64
1 17 21
1 19 14
1 27 26
1 30 37
1 49 7
1 52 40
1 53 -35
2 5 -34
2 6 7
2 9 31
2 10 64
2 13 30
2 15 56
2 19 9
2 21 -12
2 39 -28
2 44 5
2 49 58
3 5 55
3 6 -8
3 7 -61
3 8 -45
3 9 42
3 12 20
3 16 -39
3 17 -64
3 18 55
3 20 41
3 22 63
3 28 11
3 31 -49
3 35 -14
3 36 -21
3 46 56
3 57 -57
4 11 -15
4 25 56
4 29 -26
5 6 3
5 7 -3
5 8 -8
5 11 -10
5 12 -48
5 13 -4
5 14 -6
5 16 -48
5 19 -37
5 20 -60
5 21 31
5 22 -31
5 26 -60
5 29 -43
5 32 -39
5 33 -50
5 34 -44
5 40 -38
5 43 -24
5 44 -17
5 46 54
5 47 47
5 55 23
6 8 -12
6 20 -35
6 27 -35
6 36 21
6 41 6
6 45 63
7 9 -24
7 10 26
7 12 43
7 23 52
7 25 36
7 33 64
7 36 46
7 42 -6
7 43 -11
7 50 -40
7 56 -27
7 59 -50
8 9 -29
8 10 -8
8 11 -7
8 15 -17
8 16 -37
8 17 -7
8 18 19
8 23 16
8 24 -49
8 30 -26
8 37 55
8 38 -48
8 48 -62
8 49 44
8 50 -10
8 52 -48
9 22 8
9 26 54
9 34 40
9 38 -14
9 42 12
9 58 -62
10 16 -38
10 22 37
10 29 34
10 41 -58
10 54 30
11 13 55
11 14 -11
11 15 -37
11 17 -23
11 19 64
11 42 -27
11 59 -57
12 27 -35
12 49 16
13 21 9
13 31 41
14 15 -43
14 18 50
14 24 -64
14 37 -25
14 41 43
14 45 48
14 54 -5
14 58 49
15 18 38
15 25 -29
15 28 -42
15 47 -33
15 48 -23
16 23 28
16 40 6
16 53 26
16 55 17
17 36 64
18 25 10
18 29 57
18 32 -16
18 35 2
18 46 15
18 53 4
19 26 56
19 28 -62
19 31 62
19 51 29
19 54 36
20 24 47
20 40 18
21 33 48
21 39 -40
22 24 -21
22 45 47
22 58 -20
23 43 26
23 44 -37
23 56 -62
24 41 -49
24 47 -64
25 30 6
25 55 -20
25 57 8
26 30 39
26 31 -5
26 43 -7
26 46 -25
27 37 -61
28 32 44
28 34 51
28 39 -45
28 40 -20
28 44 -39
28 52 41
29 37 -49
29 39 -60
29 51 -37
29 54 44
31 50 14
31 51 13
34 35 42
36 38 22
36 56 -17
39 53 -57
40 42 -29
41 48 7
41 51 52
41 59 -31
42 47 58
42 59 32
45 48 4
46 55 48
50 57 -23
51 52 -9
52 56 56
57 58 -19
-1
-4777
