ba_60_12_16
60
7
9
-9
16
-11
10
-9
7
-12
-7
-3
9
7
7
-13
-10
15
-15
15
-11
3
12
-13
-13
3
2
-11
16
-16
14
2
-5
-8
-8
-4
2
4
-6
6
-12
15
-6
-10
2
-2
-14
-14
-11
-7
8
2
15
15
4
-4
14
9
-9
-4
-3
0 1 -11
0 2 11
0 3 -5
0 4 15
0 5 -5
0 6 12
0 7 8
0 8 5
0 9 -6
0 10 -11
0 11 4
0 12 -10
0 13 -6
0 14 4
0 15 4
0 16 -8
0 17 -5
0 18 -16
0 19 -13
0 21 14
0 23 -16
0 26 10
0 28 -15
0 29 12
0 32 -3
0 34 3
0 37 12
0 38 -10
0 39 -7
0 43 13
0 45 3
0 47 10
0 49 13
0 52 14
0 53 -3
0 54 10
0 55 3
0 58 6
0 59 -14
1 13 12
1 14 6
1 17 -10
1 18 5
1 23 9
1 25 6
1 27 -11
1 33 -15
1 34 5
1 35 15
1 39 -6
1 42 -8
1 44 -2
1 50 -8
2 13 -16
2 14 -9
2 15 -14
2 16 11
2 17 8
2 19 16
2 20 -10
2 24 -11
2 27 10
2 32 -14
2 38 14
2 39 -5
3 13 14
3 14 -6
3 15 14
3 17 -13
3 18 -3
3 19 10
3 20 -8
3 22 -10
3 32 -9
3 35 -14
3 37 -5
3 41 -16
3 55 -2
4 14 -13
4 16 5
4 18 8
4 20 -14
4 22 3
4 24 3
4 30 12
4 36 -10
4 39 -8
5 13 -11
5 14 2
5 15 -11
5 16 -13
5 17 -15
5 18 -14
5 22 14
5 23 6
5 24 15
5 26 8
5 27 7
5 29 -7
5 31 -13
5 37 4
5 38 -4
5 45 6
5 52 -12
5 56 -16
6 13 12
6 14 -5
6 15 13
6 16 -9
6 17 13
6 18 -4
6 19 -6
6 21 5
6 23 2
6 24 5
6 25 8
6 30 10
6 35 -16
6 36 -16
6 46 10
6 48 -9
6 53 -2
6 58 7
7 13 7
7 14 11
7 19 16
7 20 -2
7 21 5
7 22 16
7 23 -4
7 27 16
7 29 4
7 30 -16
7 31 -12
7 32 13
7 33 -6
7 35 -7
7 39 -13
7 42 10
7 43 15
7 45 -10
7 50 3
7 51 4
7 54 -4
8 13 -11
8 14 9
8 15 13
8 16 9
8 18 -4
8 21 6
8 22 -7
8 24 2
8 28 2
8 36 11
8 38 -2
8 43 15
8 46 10
8 48 4
8 55 9
8 58 -12
9 13 -10
9 15 15
9 16 -14
9 21 -9
9 27 -14
9 28 7
10 13 3
10 14 15
10 15 3
10 18 4
10 19 -9
10 20 8
10 21 6
10 22 12
10 23 15
10 25 8
10 26 14
10 27 16
10 30 16
10 31 4
10 33 3
10 36 -3
10 38 -16
10 40 8
10 41 6
10 43 6
10 47 15
10 48 10
11 13 -2
11 14 -6
11 15 13
11 16 -13
11 17 11
11 19 -6
11 24 10
11 26 10
11 31 -15
11 33 -16
11 37 -11
11 48 -8
11 59 11
12 13 5
12 15 -6
12 16 -15
12 17 9
12 19 -14
12 25 -6
12 26 7
12 28 2
12 33 -3
12 35 -11
12 38 -12
12 40 -11
12 41 -16
12 42 -2
13 14 12
13 15 5
13 16 -7
13 17 8
13 18 2
13 19 13
13 20 4
13 21 -7
13 22 7
13 24 -14
13 25 -11
13 26 10
13 28 -16
13 29 -9
13 30 -9
13 32 -6
13 34 3
13 37 -15
13 39 -16
13 42 2
13 43 7
13 44 12
13 45 -13
13 48 10
13 49 3
13 50 -9
13 53 -7
13 56 -4
13 57 -11
13 58 -13
14 15 13
14 16 -3
14 17 4
14 18 11
14 19 -2
14 20 14
14 21 7
14 23 6
14 25 -11
14 26 -9
14 30 -15
14 32 -2
14 33 -13
14 35 -16
14 38 -15
14 42 -16
14 45 16
14 48 5
15 16 -10
15 17 12
15 18 -15
15 19 -9
15 20 4
15 21 -5
15 22 7
15 23 16
15 24 -4
15 25 -9
15 26 16
15 27 7
15 31 -10
15 32 -6
15 33 15
15 35 7
15 39 -8
15 42 -4
15 43 -10
15 45 -7
15 47 -12
15 50 -16
15 52 9
15 53 3
15 54 -12
15 56 -9
15 59 9
16 17 -5
16 20 10
16 21 5
16 22 9
16 24 -2
16 29 5
16 31 -3
16 32 -7
16 33 -9
16 34 16
16 37 15
16 46 -12
16 49 4
16 53 10
16 57 4
16 58 -13
17 18 -8
17 20 -13
17 23 -14
17 24 -2
17 25 12
17 26 2
17 27 10
17 29 -4
17 32 -2
17 33 4
17 34 2
17 46 13
17 49 14
17 51 16
17 53 -7
17 55 11
18 19 -2
18 20 8
18 26 -3
18 27 8
18 28 -4
18 29 -6
18 34 -7
18 36 4
18 37 11
18 38 -9
18 39 -3
18 44 -11
18 45 11
18 46 -10
18 49 12
18 51 -11
18 52 -12
18 54 -16
18 57 -10
19 20 -8
19 21 -14
19 22 16
19 23 -7
19 24 7
19 25 -5
19 27 14
19 28 2
19 29 -4
19 30 -12
19 31 -9
19 34 -9
19 37 -11
19 38 7
19 39 -11
19 40 -11
19 41 -9
19 42 3
19 45 -2
19 46 11
19 47 -6
19 49 -3
19 55 14
19 59 13
20 21 -14
20 22 -13
20 25 -7
20 27 -5
20 28 -7
20 29 12
20 30 -14
20 34 -15
20 36 -13
20 41 -4
20 44 3
20 45 11
20 46 13
20 52 10
20 53 7
20 54 6
20 57 13
21 22 3
21 23 -3
21 26 -8
21 28 -11
21 29 16
21 30 15
21 31 -16
21 32 9
21 33 -4
21 36 14
21 40 11
21 42 -12
21 43 -16
21 44 -8
21 45 9
21 50 -14
21 55 -5
22 23 -3
22 24 8
22 25 -16
22 30 -5
22 31 2
22 34 12
22 40 13
22 44 -10
22 45 5
22 48 3
22 50 6
22 56 -5
22 59 -13
23 25 -16
23 26 -2
23 33 5
23 36 4
23 37 8
23 39 11
23 40 -11
23 41 -2
23 47 12
23 51 -12
23 52 12
23 56 -4
24 28 8
24 31 7
24 32 6
24 37 6
24 46 13
24 49 9
24 51 4
24 52 -3
24 58 9
24 59 -6
25 28 12
25 29 15
25 38 2
25 44 11
25 46 -13
25 47 -6
25 51 -15
25 52 -7
25 54 13
25 55 11
25 56 14
25 58 -6
25 59 8
26 27 10
26 28 -9
26 29 16
26 31 11
26 35 6
26 36 -13
26 43 -16
26 47 -5
27 30 -4
27 34 13
27 35 -4
27 42 4
27 46 -15
27 48 7
27 50 -11
27 52 -11
27 57 -13
27 58 -7
28 30 -6
28 32 -10
28 35 -10
28 55 10
28 56 13
29 31 7
29 33 -13
29 35 3
29 36 -5
29 37 11
29 39 12
29 40 -15
29 41 -13
29 43 -7
29 44 4
29 48 15
29 51 -9
29 52 7
30 41 12
30 43 16
30 47 -10
30 54 9
30 55 -11
31 34 -13
31 40 7
31 42 6
31 47 16
31 49 -15
31 50 -6
31 54 6
31 56 -9
31 57 8
32 34 -3
32 37 16
32 41 10
32 44 8
32 49 -15
32 50 10
32 51 7
32 54 -2
33 36 -13
33 39 -13
33 44 -4
33 48 12
33 53 11
33 57 -14
34 35 -8
34 36 15
34 40 6
34 41 12
34 44 -10
34 48 6
35 38 -10
35 40 -2
35 43 -15
35 47 12
35 49 13
35 50 -4
35 51 -7
35 54 -13
35 56 10
36 40 2
36 41 11
36 46 -14
36 51 -9
36 53 -15
36 55 -16
36 57 13
36 59 -13
37 38 -2
37 52 -3
37 54 11
38 40 -14
38 42 14
38 43 7
38 50 -12
38 51 3
38 57 2
39 44 13
39 49 -2
39 58 15
40 41 7
40 42 -2
40 46 15
40 47 8
40 48 -16
40 56 15
40 57 -16
41 45 -10
41 50 4
41 53 10
41 54 -11
41 56 -10
42 49 6
42 52 -8
43 58 5
45 53 -4
45 58 10
46 47 5
46 51 -16
46 55 -11
47 56 8
47 57 4
48 53 16
50 55 -5
51 57 -2
52 59 -5
53 59 -7
54 59 -4
55 59 8
57 58 15
-1
-1940
