ba_80_12_8
80
-5
8
-5
-4
-2
-5
-8
-3
-6
-7
-6
7
4
-5
-2
4
-5
2
2
-4
-5
-8
-5
6
7
4
3
7
-8
-8
-6
6
3
-6
4
5
4
-2
5
-2
-7
-5
5
-7
2
-6
6
3
6
-7
-7
-3
6
-8
-5
-8
-5
7
8
4
-6
-2
6
-4
-7
-3
-5
6
-3
-2
-8
-7
-5
-5
-6
-2
-3
-4
-6
-6
0 1 -4
0 2 -8
0 3 -2
0 4 3
0 5 4
0 6 3
0 7 -4
0 8 7
0 9 7
0 10 -6
0 11 6
0 12 7
0 13 4
0 14 5
0 15 -8
0 16 7
0 17 -3
0 18 -3
0 19 -2
0 21 -6
0 23 5
0 26 8
0 28 3
0 29 6
0 32 4
0 34 4
0 37 8
0 38 8
0 39 -7
0 43 2
0 45 -8
0 47 6
0 49 4
0 52 -6
0 53 -5
0 54 4
0 55 -3
0 58 -4
0 59 -5
0 60 -7
0 61 -3
0 69 6
0 70 4
0 73 -8
0 74 -5
1 13 -4
1 14 -2
1 17 -3
1 18 3
1 23 8
1 25 7
1 27 7
1 33 7
1 34 -8
1 35 2
1 39 -8
1 42 2
1 44 2
1 50 -4
1 65 -5
1 70 -5
2 13 4
2 14 8
2 15 -8
2 16 4
2 17 -6
2 19 -2
2 20 2
2 24 -3
2 27 -4
2 32 -6
2 38 -8
2 39 -2
2 71 -2
2 77 7
2 79 6
3 13 -2
3 14 -8
3 15 7
3 17 -6
3 18 -4
3 19 -8
3 20 4
3 22 4
3 32 8
3 35 2
3 37 5
3 41 -3
3 55 -7
3 63 -8
3 64 3
3 71 -4
4 14 6
4 16 8
4 18 7
4 20 2
4 22 -7
4 24 7
4 30 -7
4 36 -8
4 39 4
5 13 7
5 14 -6
5 15 2
5 16 -2
5 17 -8
5 18 7
5 22 3
5 23 -5
5 24 -6
5 26 -2
5 27 -2
5 29 -4
5 31 -2
5 37 2
5 38 -2
5 45 -7
5 52 5
5 56 -4
5 62 3
5 63 3
5 65 -3
5 75 2
5 76 -2
5 78 5
5 79 -6
6 13 6
6 14 -5
6 15 5
6 16 -7
6 17 2
6 18 7
6 19 -8
6 21 -5
6 23 2
6 24 -7
6 25 6
6 30 6
6 35 3
6 36 -3
6 46 -7
6 48 -5
6 53 -7
6 58 -6
6 66 8
6 67 -3
6 79 5
7 13 -5
7 14 -7
7 19 -7
7 20 -5
7 21 6
7 22 8
7 23 -2
7 27 4
7 29 -7
7 30 3
7 31 3
7 32 -6
7 33 3
7 35 2
7 39 7
7 42 -5
7 43 4
7 45 2
7 50 7
7 51 -6
7 54 -7
7 64 8
7 67 7
7 72 -4
7 73 5
7 76 -6
8 13 2
8 14 -8
8 15 -2
8 16 8
8 18 -3
8 21 2
8 22 -7
8 24 8
8 28 7
8 36 -7
8 38 -4
8 43 7
8 46 -5
8 48 -2
8 55 -7
8 58 6
8 60 2
8 61 6
8 64 4
8 70 6
8 78 -7
9 13 2
9 15 6
9 16 -8
9 21 -5
9 27 -3
9 28 -4
9 63 7
9 64 -7
9 70 -4
10 13 3
10 14 6
10 15 2
10 18 -8
10 19 -2
10 20 3
10 21 8
10 22 -6
10 23 3
10 25 6
10 26 -6
10 27 5
10 30 7
10 31 4
10 33 5
10 36 6
10 38 -2
10 40 3
10 41 5
10 43 -7
10 47 6
10 48 7
10 62 -5
10 72 -5
10 78 -2
10 79 -8
11 13 -4
11 14 -2
11 15 -5
11 16 2
11 17 -8
11 19 -4
11 24 -2
11 26 3
11 31 -5
11 33 -4
11 37 5
11 48 -8
11 59 4
11 61 3
11 71 -4
12 13 -4
12 15 -2
12 16 -8
12 17 -6
12 19 3
12 25 2
12 26 6
12 28 5
12 33 -5
12 35 -8
12 38 -3
12 40 7
12 41 5
12 42 -7
12 66 3
12 76 -3
13 14 4
13 15 -5
13 16 -3
13 17 3
13 18 4
13 19 3
13 20 4
13 21 2
13 22 -2
13 24 7
13 25 -7
13 26 -5
13 28 -2
13 29 -2
13 30 -7
13 32 -5
13 34 -8
13 37 -4
13 39 3
13 42 8
13 43 2
13 44 -4
13 45 -2
13 48 7
13 49 3
13 50 8
13 53 7
13 56 -7
13 57 -7
13 58 -4
13 60 3
13 64 -5
13 65 -7
13 69 6
13 70 5
13 72 -6
13 73 7
13 77 -7
13 78 7
14 15 -4
14 16 -8
14 17 -7
14 18 3
14 19 3
14 20 -7
14 21 7
14 23 3
14 25 -5
14 26 -7
14 30 -4
14 32 -5
14 33 3
14 35 -3
14 38 -6
14 42 -8
14 45 -3
14 48 6
14 63 7
14 66 2
14 68 -3
14 69 8
14 70 -6
14 77 4
15 16 2
15 17 -2
15 18 2
15 19 -5
15 20 -4
15 21 8
15 22 7
15 23 5
15 24 -5
15 25 3
15 26 -8
15 27 -7
15 31 2
15 32 -6
15 33 -7
15 35 -7
15 39 -3
15 42 8
15 43 -2
15 45 -2
15 47 -6
15 50 -2
15 52 6
15 53 -2
15 54 -5
15 56 5
15 59 -3
15 64 -2
15 68 5
15 77 -5
16 17 4
16 20 5
16 21 -2
16 22 6
16 24 -8
16 29 -8
16 31 -8
16 32 -2
16 33 -2
16 34 -3
16 37 -4
16 46 3
16 49 -5
16 53 6
16 57 3
16 58 -7
16 63 7
16 64 -6
16 70 -6
16 73 -6
16 74 -5
17 18 -3
17 20 5
17 23 -5
17 24 8
17 25 -2
17 26 6
17 27 4
17 29 -5
17 32 4
17 33 3
17 34 -3
17 46 -5
17 49 3
17 51 3
17 53 6
17 55 -3
17 62 6
17 64 -5
17 69 4
17 72 8
17 73 2
17 76 -5
18 19 4
18 20 -2
18 26 -4
18 27 7
18 28 3
18 29 -8
18 34 -4
18 36 -8
18 37 -4
18 38 -6
18 39 -2
18 44 -4
18 45 -3
18 46 5
18 49 -8
18 51 -5
18 52 6
18 54 -3
18 57 6
18 60 4
18 62 -8
18 64 -7
18 65 5
18 66 8
18 70 -2
18 74 -5
18 77 -4
19 20 -8
19 21 -4
19 22 -7
19 23 -5
19 24 -4
19 25 2
19 27 -2
19 28 8
19 29 3
19 30 3
19 31 4
19 34 8
19 37 2
19 38 8
19 39 4
19 40 7
19 41 3
19 42 -5
19 45 -8
19 46 -6
19 47 -7
19 49 2
19 55 7
19 59 -5
19 60 5
19 64 -7
19 67 4
19 70 2
19 72 2
19 75 5
19 77 7
19 78 -7
19 79 8
20 21 7
20 22 -5
20 25 -4
20 27 7
20 28 4
20 29 -8
20 30 -2
20 34 3
20 36 -8
20 41 -5
20 44 2
20 45 5
20 46 -6
20 52 -2
20 53 -3
20 54 7
20 57 2
20 68 8
20 69 -2
20 76 -8
21 22 8
21 23 2
21 26 4
21 28 5
21 29 -7
21 30 4
21 31 -5
21 32 -8
21 33 -5
21 36 6
21 40 -5
21 42 -4
21 43 -7
21 44 2
21 45 -2
21 50 -6
21 55 5
21 62 8
21 67 -5
21 71 -3
22 23 2
22 24 8
22 25 5
22 30 4
22 31 -3
22 34 2
22 40 4
22 44 -4
22 45 2
22 48 -3
22 50 -3
22 56 5
22 59 -5
22 63 -2
22 76 4
23 25 -5
23 26 -7
23 33 -6
23 36 -2
23 37 5
23 39 2
23 40 5
23 41 -4
23 47 -5
23 51 -2
23 52 -2
23 56 2
23 61 -3
23 67 3
23 68 7
23 69 8
23 71 8
23 76 2
24 28 2
24 31 6
24 32 7
24 37 3
24 46 3
24 49 8
24 51 3
24 52 4
24 58 -6
24 59 -5
24 67 3
24 75 6
25 28 2
25 29 8
25 38 5
25 44 6
25 46 4
25 47 3
25 51 -6
25 52 6
25 54 5
25 55 4
25 56 8
25 58 -7
25 59 -2
26 27 2
26 28 7
26 29 -5
26 31 3
26 35 -5
26 36 5
26 43 -7
26 47 -5
26 65 -6
26 66 2
26 68 3
26 69 7
26 72 -7
26 75 -5
27 30 -7
27 34 -4
27 35 -8
27 42 4
27 46 7
27 48 3
27 50 2
27 52 -3
27 57 -7
27 58 6
27 63 8
27 68 8
27 70 2
27 78 -4
28 30 -2
28 32 4
28 35 -6
28 55 -8
28 56 -5
28 65 -3
28 66 -5
28 67 4
28 72 6
28 74 -6
29 31 -5
29 33 4
29 35 6
29 36 -2
29 37 -6
29 39 3
29 40 3
29 41 -5
29 43 -4
29 44 -8
29 48 8
29 51 5
29 52 -3
29 61 -3
29 62 2
29 66 6
29 71 -7
29 76 2
29 77 4
29 79 -8
30 41 -6
30 43 3
30 47 2
30 54 5
30 55 5
30 60 -7
30 62 6
30 65 7
31 34 -8
31 40 -4
31 42 3
31 47 -5
31 49 -2
31 50 -6
31 54 4
31 56 -4
31 57 7
31 61 -5
31 67 -4
31 75 2
31 79 -2
32 34 4
32 37 -4
32 41 -5
32 44 3
32 49 4
32 50 2
32 51 3
32 54 -2
32 65 5
32 68 5
32 75 5
32 76 7
33 36 -3
33 39 8
33 44 4
33 48 5
33 53 -7
33 57 6
33 60 -5
34 35 5
34 36 -7
34 40 7
34 41 2
34 44 -6
34 48 5
34 61 -2
34 65 -6
34 73 4
35 38 4
35 40 8
35 43 5
35 47 8
35 49 -3
35 50 -4
35 51 6
35 54 -4
35 56 8
35 66 -2
35 68 2
35 73 -4
35 74 2
35 75 -8
35 78 3
36 40 -8
36 41 -5
36 46 -2
36 51 -3
36 53 7
36 55 -6
36 57 -3
36 59 -3
36 60 5
36 65 -2
36 75 -7
36 76 6
36 78 8
36 79 7
37 38 -5
37 52 2
37 54 5
37 60 5
37 62 7
37 65 2
37 66 -2
37 69 -7
37 74 6
37 78 8
37 79 -8
38 40 -4
38 42 4
38 43 8
38 50 -8
38 51 4
38 57 -5
38 75 7
38 77 -4
39 44 -2
39 49 -4
39 58 7
39 61 6
39 63 -7
39 69 8
39 76 -8
40 41 -7
40 42 2
40 46 -2
40 47 6
40 48 6
40 56 8
40 57 -7
40 66 -2
40 72 2
41 45 -7
41 50 2
41 53 5
41 54 -8
41 56 -6
41 62 -2
41 77 4
42 49 -8
42 52 2
42 76 2
42 77 7
43 58 3
43 74 6
43 79 -7
45 53 2
45 58 5
46 47 -2
46 51 8
46 55 6
46 69 8
46 71 5
47 56 5
47 57 -6
47 60 3
48 53 6
48 62 8
48 63 -2
48 73 -6
48 75 -7
49 61 -8
49 62 -3
49 66 -4
49 68 -7
50 55 3
50 70 -2
50 72 -7
50 73 4
51 57 3
51 61 -5
51 71 7
52 59 -8
52 61 -7
52 67 -8
53 59 8
53 63 -6
53 65 5
53 74 2
54 59 -2
54 61 3
54 64 2
54 68 -5
54 71 2
54 73 7
55 59 2
55 60 -5
55 62 -7
55 72 8
55 73 -6
55 79 -3
56 60 -4
56 64 -3
57 58 7
58 72 -8
58 74 6
59 68 -2
59 77 4
60 63 -5
60 67 -5
60 71 -4
61 77 -6
61 78 3
61 79 -2
62 63 3
62 68 5
62 71 6
64 67 2
64 69 6
64 71 5
64 78 6
65 66 -4
65 74 -7
66 67 3
66 78 5
67 69 4
68 70 5
69 72 -4
69 75 -6
70 74 -8
71 73 6
73 74 -7
73 75 -2
-1
-1460
