ba_80_4_64
80
21
10
-32
-64
40
-18
8
-2
27
63
26
24
64
-32
54
3
47
46
-15
-61
46
-62
-2
-56
30
-14
21
-4
-15
7
32
25
-22
-17
27
43
26
-39
-24
24
-22
-53
-62
-5
64
-20
55
-43
56
17
-31
18
56
3
62
36
35
29
12
21
-21
22
-62
3
-14
13
57
-43
32
60
-50
-37
17
-61
13
-46
-48
7
-43
-52
0 1 28
0 2 36
0 3 -9
0 4 13
0 5 51
0 6 -37
0 7 -11
0 8 -56
0 10 30
0 11 -51
0 13 -64
0 14 64
0 20 45
0 21 -32
0 23 -57
0 26 -26
0 27 -25
0 28 -9
0 32 -8
0 33 -60
0 34 54
0 35 -33
0 38 17
0 45 26
0 50 -30
0 57 -38
0 60 45
0 62 17
0 65 12
0 66 -14
0 73 -32
1 5 -62
1 7 -11
1 12 29
1 14 47
1 17 -27
1 19 -24
1 27 -8
1 30 -43
1 49 -45
1 52 2
1 53 2
2 5 37
2 6 13
2 9 -14
2 10 -8
2 13 11
2 15 3
2 19 -23
2 21 6
2 39 13
2 44 -17
2 49 56
2 62 57
2 65 -44
3 5 9
3 6 63
3 7 59
3 8 -9
3 9 2
3 12 13
3 16 33
3 17 38
3 18 -23
3 20 -11
3 22 -18
3 28 -45
3 31 15
3 35 -7
3 36 26
3 46 -36
3 57 53
3 71 -56
3 74 -56
3 76 -14
3 77 -42
4 11 -54
4 25 7
4 29 28
5 6 -46
5 7 17
5 8 25
5 11 19
5 12 -10
5 13 -57
5 14 14
5 16 35
5 19 -43
5 20 55
5 21 -56
5 22 34
5 26 -58
5 29 26
5 32 25
5 33 50
5 34 -39
5 40 53
5 43 -63
5 44 -50
5 46 -10
5 47 27
5 55 -17
5 60 -31
5 69 -24
5 70 -4
5 74 -39
5 78 -42
6 8 -3
6 20 45
6 27 -20
6 36 55
6 41 28
6 45 -18
6 64 -7
7 9 51
7 10 -17
7 12 16
7 23 -19
7 25 49
7 33 -39
7 36 -17
7 42 55
7 43 27
7 50 15
7 56 6
7 59 60
7 66 -43
8 9 -14
8 10 50
8 11 48
8 15 37
8 16 18
8 17 -36
8 18 50
8 23 -31
8 24 -35
8 30 58
8 37 7
8 38 -56
8 48 14
8 49 18
8 50 27
8 52 48
8 64 23
8 67 17
8 69 55
8 71 64
8 76 -46
9 22 38
9 26 -16
9 34 54
9 38 -27
9 42 -43
9 58 55
10 16 -19
10 22 -60
10 29 -23
10 41 -42
10 54 4
11 13 -20
11 14 -19
11 15 -24
11 17 20
11 19 -46
11 42 -39
11 59 54
12 27 -57
12 49 -43
12 63 -19
12 67 -8
12 77 10
13 21 -58
13 31 36
13 70 -59
13 71 18
13 73 -28
14 15 -27
14 18 20
14 24 -51
14 37 50
14 41 -63
14 45 -24
14 54 18
14 58 6
14 78 15
15 18 -41
15 25 21
15 28 56
15 47 31
15 48 44
15 69 -14
15 75 37
16 23 53
16 40 24
16 53 21
16 55 39
16 68 44
16 79 -44
17 36 14
18 25 -3
18 29 -20
18 32 39
18 35 -52
18 46 -56
18 53 13
18 72 51
19 26 40
19 28 -18
19 31 3
19 51 -38
19 54 51
19 60 -39
19 61 -30
19 67 37
19 72 -54
20 24 -31
20 40 -4
21 33 -41
21 39 14
22 24 -13
22 45 -7
22 58 -11
22 75 -49
23 43 16
23 44 30
23 56 -28
24 41 24
24 47 -26
25 30 -34
25 55 -35
25 57 -44
25 61 -58
25 68 37
25 70 54
25 78 6
26 30 -19
26 31 -45
26 43 7
26 46 -32
26 61 3
26 63 -49
26 76 64
27 37 -9
27 71 53
27 79 -34
28 32 39
28 34 -54
28 39 3
28 40 29
28 44 32
28 52 -44
29 37 15
29 39 -32
29 51 56
29 54 -14
29 76 -30
31 50 9
31 51 63
31 63 -46
34 35 19
34 66 -56
36 38 -32
36 56 -45
38 65 36
38 72 -44
39 53 -7
40 42 20
41 48 50
41 51 53
41 59 64
41 61 -2
41 62 18
41 64 16
41 66 -53
42 47 21
42 59 -29
42 73 49
42 74 -41
42 78 38
43 79 -3
45 48 53
46 55 55
46 62 -29
46 68 21
47 67 -48
49 60 -8
50 57 27
50 70 -35
51 52 -55
52 56 -59
52 63 15
52 69 -45
54 75 -52
55 65 -14
55 79 -5
56 64 -9
57 58 -32
60 73 -20
61 75 -56
63 68 -21
68 72 -6
69 74 47
71 77 16
75 77 10
-1
-6189
