ba_80_8_32
80
-18
8
24
-24
-28
15
-12
-25
-11
-29
-22
-8
17
25
-24
-11
32
-20
-12
10
-6
14
-3
23
-26
-3
-16
-7
23
-4
6
15
-12
14
-25
24
-20
-21
-18
9
10
30
-16
27
-12
21
-11
-19
-13
26
22
29
15
-18
6
-31
-9
-23
4
9
-3
14
11
7
-3
-20
24
-2
22
-9
-18
26
22
-6
-19
6
-5
11
-31
-17
0 1 -26
0 2 -7
0 3 5
0 4 -12
0 5 31
0 6 -3
0 7 14
0 8 -26
0 9 32
0 10 17
0 11 -13
0 12 -21
0 13 -26
0 15 13
0 16 -32
0 17 -24
0 21 -30
0 22 24
0 23 -32
0 25 16
0 26 -31
0 28 -2
0 31 16
0 37 -3
0 45 4
0 48 30
0 50 -3
0 56 -16
0 58 6
0 65 5
0 69 -25
0 70 9
0 71 -13
0 78 -19
1 9 -3
1 10 -10
1 11 -3
1 13 29
1 15 3
1 19 3
1 21 -23
1 22 30
1 23 -6
1 27 -7
1 40 20
1 41 2
1 44 -15
1 49 -31
1 58 14
1 62 20
1 71 -14
1 72 -18
2 9 -30
2 10 -17
2 11 -10
2 13 16
2 17 14
2 18 17
2 24 -14
2 32 27
2 37 15
2 39 29
2 46 -15
2 47 -13
2 53 -3
2 55 -2
2 57 -18
2 60 12
2 67 -11
2 78 32
3 9 17
3 10 -27
3 11 -31
3 12 -17
3 14 -32
3 15 23
3 16 -22
3 28 25
3 31 5
3 41 -19
3 49 13
3 50 -8
3 51 27
3 52 6
3 61 14
3 67 -19
3 78 -26
4 9 -2
4 11 -12
4 14 11
4 30 -12
4 40 20
5 9 12
5 10 21
5 12 21
5 14 -7
5 18 11
5 36 -15
5 56 15
5 61 30
6 9 -13
6 10 19
6 12 31
6 14 30
6 16 11
6 20 -14
6 25 21
6 35 2
6 38 25
6 40 32
6 47 -21
6 51 11
6 61 -17
6 62 -8
7 9 -21
7 11 27
7 13 5
7 17 -2
7 27 -10
7 32 -8
7 38 -22
7 42 -32
7 46 23
7 49 24
7 56 -18
7 62 -23
7 68 -17
7 72 -8
7 73 21
7 75 6
8 10 29
8 12 2
8 13 11
8 14 -11
8 17 3
8 20 25
8 23 -17
8 25 -27
8 26 4
8 30 -31
8 35 -21
8 39 26
8 42 -18
8 43 19
8 47 30
8 58 -20
8 75 -27
9 10 19
9 11 -21
9 12 10
9 13 22
9 14 21
9 15 -8
9 16 -10
9 18 21
9 19 18
9 20 21
9 23 -28
9 24 3
9 25 -26
9 28 18
9 30 -29
9 32 13
9 36 -2
9 42 -10
9 45 -7
9 46 10
9 47 23
9 51 13
9 63 11
9 68 2
9 73 -9
9 76 3
9 77 10
9 78 8
10 11 31
10 12 19
10 13 -25
10 14 -8
10 15 10
10 16 14
10 17 4
10 18 -17
10 19 -23
10 20 2
10 21 -14
10 24 -19
10 25 8
10 27 -8
10 29 -27
10 31 21
10 32 -11
10 33 32
10 34 22
10 36 23
10 37 21
10 38 19
10 41 -30
10 42 13
10 43 31
10 44 13
10 45 30
10 46 -30
10 48 -6
10 49 -4
10 55 -20
10 56 -9
10 57 -32
10 60 8
10 61 -6
10 65 2
10 66 -9
10 71 19
10 74 5
10 76 30
10 77 20
11 12 9
11 13 -31
11 14 25
11 15 -21
11 18 17
11 19 -6
11 24 -2
11 25 -17
11 26 -26
11 28 -21
11 33 -29
11 35 15
11 37 -23
11 41 22
11 43 19
11 44 28
11 47 3
11 48 3
11 52 -4
11 53 -5
11 57 -20
11 60 14
11 67 -3
11 72 -18
12 15 -6
12 16 -4
12 17 15
12 19 6
12 20 -17
12 29 17
12 34 22
12 36 9
12 43 24
12 53 27
12 59 4
12 68 -7
12 71 5
12 77 18
13 15 -31
13 16 -10
13 18 14
13 19 27
13 21 -9
13 22 7
13 23 -29
13 27 -17
13 29 5
13 32 24
13 42 -3
13 52 17
13 53 -10
13 58 -8
13 63 -13
13 67 19
13 68 -23
13 69 31
13 79 29
14 16 -4
14 17 26
14 18 -27
14 20 -31
14 21 15
14 22 -6
14 25 9
14 26 -15
14 29 -14
14 33 -11
14 37 9
14 40 -12
14 43 10
14 45 8
14 52 16
14 58 20
14 59 9
14 69 -32
14 72 -8
14 75 -24
14 79 -18
15 19 -31
15 33 -7
15 44 -19
15 54 31
15 60 28
16 17 -27
16 18 18
16 21 24
16 22 -9
16 23 17
16 26 21
16 29 21
16 33 -16
16 37 27
16 38 -2
16 39 30
16 41 -32
16 46 13
16 50 -12
16 60 -31
16 67 23
16 73 -22
16 74 -2
16 79 -16
17 20 11
17 26 18
17 27 27
17 28 -12
17 29 -18
17 32 15
17 44 -21
17 46 -15
17 53 -11
17 55 -17
17 56 -17
17 57 15
17 65 6
17 66 -14
17 67 20
17 69 -30
17 74 5
17 76 15
18 19 -32
18 20 -22
18 21 11
18 24 16
18 30 22
18 31 11
18 38 -27
18 39 -9
18 40 -25
18 48 10
18 50 -3
18 52 19
18 59 -15
18 64 -16
18 69 -13
18 75 -6
18 77 29
19 22 10
19 23 12
19 25 2
19 26 -7
19 32 -10
19 34 -3
19 35 -18
19 45 -24
19 54 -11
19 62 -30
19 75 11
19 78 -22
20 21 7
20 22 13
20 23 3
20 27 22
20 29 -26
20 30 12
20 31 27
20 34 4
20 35 -24
20 37 32
20 38 -8
20 41 26
20 48 -29
20 50 -11
20 51 24
20 53 -19
20 54 -14
20 55 8
20 57 -11
20 59 -15
20 60 -6
20 61 -23
20 62 -5
20 63 21
20 64 -16
20 68 -27
20 71 -20
20 74 26
20 76 29
21 22 -29
21 24 19
21 27 27
21 30 -25
21 31 23
21 34 -18
21 36 -9
21 41 -22
21 43 -29
21 45 32
21 51 -22
21 52 -29
21 64 -26
21 69 26
21 72 -7
21 79 -9
22 24 4
22 33 -27
22 36 25
22 39 12
22 42 -22
22 51 9
22 55 11
22 63 -28
23 24 -16
23 27 14
23 34 25
23 35 28
23 40 12
23 47 -12
23 48 -10
23 52 -3
23 54 -31
23 61 -7
23 66 -6
23 72 -6
23 73 3
23 74 12
24 26 22
24 28 -23
24 33 -4
24 36 -13
24 38 31
24 39 18
24 42 -14
24 46 21
24 47 -16
24 48 2
24 54 28
24 60 -6
24 64 -13
24 66 -26
25 28 -23
25 43 -29
25 59 10
25 63 12
26 31 -13
26 35 26
26 36 -22
26 38 -32
26 44 4
26 53 4
26 55 -9
26 62 -20
26 64 3
27 28 -5
27 29 -16
27 30 4
27 31 -3
27 34 -22
27 35 3
27 39 -24
27 46 -10
27 48 7
27 50 -8
27 52 4
27 56 19
27 57 -12
27 58 30
27 66 -30
27 67 25
27 71 14
27 77 -31
28 32 21
28 58 -32
28 64 -17
28 70 3
28 73 -24
29 30 -2
29 33 11
29 42 -25
29 50 -11
29 53 10
30 56 -17
31 41 -17
31 51 -12
31 56 25
31 60 -11
31 67 -28
31 75 8
31 76 3
32 34 4
32 37 11
32 49 17
32 66 23
32 72 29
32 77 -16
32 79 -19
33 45 6
33 54 -27
33 57 12
33 74 -10
34 44 6
34 59 -11
34 68 5
35 40 -6
36 66 -22
36 77 -29
37 49 20
37 62 28
37 63 13
37 70 -11
37 73 29
38 39 2
38 40 20
38 44 2
38 63 -7
38 64 11
38 65 -19
40 47 11
40 54 25
40 61 19
40 74 -9
41 43 -20
41 51 -4
41 61 15
41 64 23
42 55 -2
42 70 13
43 45 -14
43 49 26
43 65 3
43 70 -15
44 49 -31
44 50 20
44 59 14
44 65 20
44 72 32
44 74 11
44 78 -25
45 57 -21
46 70 -22
49 55 22
49 59 -19
49 77 -7
50 58 24
50 65 -14
50 66 -2
51 54 -11
51 78 23
52 63 -9
52 69 -24
52 70 -30
52 73 22
54 62 -4
54 71 13
54 79 29
55 76 -22
58 68 -10
58 69 21
59 65 -21
59 70 9
60 71 23
60 75 15
61 73 -24
63 68 -21
65 76 12
66 75 -15
66 79 15
70 79 -23
71 76 26
73 78 -18
-1
-4244
