ba_80_6_8
80
6
2
2
-4
-2
-3
-2
-8
-6
-7
-6
-6
-5
7
3
7
-2
4
-6
-2
-6
-5
2
4
8
3
4
3
-5
4
-2
-4
-6
-7
8
-3
-2
-7
2
3
3
-2
2
-5
4
-3
-4
6
4
-3
5
5
-8
5
8
2
6
-5
-7
4
-7
-6
6
-4
7
7
-6
2
4
-8
-4
7
5
-7
-7
2
5
2
8
-8
0 1 4
0 2 4
0 3 -2
0 4 -3
0 5 -8
0 6 -6
0 7 -2
0 8 -7
0 9 8
0 10 5
0 11 -5
0 12 -3
0 13 2
0 14 5
0 16 -6
0 19 6
0 20 5
0 23 -8
0 25 2
0 29 6
0 31 6
0 34 -4
0 35 -3
0 36 6
0 37 7
0 39 -6
0 43 -4
0 46 5
0 49 -6
0 53 -5
0 55 3
0 56 8
0 57 2
0 64 8
0 79 6
1 7 2
1 8 -7
1 9 -2
1 10 -5
1 12 -8
1 13 4
1 14 -5
1 16 -5
1 24 4
1 28 4
1 33 -2
1 44 -4
1 48 -7
1 59 5
1 63 7
1 64 7
1 68 3
1 72 -7
2 11 8
2 12 5
2 40 -5
2 41 -7
2 59 -8
2 71 8
3 7 2
3 25 -5
3 32 -6
4 7 -3
4 8 6
4 9 2
4 10 -4
4 13 -4
4 14 -3
4 18 -7
4 30 -5
4 32 -7
4 40 -2
4 47 -8
4 48 7
4 75 5
4 79 -4
5 7 8
5 8 5
5 10 -4
5 15 4
5 19 6
5 45 8
5 70 -3
6 7 -3
6 8 -4
6 9 -7
6 10 5
6 12 -7
6 13 6
6 14 5
6 15 3
6 16 6
6 17 7
6 21 5
6 26 -8
6 35 2
6 37 4
6 45 -3
6 46 3
6 48 8
6 52 6
6 56 -5
6 63 4
6 65 -6
6 69 8
6 73 -4
6 74 5
7 8 5
7 9 2
7 11 3
7 12 -8
7 13 4
7 15 6
7 17 -7
7 18 8
7 20 -7
7 21 -4
7 22 3
7 24 -4
7 32 3
7 42 3
7 43 3
7 49 -6
7 64 3
7 73 5
7 75 8
8 9 -7
8 11 8
8 12 -2
8 13 -8
8 15 3
8 17 -5
8 18 4
8 23 8
8 26 2
8 28 -2
8 33 -6
8 40 -7
8 41 -3
8 42 -2
8 47 3
8 48 7
8 49 -8
8 53 -7
8 54 2
8 61 -5
8 62 -4
8 70 -6
8 71 -8
8 73 -4
8 77 3
8 78 -7
8 79 -4
9 10 7
9 11 -8
9 17 -3
9 18 4
9 19 7
9 20 -4
9 24 4
9 25 3
9 27 8
9 28 2
9 29 6
9 42 4
9 46 3
9 47 -2
9 62 -8
9 63 -8
9 66 -7
9 69 8
10 11 -3
10 17 -6
10 19 4
10 21 -5
10 22 -4
10 23 4
10 24 8
10 26 2
10 29 4
10 30 4
10 31 7
10 35 -3
10 39 -6
10 41 -2
10 44 -4
10 45 6
10 49 2
10 50 -8
10 56 6
10 58 -7
10 65 -3
10 67 -4
10 70 6
10 75 7
11 15 -6
11 16 6
11 18 -5
11 20 -3
11 22 6
11 30 7
11 35 5
11 38 -7
11 42 7
11 45 -7
11 47 3
11 53 8
11 60 -4
11 66 -3
11 68 -5
11 71 2
11 77 -4
11 79 5
12 14 -3
12 15 2
12 16 5
12 20 4
12 21 -5
12 22 -8
12 31 -8
12 32 -7
12 38 -8
12 39 4
12 49 -4
12 50 8
12 51 2
12 56 8
12 58 -6
12 62 -6
12 67 5
12 78 7
12 79 6
13 14 -2
13 19 5
13 20 3
13 27 -8
13 28 -2
13 30 5
13 33 7
13 34 -6
13 37 -8
13 42 7
13 49 -4
13 52 3
13 54 -5
13 57 -7
13 64 -8
13 68 3
13 71 -8
14 17 -6
14 27 -3
14 28 -8
14 29 -2
14 52 7
14 55 2
14 58 -3
14 61 8
14 65 7
14 72 3
15 16 5
15 18 -2
15 21 6
15 23 8
15 32 -2
15 37 -2
15 40 3
15 44 -6
15 45 -4
15 53 -5
15 55 6
16 19 -8
16 21 -5
16 23 -4
16 30 3
16 32 2
16 37 -5
17 22 -4
17 24 3
17 29 2
17 35 2
17 36 -8
17 43 -4
17 46 3
17 62 6
17 65 -2
18 31 -3
18 34 -5
18 36 -2
18 38 -7
18 42 8
18 56 -7
18 72 2
18 78 -7
19 25 3
19 26 -6
19 29 6
19 30 6
19 33 -6
19 52 7
19 58 7
19 61 6
19 65 7
19 66 -6
19 73 6
19 74 -5
19 78 4
20 22 4
20 36 -5
20 39 2
20 43 8
20 51 -5
20 54 3
20 64 4
20 69 2
20 72 4
20 75 -8
20 76 -5
20 78 -5
21 44 6
22 23 -8
22 24 8
22 25 8
22 26 5
22 27 7
22 31 3
22 33 -3
22 34 -6
22 38 -2
22 41 2
22 50 4
22 59 6
22 67 5
22 69 6
22 74 -5
22 77 3
23 25 -7
23 26 7
23 27 8
23 31 -4
23 54 -7
23 60 6
24 27 -3
24 36 -4
24 51 -4
24 57 -7
24 64 5
24 77 -7
25 46 7
25 47 8
25 74 -8
26 39 8
26 41 3
26 45 5
26 59 -4
27 28 -4
27 38 8
27 47 5
28 67 8
28 75 6
29 35 -4
29 36 -5
29 44 -5
29 73 8
29 77 7
30 46 2
30 60 -7
30 62 -6
30 73 8
31 33 8
31 40 -5
31 50 -6
31 51 -6
31 53 7
31 59 -3
32 34 -3
32 54 -7
32 58 8
32 67 -5
32 74 -2
32 76 2
33 34 -8
33 37 -3
33 55 -8
34 38 -5
34 40 -5
34 66 -2
36 41 2
36 43 8
36 50 6
36 55 8
36 59 8
36 61 8
36 63 -7
36 66 5
36 68 8
36 72 4
36 75 -3
36 76 4
37 58 5
37 72 3
37 78 8
38 39 -4
38 54 -4
38 60 6
39 52 4
39 56 5
39 65 5
39 66 -6
39 68 3
39 71 -5
39 76 -4
40 44 7
40 48 -2
40 79 -6
41 57 8
41 61 -3
42 43 -6
42 55 7
42 57 3
42 69 8
43 51 -8
43 53 5
44 52 -5
44 57 -7
44 62 -4
45 60 8
46 48 4
46 50 -4
49 51 -5
49 60 6
49 61 -3
50 63 8
51 71 -6
56 63 -5
56 76 -2
58 68 -8
58 74 -8
58 76 -8
61 77 -2
62 70 -7
63 67 3
63 70 5
64 69 -5
65 70 -4
-1
-1044
