ba_80_10_16
80
-10
-16
4
6
4
-4
-6
6
11
-5
-12
12
8
-15
-15
-4
9
-10
-10
-15
-5
16
13
15
-6
12
16
-3
-11
-15
-4
-2
-7
-4
14
-15
-11
13
-10
-4
15
-5
-7
3
4
-12
-11
-15
-12
11
-5
2
14
3
-7
-3
14
-4
-8
10
4
-10
9
-2
-11
4
-3
11
-11
-6
9
3
-9
-4
-13
-2
-7
4
15
12
0 1 -7
0 2 9
0 3 9
0 4 -2
0 5 -12
0 6 5
0 7 -11
0 8 3
0 9 2
0 10 -12
0 11 -14
0 12 5
0 13 4
0 14 -11
0 15 15
0 17 -4
0 18 6
0 20 -9
0 21 -11
0 22 -5
0 24 -9
0 27 -4
0 28 -3
0 32 4
0 33 -3
0 34 -3
0 37 -12
0 38 -10
0 44 -3
0 45 -11
0 50 -13
0 52 -5
0 54 8
0 57 -10
0 63 11
0 67 9
0 69 -11
0 71 -5
0 75 14
1 11 -11
1 12 -16
1 13 10
1 14 6
1 15 11
1 19 12
1 20 5
1 23 4
1 24 -5
1 25 -3
1 26 5
1 29 5
1 33 -13
1 35 -11
1 37 10
1 42 -7
1 53 -4
1 56 16
1 57 -13
1 59 -4
1 66 3
1 68 6
1 72 13
1 79 16
2 11 3
2 13 13
2 14 -14
2 15 -13
2 16 -3
2 17 -7
2 18 -4
2 20 12
2 22 -4
2 27 11
2 31 -15
2 34 8
2 37 16
2 38 8
2 39 16
2 41 -12
2 47 -8
2 56 -7
2 57 7
2 72 -11
2 73 15
3 11 4
3 12 16
3 18 8
3 44 3
3 57 6
3 59 -7
3 60 3
3 73 2
3 74 -6
4 11 -6
4 12 6
4 13 -9
4 14 5
4 17 -3
4 18 -10
4 20 -13
4 23 11
4 26 -15
4 29 16
4 32 16
4 33 -15
4 36 -6
4 39 16
4 40 15
4 44 10
4 45 -12
4 46 3
4 52 11
5 11 9
5 13 8
5 14 8
5 15 -2
5 20 -5
5 21 6
5 23 10
5 29 7
5 32 -8
5 39 -11
5 45 -6
5 48 4
5 61 -13
5 63 -16
5 67 5
6 12 -8
6 16 6
6 18 14
6 36 7
6 41 -7
6 43 -16
6 44 12
6 50 -15
7 11 15
7 12 2
7 13 15
7 15 -11
7 16 -12
7 17 15
7 19 9
7 21 4
7 22 2
7 24 11
7 30 3
7 40 -12
7 49 -14
7 53 10
7 59 14
8 11 -15
8 12 4
8 15 -7
8 16 9
8 17 -16
8 19 -14
8 23 -15
8 28 -5
8 29 -6
8 30 11
8 31 12
8 35 15
8 36 11
8 40 -6
8 42 3
8 43 5
8 44 6
8 54 -9
8 55 -16
8 62 8
8 63 15
8 76 -4
8 77 -2
9 11 -6
9 12 16
9 13 -7
9 14 11
9 15 11
9 16 11
9 17 -10
9 19 -16
9 20 -6
9 21 -7
9 24 12
9 25 13
9 26 -3
9 29 -15
9 31 -10
9 32 7
9 35 15
9 38 -14
9 39 13
9 45 15
9 49 -14
9 51 -8
9 52 -16
9 55 15
9 56 10
9 61 16
9 65 4
9 67 -12
9 69 -16
9 72 -8
9 77 -16
10 11 10
10 12 -5
10 13 -10
10 14 -16
10 16 -11
10 18 8
10 19 8
10 23 -6
10 28 -8
10 32 9
10 34 16
10 35 12
10 40 -10
10 52 9
10 56 -14
10 79 -12
11 12 13
11 13 -15
11 14 -4
11 15 -9
11 16 -6
11 17 11
11 21 8
11 24 15
11 25 4
11 26 -8
11 27 -12
11 30 -7
11 34 4
11 36 -16
11 37 -14
11 38 14
11 40 -16
11 41 15
11 42 5
11 47 7
11 50 -5
11 53 -6
11 57 -10
11 59 14
11 64 10
11 65 10
11 66 7
11 76 6
11 77 -13
12 13 -6
12 14 -9
12 15 -8
12 16 -16
12 17 -6
12 18 -5
12 19 -6
12 21 6
12 22 -4
12 23 -16
12 24 14
12 25 4
12 26 -12
12 27 -3
12 28 8
12 29 16
12 34 12
12 38 6
12 39 16
12 41 -10
12 42 -3
12 43 13
12 44 -6
12 45 -15
12 47 10
12 48 -16
12 49 -9
12 51 -2
12 55 -15
12 57 16
12 58 -3
12 59 14
12 61 9
12 65 -6
12 67 -13
12 68 14
12 69 -11
12 75 -3
12 76 -16
13 14 -13
13 16 16
13 17 -2
13 18 14
13 19 -8
13 20 5
13 22 -5
13 24 5
13 27 -5
13 28 2
13 30 13
13 31 -4
13 33 11
13 36 -2
13 37 15
13 39 13
13 41 -7
13 43 11
13 54 -11
13 55 -11
13 61 6
13 75 -8
13 79 11
14 15 -14
14 16 15
14 17 8
14 18 -15
14 19 -7
14 20 9
14 21 15
14 22 10
14 23 -15
14 25 -5
14 27 -9
14 29 2
14 32 -16
14 35 -3
14 44 -5
14 48 -11
14 50 -12
14 51 -7
14 56 2
14 57 -9
14 58 5
14 70 -5
14 75 -15
15 22 -9
15 34 13
15 37 14
15 51 13
15 53 12
15 60 11
15 66 3
15 75 -9
16 18 -11
16 19 11
16 21 15
16 25 -4
16 27 -15
16 28 3
16 31 -7
16 37 5
16 39 -10
16 42 -10
17 20 -4
17 21 3
17 22 -7
17 23 -15
17 28 8
17 29 -7
17 30 3
17 31 14
17 34 -5
17 35 -2
17 39 -5
17 40 -3
17 42 -6
17 43 12
17 44 -12
17 48 5
17 49 16
17 51 7
17 52 -8
17 58 -16
17 60 -6
17 63 -10
17 64 11
17 65 -16
17 78 -7
17 79 -11
18 19 -8
18 21 2
18 22 -15
18 23 -3
18 24 -9
18 26 12
18 33 10
18 37 4
18 39 -13
18 42 9
18 44 8
18 45 -12
18 47 3
18 49 4
18 50 10
18 61 5
18 62 12
18 73 13
18 76 -14
19 20 16
19 22 6
19 26 -2
19 31 -6
19 35 -5
19 50 10
19 54 -5
19 55 4
19 58 -7
19 62 -16
19 66 7
19 68 2
19 73 8
19 74 -13
20 24 -14
20 25 2
20 26 -2
20 32 8
20 33 -7
20 34 3
20 43 10
20 62 -10
20 64 -16
20 66 6
20 72 -13
21 24 3
21 26 -15
21 29 14
21 33 -4
21 35 -4
21 36 -13
21 40 16
21 48 -2
21 49 8
21 51 11
21 58 -9
21 63 -2
22 23 4
22 25 -2
22 26 11
22 27 3
22 37 -16
22 38 15
22 46 16
22 51 -5
22 52 -16
22 54 11
22 56 7
22 65 16
22 69 -15
22 73 -8
22 74 -7
22 79 10
23 25 8
23 28 15
23 30 -8
23 38 -14
23 41 10
23 43 7
23 45 -3
23 48 -9
23 53 -8
23 58 -2
23 63 -2
23 72 -2
23 74 13
24 25 16
24 27 2
24 32 4
24 34 5
24 36 12
24 40 -9
24 41 2
24 42 15
24 45 8
24 70 15
24 71 10
24 74 3
24 75 -7
25 28 -8
25 30 12
25 31 16
25 32 14
25 33 13
25 43 -10
25 46 -14
25 47 -15
25 54 -16
25 59 14
25 61 -9
25 62 -14
25 68 -11
25 72 11
25 79 -5
26 27 -12
26 28 9
26 30 -4
26 31 -5
26 33 -9
26 41 14
26 47 14
26 50 12
26 59 3
26 62 14
26 65 2
26 66 4
26 70 -10
26 79 -13
27 31 7
27 33 -15
27 34 -12
27 36 16
27 37 6
27 40 8
27 53 5
27 55 -8
27 73 3
28 29 -10
28 30 3
28 35 16
28 40 -5
28 41 11
28 46 5
28 48 -11
28 53 -13
28 54 -7
28 56 6
28 65 12
28 67 -16
28 77 14
28 79 -3
29 30 -16
29 32 -4
29 35 -8
29 46 10
29 61 -5
29 64 12
29 65 -13
29 68 -11
29 69 10
29 70 -12
29 74 -4
30 42 4
30 50 9
30 52 -6
30 53 -8
30 62 -15
30 68 11
30 76 -9
31 36 -12
31 45 -13
31 47 -4
31 50 6
31 52 -5
31 56 -9
31 61 -2
31 71 5
32 48 -15
32 49 12
32 60 -12
32 61 -14
32 62 -10
32 77 12
33 38 15
33 46 -13
33 55 -7
33 57 -6
33 58 8
33 64 13
33 72 7
33 73 6
33 78 -12
34 38 12
34 42 -9
34 43 -13
34 46 -10
34 47 -10
34 57 -7
34 58 3
34 59 -3
34 75 7
34 77 -5
34 79 -5
35 36 -13
35 41 16
35 50 -13
35 54 13
35 56 16
35 58 11
35 63 -8
35 67 -5
35 77 3
36 38 5
36 44 -3
36 48 11
36 52 -4
36 59 7
36 60 -12
36 68 3
36 70 -12
36 71 12
37 39 -12
37 46 6
37 47 -15
37 51 7
37 52 6
37 57 10
37 60 2
37 66 -12
37 69 8
37 72 4
37 76 3
38 43 2
38 46 2
38 67 3
39 46 -6
39 47 -12
39 54 12
39 59 13
39 66 13
39 69 -14
39 70 -9
39 71 -3
40 51 5
40 61 -10
40 71 -16
41 78 7
42 45 -11
42 54 -8
43 49 7
43 60 -3
43 63 15
43 64 -9
43 68 5
44 48 -3
44 51 -3
44 53 -8
44 56 2
44 64 2
44 78 -3
45 53 3
45 58 4
45 65 -4
45 73 -10
47 49 -6
47 55 -14
47 62 11
47 67 -9
47 71 8
47 73 16
47 78 11
48 49 5
48 62 -12
48 67 13
49 74 10
50 76 7
51 55 -15
51 60 10
51 63 7
51 69 10
52 55 -8
52 64 9
52 66 -5
52 71 -12
53 72 11
53 74 -5
54 71 -9
54 76 -7
55 60 3
55 78 16
56 64 6
56 66 5
56 70 -16
56 74 -2
56 75 5
56 77 -15
57 63 -14
57 72 7
58 69 -8
59 60 10
59 75 10
59 77 -3
60 65 7
60 67 -8
60 78 -3
62 64 -6
62 69 4
63 71 7
63 76 -12
64 68 14
65 68 6
66 70 3
68 70 6
69 70 12
70 73 12
70 74 3
70 75 -4
70 78 7
74 78 6
75 76 3
75 77 11
75 78 -6
75 79 8
-1
-2444
