ba_80_12_16
80
7
13
-7
16
-16
16
-8
-16
-16
8
2
-6
-13
-4
-7
-13
6
9
13
15
-12
-8
7
15
2
14
-5
16
-13
-2
7
-13
3
6
11
-3
9
-11
16
9
-14
16
11
-6
-2
12
-3
-12
-6
-12
-5
-14
8
5
-8
-9
-2
6
10
12
-5
-10
-7
6
12
-8
13
5
15
-15
4
15
5
3
4
-15
-11
16
8
12
0 1 2
0 2 -3
0 3 -8
0 4 15
0 5 -12
0 6 -10
0 7 10
0 8 -12
0 9 -12
0 10 -12
0 11 9
0 12 13
0 13 16
0 14 -8
0 15 9
0 16 -6
0 17 6
0 18 15
0 19 -13
0 21 10
0 23 -5
0 26 -6
0 28 15
0 29 14
0 32 -3
0 34 11
0 37 -3
0 38 4
0 39 10
0 43 16
0 45 5
0 47 -3
0 49 16
0 52 15
0 53 -12
0 54 -15
0 55 14
0 58 16
0 59 2
0 60 -13
0 61 -16
0 69 -12
0 70 16
0 73 8
0 74 9
1 13 11
1 14 3
1 17 -2
1 18 8
1 23 -16
1 25 -9
1 27 15
1 33 -14
1 34 -5
1 35 8
1 39 -8
1 42 16
1 44 -9
1 50 -15
1 65 -12
1 70 -12
2 13 -13
2 14 -5
2 15 -8
2 16 8
2 17 3
2 19 -5
2 20 -13
2 24 11
2 27 16
2 32 9
2 38 16
2 39 11
2 71 -11
2 77 -6
2 79 3
3 13 2
3 14 16
3 15 12
3 17 -2
3 18 2
3 19 16
3 20 15
3 22 5
3 32 8
3 35 7
3 37 12
3 41 5
3 55 3
3 63 -13
3 64 3
3 71 8
4 14 -15
4 16 -9
4 18 -5
4 20 -15
4 22 5
4 24 8
4 30 -6
4 36 12
4 39 2
5 13 -6
5 14 12
5 15 9
5 16 12
5 17 11
5 18 -13
5 22 -7
5 23 -8
5 24 10
5 26 3
5 27 -2
5 29 12
5 31 6
5 37 -9
5 38 -3
5 45 -9
5 52 -3
5 56 3
5 62 13
5 63 5
5 65 -14
5 75 12
5 76 10
5 78 -10
5 79 6
6 13 -2
6 14 -6
6 15 -6
6 16 -2
6 17 -4
6 18 4
6 19 -10
6 21 9
6 23 7
6 24 11
6 25 13
6 30 11
6 35 3
6 36 -11
6 46 5
6 48 -13
6 53 14
6 58 -9
6 66 14
6 67 5
6 79 -7
7 13 -9
7 14 8
7 19 -2
7 20 12
7 21 -6
7 22 -2
7 23 -14
7 27 15
7 29 -8
7 30 5
7 31 -15
7 32 -6
7 33 12
7 35 -3
7 39 -14
7 42 10
7 43 4
7 45 -16
7 50 14
7 51 4
7 54 7
7 64 12
7 67 -13
7 72 13
7 73 4
7 76 10
8 13 14
8 14 12
8 15 -9
8 16 -6
8 18 5
8 21 -12
8 22 9
8 24 13
8 28 2
8 36 -16
8 38 -2
8 43 8
8 46 16
8 48 5
8 55 9
8 58 -9
8 60 15
8 61 -4
8 64 -5
8 70 9
8 78 -10
9 13 11
9 15 -6
9 16 10
9 21 -5
9 27 -6
9 28 5
9 63 -2
9 64 -13
9 70 -7
10 13 2
10 14 6
10 15 5
10 18 -10
10 19 -6
10 20 7
10 21 -8
10 22 14
10 23 -10
10 25 13
10 26 -3
10 27 -15
10 30 -6
10 31 11
10 33 12
10 36 -13
10 38 -15
10 40 11
10 41 -12
10 43 -8
10 47 -15
10 48 13
10 62 -3
10 72 -14
10 78 3
10 79 -6
11 13 -2
11 14 -4
11 15 4
11 16 15
11 17 -9
11 19 3
11 24 6
11 26 5
11 31 -14
11 33 11
11 37 15
11 48 -3
11 59 3
11 61 -7
11 71 -15
12 13 15
12 15 -13
12 16 12
12 17 -4
12 19 4
12 25 12
12 26 -13
12 28 -11
12 33 -12
12 35 4
12 38 -3
12 40 12
12 41 16
12 42 7
12 66 -7
12 76 10
13 14 12
13 15 -4
13 16 4
13 17 -5
13 18 2
13 19 -10
13 20 6
13 21 -10
13 22 -11
13 24 12
13 25 7
13 26 -16
13 28 -13
13 29 2
13 30 4
13 32 11
13 34 -13
13 37 -10
13 39 10
13 42 9
13 43 -11
13 44 -12
13 45 -10
13 48 3
13 49 4
13 50 -9
13 53 13
13 56 16
13 57 -5
13 58 3
13 60 -13
13 64 2
13 65 7
13 69 5
13 70 2
13 72 -16
13 73 -2
13 77 -7
13 78 -4
14 15 -7
14 16 12
14 17 4
14 18 -13
14 19 -14
14 20 13
14 21 -12
14 23 10
14 25 5
14 26 -6
14 30 13
14 32 16
14 33 -5
14 35 10
14 38 14
14 42 13
14 45 -4
14 48 5
14 63 3
14 66 -7
14 68 3
14 69 3
14 70 -7
14 77 11
15 16 16
15 17 4
15 18 -10
15 19 16
15 20 -3
15 21 -16
15 22 -8
15 23 2
15 24 2
15 25 9
15 26 -3
15 27 13
15 31 14
15 32 15
15 33 -2
15 35 12
15 39 -4
15 42 5
15 43 -16
15 45 -4
15 47 -8
15 50 11
15 52 5
15 53 13
15 54 15
15 56 -5
15 59 12
15 64 5
15 68 -16
15 77 -16
16 17 -8
16 20 -11
16 21 -9
16 22 -16
16 24 -4
16 29 3
16 31 -8
16 32 -3
16 33 2
16 34 -15
16 37 10
16 46 -16
16 49 -15
16 53 8
16 57 5
16 58 7
16 63 -10
16 64 -10
16 70 -13
16 73 -15
16 74 13
17 18 6
17 20 -10
17 23 11
17 24 11
17 25 2
17 26 -2
17 27 -4
17 29 -4
17 32 7
17 33 -2
17 34 -3
17 46 -3
17 49 -8
17 51 11
17 53 6
17 55 2
17 62 -4
17 64 -2
17 69 16
17 72 16
17 73 -5
17 76 2
18 19 13
18 20 -3
18 26 5
18 27 3
18 28 7
18 29 -3
18 34 -14
18 36 -10
18 37 16
18 38 -12
18 39 10
18 44 16
18 45 7
18 46 -16
18 49 9
18 51 -2
18 52 14
18 54 -16
18 57 -8
18 60 -6
18 62 -16
18 64 2
18 65 -8
18 66 4
18 70 -7
18 74 3
18 77 5
19 20 11
19 21 -6
19 22 -11
19 23 -13
19 24 -16
19 25 8
19 27 16
19 28 10
19 29 11
19 30 -9
19 31 -9
19 34 -6
19 37 -5
19 38 2
19 39 9
19 40 6
19 41 -9
19 42 16
19 45 16
19 46 -11
19 47 -10
19 49 14
19 55 11
19 59 13
19 60 -11
19 64 15
19 67 -8
19 70 -13
19 72 10
19 75 -12
19 77 -5
19 78 3
19 79 3
20 21 -12
20 22 -16
20 25 15
20 27 3
20 28 8
20 29 4
20 30 -3
20 34 16
20 36 -7
20 41 -6
20 44 -9
20 45 16
20 46 -7
20 52 -2
20 53 -16
20 54 -15
20 57 -5
20 68 -4
20 69 12
20 76 11
21 22 11
21 23 13
21 26 4
21 28 -11
21 29 -3
21 30 -4
21 31 -7
21 32 -3
21 33 -13
21 36 -10
21 40 -9
21 42 -14
21 43 12
21 44 16
21 45 -11
21 50 -13
21 55 -4
21 62 -15
21 67 -13
21 71 -7
22 23 -7
22 24 -3
22 25 -16
22 30 -16
22 31 -4
22 34 -14
22 40 2
22 44 2
22 45 3
22 48 12
22 50 15
22 56 -11
22 59 7
22 63 4
22 76 -14
23 25 3
23 26 10
23 33 8
23 36 12
23 37 -13
23 39 7
23 40 14
23 41 -8
23 47 4
23 51 16
23 52 7
23 56 13
23 61 -15
23 67 14
23 68 -12
23 69 16
23 71 4
23 76 2
24 28 2
24 31 15
24 32 -11
24 37 -11
24 46 13
24 49 11
24 51 -16
24 52 -14
24 58 2
24 59 16
24 67 11
24 75 14
25 28 -10
25 29 15
25 38 -14
25 44 5
25 46 -16
25 47 10
25 51 -16
25 52 8
25 54 -7
25 55 8
25 56 -3
25 58 10
25 59 10
26 27 12
26 28 13
26 29 10
26 31 14
26 35 5
26 36 15
26 43 -6
26 47 16
26 65 14
26 66 -9
26 68 -7
26 69 -6
26 72 -6
26 75 14
27 30 2
27 34 2
27 35 14
27 42 4
27 46 3
27 48 -15
27 50 -6
27 52 -4
27 57 -3
27 58 13
27 63 8
27 68 -16
27 70 4
27 78 2
28 30 16
28 32 -3
28 35 -13
28 55 -16
28 56 -13
28 65 -4
28 66 2
28 67 -16
28 72 4
28 74 -13
29 31 14
29 33 -10
29 35 -4
29 36 -2
29 37 7
29 39 -8
29 40 4
29 41 12
29 43 -3
29 44 5
29 48 7
29 51 -13
29 52 14
29 61 -7
29 62 5
29 66 -11
29 71 4
29 76 -5
29 77 -16
29 79 -6
30 41 -3
30 43 10
30 47 -16
30 54 -10
30 55 7
30 60 6
30 62 7
30 65 -15
31 34 7
31 40 7
31 42 10
31 47 16
31 49 -13
31 50 14
31 54 14
31 56 2
31 57 -10
31 61 -5
31 67 2
31 75 -4
31 79 9
32 34 -13
32 37 6
32 41 -13
32 44 -15
32 49 -12
32 50 3
32 51 -4
32 54 -2
32 65 -10
32 68 -8
32 75 -9
32 76 13
33 36 6
33 39 -12
33 44 -5
33 48 16
33 53 -15
33 57 16
33 60 12
34 35 6
34 36 8
34 40 8
34 41 -13
34 44 6
34 48 16
34 61 11
34 65 -2
34 73 9
35 38 4
35 40 11
35 43 -2
35 47 -3
35 49 2
35 50 6
35 51 -10
35 54 -8
35 56 12
35 66 -15
35 68 -8
35 73 12
35 74 -11
35 75 5
35 78 14
36 40 -6
36 41 8
36 46 9
36 51 8
36 53 10
36 55 6
36 57 8
36 59 -12
36 60 -15
36 65 15
36 75 -12
36 76 -6
36 78 3
36 79 8
37 38 9
37 52 -10
37 54 -10
37 60 -15
37 62 12
37 65 -11
37 66 -2
37 69 -5
37 74 10
37 78 4
37 79 -9
38 40 -15
38 42 -8
38 43 -16
38 50 -10
38 51 9
38 57 -15
38 75 3
38 77 12
39 44 -2
39 49 -7
39 58 -7
39 61 -16
39 63 3
39 69 5
39 76 -5
40 41 4
40 42 -14
40 46 16
40 47 -7
40 48 10
40 56 -9
40 57 -5
40 66 11
40 72 3
41 45 -13
41 50 10
41 53 -4
41 54 -2
41 56 -4
41 62 -14
41 77 -9
42 49 -7
42 52 2
42 76 16
42 77 13
43 58 -13
43 74 -16
43 79 6
45 53 11
45 58 14
46 47 16
46 51 -13
46 55 5
46 69 -13
46 71 -3
47 56 -13
47 57 -3
47 60 -16
48 53 2
48 62 -11
48 63 16
48 73 3
48 75 15
49 61 9
49 62 -2
49 66 -3
49 68 -13
50 55 16
50 70 16
50 72 4
50 73 -13
51 57 -7
51 61 8
51 71 13
52 59 -6
52 61 -12
52 67 -7
53 59 -14
53 63 -9
53 65 2
53 74 -3
54 59 -9
54 61 -8
54 64 5
54 68 14
54 71 8
54 73 11
55 59 7
55 60 -3
55 62 14
55 72 16
55 73 6
55 79 -8
56 60 -6
56 64 16
57 58 6
58 72 -15
58 74 7
59 68 6
59 77 5
60 63 7
60 67 10
60 71 -10
61 77 10
61 78 10
61 79 -14
62 63 -4
62 68 -4
62 71 8
64 67 6
64 69 13
64 71 11
64 78 12
65 66 3
65 74 -10
66 67 12
66 78 4
67 69 -2
68 70 -9
69 72 5
69 75 -3
70 74 10
71 73 6
73 74 7
73 75 -11
-1
-2750
