ba_80_10_32
80
21
15
-21
20
13
-9
-21
29
-24
3
4
-25
-31
3
2
26
-4
8
28
-22
-21
-8
-11
26
-4
-6
17
32
-10
-30
-11
20
21
18
17
31
-4
-6
11
31
22
26
-30
-6
-10
3
-32
-14
18
-14
5
-20
-16
24
-6
-3
22
28
11
-15
-20
-10
8
31
-7
22
18
-10
32
14
25
8
-9
10
-31
-8
17
-3
-14
-5
0 1 19
0 2 -32
0 3 9
0 4 21
0 5 24
0 6 8
0 7 8
0 8 32
0 9 5
0 10 32
0 11 4
0 12 -28
0 13 -2
0 14 31
0 15 12
0 17 20
0 18 32
0 20 5
0 21 16
0 22 19
0 24 5
0 27 -30
0 28 3
0 32 -7
0 33 -27
0 34 -22
0 37 -24
0 38 -22
0 44 24
0 45 -22
0 50 -26
0 52 -17
0 54 -10
0 57 -8
0 63 -19
0 67 -32
0 69 12
0 71 6
0 75 27
1 11 16
1 12 10
1 13 -26
1 14 -17
1 15 28
1 19 -18
1 20 -12
1 23 -12
1 24 12
1 25 27
1 26 7
1 29 20
1 33 -26
1 35 -30
1 37 29
1 42 14
1 53 -22
1 56 3
1 57 14
1 59 -13
1 66 6
1 68 6
1 72 -14
1 79 2
2 11 -25
2 13 -30
2 14 5
2 15 17
2 16 32
2 17 3
2 18 -11
2 20 29
2 22 -4
2 27 -13
2 31 32
2 34 27
2 37 -4
2 38 -18
2 39 -25
2 41 -4
2 47 -28
2 56 -16
2 57 -30
2 72 21
2 73 6
3 11 -31
3 12 -24
3 18 12
3 44 4
3 57 16
3 59 8
3 60 18
3 73 -32
3 74 23
4 11 12
4 12 7
4 13 8
4 14 8
4 17 -27
4 18 11
4 20 9
4 23 27
4 26 -3
4 29 24
4 32 -30
4 33 7
4 36 16
4 39 -31
4 40 -10
4 44 11
4 45 5
4 46 -9
4 52 2
5 11 -10
5 13 29
5 14 8
5 15 -17
5 20 -31
5 21 30
5 23 6
5 29 25
5 32 -20
5 39 -24
5 45 -25
5 48 -28
5 61 14
5 63 27
5 67 7
6 12 6
6 16 32
6 18 -8
6 36 13
6 41 26
6 43 26
6 44 13
6 50 -23
7 11 28
7 12 22
7 13 -3
7 15 -22
7 16 5
7 17 -8
7 19 32
7 21 6
7 22 -28
7 24 2
7 30 32
7 40 -16
7 49 -13
7 53 25
7 59 -28
8 11 -31
8 12 28
8 15 -31
8 16 -7
8 17 -29
8 19 17
8 23 29
8 28 -11
8 29 -4
8 30 -11
8 31 30
8 35 -2
8 36 23
8 40 -16
8 42 -22
8 43 -3
8 44 19
8 54 -19
8 55 -11
8 62 30
8 63 27
8 76 25
8 77 -19
9 11 7
9 12 9
9 13 4
9 14 -8
9 15 29
9 16 2
9 17 15
9 19 4
9 20 -21
9 21 -3
9 24 -4
9 25 -7
9 26 -23
9 29 -29
9 31 -6
9 32 18
9 35 -32
9 38 2
9 39 -4
9 45 15
9 49 2
9 51 6
9 52 -18
9 55 16
9 56 -21
9 61 -18
9 65 17
9 67 -24
9 69 -18
9 72 3
9 77 27
10 11 20
10 12 -12
10 13 21
10 14 -6
10 16 12
10 18 -26
10 19 13
10 23 13
10 28 7
10 32 22
10 34 32
10 35 11
10 40 -3
10 52 16
10 56 -26
10 79 -24
11 12 15
11 13 -25
11 14 16
11 15 8
11 16 20
11 17 24
11 21 13
11 24 14
11 25 12
11 26 2
11 27 4
11 30 -6
11 34 31
11 36 -27
11 37 26
11 38 -31
11 40 -25
11 41 19
11 42 -10
11 47 -29
11 50 -4
11 53 12
11 57 -3
11 59 6
11 64 -13
11 65 13
11 66 22
11 76 -9
11 77 -21
12 13 22
12 14 -5
12 15 7
12 16 -13
12 17 26
12 18 15
12 19 6
12 21 28
12 22 -14
12 23 -20
12 24 -23
12 25 2
12 26 -18
12 27 16
12 28 -11
12 29 -31
12 34 -29
12 38 25
12 39 -8
12 41 22
12 42 -10
12 43 -18
12 44 30
12 45 15
12 47 -18
12 48 14
12 49 -21
12 51 9
12 55 -14
12 57 -8
12 58 25
12 59 24
12 61 -19
12 65 26
12 67 -23
12 68 -27
12 69 8
12 75 7
12 76 -9
13 14 -11
13 16 32
13 17 -5
13 18 17
13 19 -10
13 20 -3
13 22 -3
13 24 10
13 27 4
13 28 9
13 30 7
13 31 13
13 33 -19
13 36 -23
13 37 -16
13 39 30
13 41 -25
13 43 11
13 54 -14
13 55 -25
13 61 28
13 75 -20
13 79 2
14 15 6
14 16 16
14 17 -18
14 18 -26
14 19 3
14 20 7
14 21 24
14 22 -23
14 23 12
14 25 17
14 27 -6
14 29 -6
14 32 24
14 35 -9
14 44 14
14 48 -31
14 50 -30
14 51 10
14 56 18
14 57 -16
14 58 14
14 70 -16
14 75 -20
15 22 -29
15 34 18
15 37 -25
15 51 12
15 53 24
15 60 -29
15 66 10
15 75 29
16 18 -21
16 19 -2
16 21 4
16 25 31
16 27 -8
16 28 -5
16 31 12
16 37 -4
16 39 -29
16 42 3
17 20 -22
17 21 -26
17 22 -21
17 23 -22
17 28 -29
17 29 10
17 30 -4
17 31 29
17 34 -30
17 35 9
17 39 -27
17 40 15
17 42 20
17 43 4
17 44 4
17 48 -6
17 49 -3
17 51 17
17 52 -27
17 58 -25
17 60 28
17 63 -4
17 64 10
17 65 19
17 78 -9
17 79 24
18 19 11
18 21 -3
18 22 17
18 23 15
18 24 7
18 26 -3
18 33 -27
18 37 -23
18 39 27
18 42 8
18 44 -29
18 45 -21
18 47 24
18 49 16
18 50 -14
18 61 -16
18 62 21
18 73 -24
18 76 -25
19 20 -12
19 22 23
19 26 -26
19 31 21
19 35 -19
19 50 14
19 54 14
19 55 -22
19 58 3
19 62 17
19 66 -28
19 68 32
19 73 -28
19 74 -22
20 24 20
20 25 27
20 26 -24
20 32 -17
20 33 -7
20 34 -17
20 43 20
20 62 29
20 64 14
20 66 20
20 72 -17
21 24 2
21 26 -14
21 29 -22
21 33 2
21 35 12
21 36 25
21 40 15
21 48 -21
21 49 9
21 51 -2
21 58 23
21 63 25
22 23 -29
22 25 20
22 26 -18
22 27 -13
22 37 32
22 38 -29
22 46 -26
22 51 31
22 52 -28
22 54 11
22 56 11
22 65 -7
22 69 11
22 73 5
22 74 -27
22 79 30
23 25 24
23 28 11
23 30 -17
23 38 -22
23 41 -11
23 43 27
23 45 -15
23 48 8
23 53 -13
23 58 2
23 63 29
23 72 -24
23 74 -6
24 25 -3
24 27 32
24 32 3
24 34 16
24 36 32
24 40 15
24 41 25
24 42 26
24 45 5
24 70 23
24 71 -19
24 74 -5
24 75 3
25 28 -15
25 30 -4
25 31 27
25 32 16
25 33 -22
25 43 5
25 46 -17
25 47 11
25 54 5
25 59 23
25 61 24
25 62 -26
25 68 -20
25 72 -22
25 79 21
26 27 5
26 28 27
26 30 27
26 31 10
26 33 -4
26 41 26
26 47 4
26 50 15
26 59 -7
26 62 -8
26 65 27
26 66 -10
26 70 -20
26 79 -9
27 31 19
27 33 15
27 34 -5
27 36 -13
27 37 -23
27 40 -3
27 53 2
27 55 3
27 73 -25
28 29 -4
28 30 -10
28 35 10
28 40 -15
28 41 -31
28 46 -31
28 48 -25
28 53 -11
28 54 18
28 56 3
28 65 16
28 67 -12
28 77 -8
28 79 6
29 30 -8
29 32 -22
29 35 -31
29 46 19
29 61 12
29 64 3
29 65 13
29 68 -29
29 69 -16
29 70 -15
29 74 24
30 42 -10
30 50 -5
30 52 6
30 53 27
30 62 -26
30 68 16
30 76 6
31 36 -24
31 45 -14
31 47 -25
31 50 -24
31 52 11
31 56 11
31 61 -22
31 71 13
32 48 31
32 49 4
32 60 13
32 61 20
32 62 20
32 77 -26
33 38 -4
33 46 -23
33 55 -19
33 57 28
33 58 28
33 64 27
33 72 -16
33 73 2
33 78 18
34 38 3
34 42 18
34 43 -27
34 46 23
34 47 26
34 57 10
34 58 -16
34 59 14
34 75 4
34 77 -24
34 79 17
35 36 -28
35 41 12
35 50 -21
35 54 -22
35 56 11
35 58 -22
35 63 -5
35 67 -6
35 77 5
36 38 7
36 44 -4
36 48 26
36 52 -30
36 59 6
36 60 29
36 68 10
36 70 -11
36 71 2
37 39 -4
37 46 32
37 47 18
37 51 -4
37 52 11
37 57 -19
37 60 -11
37 66 32
37 69 -20
37 72 14
37 76 -28
38 43 4
38 46 15
38 67 24
39 46 15
39 47 14
39 54 -9
39 59 21
39 66 5
39 69 15
39 70 -28
39 71 -21
40 51 31
40 61 20
40 71 -10
41 78 -30
42 45 -28
42 54 -6
43 49 17
43 60 -11
43 63 -24
43 64 -6
43 68 -10
44 48 -21
44 51 5
44 53 16
44 56 -15
44 64 -22
44 78 -27
45 53 7
45 58 27
45 65 -27
45 73 -31
47 49 -12
47 55 -31
47 62 -10
47 67 7
47 71 -12
47 73 -19
47 78 8
48 49 -15
48 62 21
48 67 -28
49 74 28
50 76 27
51 55 -26
51 60 28
51 63 21
51 69 -12
52 55 -21
52 64 -23
52 66 -9
52 71 12
53 72 9
53 74 5
54 71 -12
54 76 9
55 60 -11
55 78 -13
56 64 24
56 66 -20
56 70 13
56 74 -29
56 75 -32
56 77 -18
57 63 16
57 72 11
58 69 2
59 60 5
59 75 -30
59 77 -9
60 65 6
60 67 -8
60 78 3
62 64 17
62 69 13
63 71 2
63 76 -27
64 68 -30
65 68 13
66 70 -9
68 70 18
69 70 18
70 73 -5
70 74 -23
70 75 20
70 78 -29
74 78 30
75 76 30
75 77 -3
75 78 -6
75 79 16
-1
-4610
