ba_80_6_64
80
-61
3
40
-8
44
41
-36
-64
29
50
63
-51
16
55
-6
-39
-62
-62
57
48
21
37
47
-58
-49
-23
-31
-31
-54
33
-47
56
-36
-34
38
-35
-6
-3
-3
24
61
21
27
-2
-25
-7
-37
-61
30
-3
-11
37
9
-31
-52
54
-53
-48
-57
31
-25
44
24
-56
23
-58
-58
14
-40
21
26
57
-19
-34
-44
-21
26
55
-37
23
0 1 60
0 2 9
0 3 54
0 4 22
0 5 23
0 6 27
0 7 -4
0 8 -59
0 9 57
0 10 -50
0 11 21
0 12 -40
0 13 2
0 14 18
0 16 50
0 19 28
0 20 35
0 23 52
0 25 -5
0 29 -9
0 31 4
0 34 -58
0 35 44
0 36 4
0 37 -21
0 39 -25
0 43 14
0 46 -18
0 49 -52
0 53 21
0 55 -44
0 56 -10
0 57 64
0 64 13
0 79 41
1 7 -59
1 8 53
1 9 -43
1 10 20
1 12 8
1 13 -3
1 14 11
1 16 -22
1 24 -25
1 28 -45
1 33 55
1 44 -36
1 48 -45
1 59 64
1 63 -31
1 64 -2
1 68 -40
1 72 53
2 11 -64
2 12 -57
2 40 29
2 41 -36
2 59 9
2 71 63
3 7 4
3 25 -63
3 32 56
4 7 60
4 8 9
4 9 29
4 10 28
4 13 -40
4 14 8
4 18 2
4 30 -39
4 32 30
4 40 -15
4 47 39
4 48 21
4 75 61
4 79 58
5 7 -33
5 8 56
5 10 55
5 15 -34
5 19 39
5 45 20
5 70 -48
6 7 39
6 8 5
6 9 -44
6 10 -21
6 12 4
6 13 -36
6 14 -42
6 15 -59
6 16 10
6 17 -30
6 21 22
6 26 -16
6 35 5
6 37 -40
6 45 2
6 46 41
6 48 -7
6 52 27
6 56 32
6 63 28
6 65 35
6 69 48
6 73 -47
6 74 2
7 8 -16
7 9 -16
7 11 56
7 12 56
7 13 -42
7 15 39
7 17 33
7 18 -9
7 20 -40
7 21 22
7 22 10
7 24 18
7 32 -56
7 42 -11
7 43 -41
7 49 -63
7 64 54
7 73 13
7 75 -63
8 9 -55
8 11 -38
8 12 -28
8 13 -63
8 15 -35
8 17 63
8 18 46
8 23 40
8 26 4
8 28 56
8 33 19
8 40 -38
8 41 -18
8 42 60
8 47 -14
8 48 -10
8 49 -42
8 53 24
8 54 -31
8 61 19
8 62 37
8 70 19
8 71 -62
8 73 -49
8 77 -29
8 78 -4
8 79 -45
9 10 -49
9 11 -21
9 17 -35
9 18 45
9 19 -54
9 20 -35
9 24 -45
9 25 24
9 27 48
9 28 40
9 29 36
9 42 -19
9 46 -54
9 47 -64
9 62 -31
9 63 32
9 66 45
9 69 24
10 11 -45
10 17 -3
10 19 -47
10 21 58
10 22 -44
10 23 62
10 24 -27
10 26 22
10 29 16
10 30 -46
10 31 46
10 35 -29
10 39 59
10 41 -34
10 44 16
10 45 -35
10 49 -28
10 50 55
10 56 4
10 58 -13
10 65 62
10 67 24
10 70 -7
10 75 -53
11 15 -14
11 16 -45
11 18 51
11 20 -46
11 22 45
11 30 28
11 35 5
11 38 28
11 42 61
11 45 -26
11 47 -64
11 53 18
11 60 55
11 66 -50
11 68 -49
11 71 -34
11 77 57
11 79 -39
12 14 -22
12 15 -25
12 16 -32
12 20 20
12 21 35
12 22 -43
12 31 5
12 32 -44
12 38 59
12 39 39
12 49 -39
12 50 -22
12 51 9
12 56 59
12 58 -55
12 62 -7
12 67 34
12 78 -30
12 79 31
13 14 37
13 19 -2
13 20 14
13 27 60
13 28 -42
13 30 -52
13 33 -49
13 34 -43
13 37 11
13 42 18
13 49 28
13 52 -12
13 54 60
13 57 25
13 64 -54
13 68 9
13 71 -11
14 17 -11
14 27 32
14 28 -5
14 29 -61
14 52 -33
14 55 -19
14 58 19
14 61 -49
14 65 24
14 72 -57
15 16 -55
15 18 9
15 21 50
15 23 -37
15 32 2
15 37 54
15 40 47
15 44 -64
15 45 24
15 53 -47
15 55 -44
16 19 -10
16 21 35
16 23 -35
16 30 -31
16 32 -55
16 37 -59
17 22 7
17 24 50
17 29 40
17 35 59
17 36 -23
17 43 -38
17 46 -3
17 62 -56
17 65 4
18 31 41
18 34 10
18 36 -55
18 38 21
18 42 47
18 56 -61
18 72 30
18 78 -35
19 25 -14
19 26 37
19 29 -23
19 30 -45
19 33 -41
19 52 -17
19 58 -30
19 61 -7
19 65 -4
19 66 -60
19 73 -10
19 74 25
19 78 -34
20 22 24
20 36 -17
20 39 -41
20 43 7
20 51 -54
20 54 -14
20 64 -9
20 69 14
20 72 -63
20 75 -30
20 76 17
20 78 61
21 44 7
22 23 -25
22 24 -39
22 25 55
22 26 -41
22 27 38
22 31 10
22 33 45
22 34 57
22 38 -57
22 41 -16
22 50 -37
22 59 28
22 67 -31
22 69 -18
22 74 62
22 77 20
23 25 -2
23 26 -24
23 27 -29
23 31 -39
23 54 -56
23 60 -44
24 27 48
24 36 -62
24 51 -63
24 57 -56
24 64 20
24 77 56
25 46 -13
25 47 -51
25 74 63
26 39 -20
26 41 -51
26 45 24
26 59 -16
27 28 -48
27 38 -8
27 47 -33
28 67 -44
28 75 57
29 35 22
29 36 34
29 44 59
29 73 -55
29 77 -31
30 46 36
30 60 39
30 62 63
30 73 -30
31 33 53
31 40 -9
31 50 -58
31 51 -64
31 53 38
31 59 -8
32 34 -55
32 54 33
32 58 21
32 67 -6
32 74 57
32 76 -33
33 34 -24
33 37 -23
33 55 -8
34 38 -37
34 40 -54
34 66 40
36 41 35
36 43 60
36 50 -13
36 55 16
36 59 -59
36 61 54
36 63 22
36 66 56
36 68 54
36 72 35
36 75 13
36 76 -50
37 58 -51
37 72 56
37 78 -45
38 39 16
38 54 -13
38 60 5
39 52 -7
39 56 3
39 65 54
39 66 -42
39 68 -14
39 71 -25
39 76 -44
40 44 -41
40 48 62
40 79 -18
41 57 16
41 61 -38
42 43 -57
42 55 -21
42 57 -6
42 69 35
43 51 -50
43 53 55
44 52 60
44 57 27
44 62 33
45 60 -62
46 48 -46
46 50 43
49 51 -58
49 60 55
49 61 5
50 63 33
51 71 -28
56 63 57
56 76 -28
58 68 35
58 74 49
58 76 -30
61 77 44
62 70 51
63 67 -63
63 70 22
64 69 28
65 70 -38
-1
-7674
