ba_80_10_8
80
-2
-6
7
6
-5
-6
-4
5
6
6
4
3
-2
8
2
6
2
2
-5
3
-4
8
-3
2
2
8
-3
4
-7
4
-5
-5
4
6
-4
2
-4
-2
2
6
-4
7
-2
-7
5
-2
3
7
-6
-5
-8
3
7
3
3
-4
2
3
-3
8
4
-6
-8
-2
-5
-3
-2
-3
8
-3
5
6
4
-8
-7
-6
-6
-5
-6
8
0 1 -8
0 2 -6
0 3 -7
0 4 -2
0 5 5
0 6 2
0 7 3
0 8 4
0 9 -8
0 10 -4
0 11 7
0 12 -6
0 13 -6
0 14 -6
0 15 7
0 17 3
0 18 7
0 20 -8
0 21 4
0 22 -7
0 24 8
0 27 4
0 28 6
0 32 2
0 33 5
0 34 3
0 37 -2
0 38 7
0 44 3
0 45 -2
0 50 4
0 52 7
0 54 -2
0 57 5
0 63 -2
0 67 -6
0 69 5
0 71 3
0 75 -4
1 11 5
1 12 -6
1 13 3
1 14 -3
1 15 8
1 19 5
1 20 5
1 23 3
1 24 -2
1 25 -3
1 26 5
1 29 7
1 33 -8
1 35 -4
1 37 8
1 42 4
1 53 -4
1 56 4
1 57 2
1 59 7
1 66 6
1 68 -6
1 72 3
1 79 -3
2 11 3
2 13 6
2 14 4
2 15 -4
2 16 -6
2 17 -7
2 18 8
2 20 4
2 22 -4
2 27 -4
2 31 5
2 34 -6
2 37 8
2 38 8
2 39 -5
2 41 -5
2 47 -4
2 56 6
2 57 -6
2 72 -4
2 73 6
3 11 7
3 12 5
3 18 -2
3 44 6
3 57 3
3 59 8
3 60 -4
3 73 2
3 74 -6
4 11 3
4 12 -3
4 13 6
4 14 2
4 17 -7
4 18 3
4 20 -6
4 23 -6
4 26 -5
4 29 -3
4 32 2
4 33 -3
4 36 -6
4 39 3
4 40 8
4 44 5
4 45 6
4 46 -6
4 52 5
5 11 -5
5 13 -2
5 14 -6
5 15 8
5 20 7
5 21 -2
5 23 6
5 29 -5
5 32 3
5 39 -3
5 45 6
5 48 3
5 61 8
5 63 -6
5 67 -6
6 12 -5
6 16 2
6 18 -8
6 36 2
6 41 4
6 43 -6
6 44 2
6 50 -4
7 11 5
7 12 8
7 13 8
7 15 -5
7 16 -2
7 17 -2
7 19 5
7 21 -5
7 22 -3
7 24 3
7 30 4
7 40 4
7 49 8
7 53 8
7 59 -5
8 11 4
8 12 -3
8 15 -6
8 16 -7
8 17 2
8 19 7
8 23 -5
8 28 3
8 29 -5
8 30 -7
8 31 -8
8 35 4
8 36 -2
8 40 6
8 42 2
8 43 4
8 44 6
8 54 -6
8 55 -6
8 62 -7
8 63 4
8 76 -6
8 77 -6
9 11 7
9 12 -8
9 13 -3
9 14 2
9 15 -4
9 16 5
9 17 5
9 19 -7
9 20 -8
9 21 2
9 24 5
9 25 -3
9 26 -3
9 29 5
9 31 -6
9 32 -6
9 35 7
9 38 -2
9 39 -8
9 45 -6
9 49 8
9 51 -8
9 52 2
9 55 -4
9 56 -3
9 61 -2
9 65 6
9 67 -7
9 69 5
9 72 -3
9 77 -4
10 11 -5
10 12 7
10 13 2
10 14 -5
10 16 -3
10 18 -3
10 19 -8
10 23 7
10 28 6
10 32 7
10 34 7
10 35 8
10 40 -7
10 52 3
10 56 8
10 79 6
11 12 -3
11 13 4
11 14 5
11 15 7
11 16 7
11 17 8
11 21 -4
11 24 4
11 25 -4
11 26 3
11 27 -4
11 30 2
11 34 6
11 36 -8
11 37 -8
11 38 3
11 40 -5
11 41 -7
11 42 -7
11 47 -5
11 50 5
11 53 -6
11 57 -2
11 59 3
11 64 -4
11 65 -8
11 66 -5
11 76 6
11 77 -8
12 13 8
12 14 -2
12 15 4
12 16 -5
12 17 8
12 18 5
12 19 5
12 21 6
12 22 4
12 23 -7
12 24 3
12 25 -4
12 26 -7
12 27 -3
12 28 2
12 29 -3
12 34 -3
12 38 5
12 39 4
12 41 3
12 42 2
12 43 6
12 44 8
12 45 5
12 47 6
12 48 4
12 49 -6
12 51 7
12 55 5
12 57 -2
12 58 -7
12 59 -3
12 61 -3
12 65 -6
12 67 -4
12 68 -2
12 69 -2
12 75 5
12 76 -8
13 14 -6
13 16 5
13 17 -6
13 18 -4
13 19 -7
13 20 2
13 22 -7
13 24 3
13 27 7
13 28 -6
13 30 -2
13 31 3
13 33 -2
13 36 -3
13 37 6
13 39 -7
13 41 8
13 43 -3
13 54 -3
13 55 -4
13 61 -2
13 75 -5
13 79 7
14 15 2
14 16 -2
14 17 6
14 18 8
14 19 -2
14 20 6
14 21 -8
14 22 5
14 23 -6
14 25 -7
14 27 -3
14 29 3
14 32 -8
14 35 -8
14 44 4
14 48 6
14 50 3
14 51 4
14 56 2
14 57 6
14 58 2
14 70 3
14 75 -7
15 22 8
15 34 7
15 37 -7
15 51 8
15 53 -7
15 60 7
15 66 -2
15 75 2
16 18 -2
16 19 7
16 21 -2
16 25 -4
16 27 -4
16 28 7
16 31 7
16 37 -5
16 39 -2
16 42 -4
17 20 -2
17 21 5
17 22 8
17 23 -6
17 28 -6
17 29 3
17 30 -3
17 31 2
17 34 2
17 35 4
17 39 -3
17 40 -6
17 42 6
17 43 -8
17 44 -2
17 48 -2
17 49 5
17 51 -5
17 52 -7
17 58 -7
17 60 -4
17 63 -8
17 64 8
17 65 -5
17 78 -6
17 79 4
18 19 -3
18 21 7
18 22 -7
18 23 -4
18 24 4
18 26 -6
18 33 3
18 37 3
18 39 3
18 42 -7
18 44 7
18 45 -6
18 47 8
18 49 -2
18 50 2
18 61 4
18 62 -8
18 73 -3
18 76 -3
19 20 3
19 22 6
19 26 3
19 31 -5
19 35 -7
19 50 6
19 54 -6
19 55 6
19 58 8
19 62 2
19 66 -6
19 68 8
19 73 -3
19 74 -2
20 24 6
20 25 -4
20 26 4
20 32 -4
20 33 8
20 34 -8
20 43 -4
20 62 -7
20 64 7
20 66 -5
20 72 4
21 24 -6
21 26 -6
21 29 2
21 33 2
21 35 -3
21 36 -3
21 40 -3
21 48 5
21 49 -5
21 51 3
21 58 -2
21 63 3
22 23 7
22 25 -2
22 26 -6
22 27 4
22 37 -3
22 38 -3
22 46 4
22 51 -8
22 52 3
22 54 4
22 56 -5
22 65 7
22 69 2
22 73 5
22 74 -6
22 79 3
23 25 3
23 28 -8
23 30 5
23 38 8
23 41 7
23 43 -8
23 45 -3
23 48 6
23 53 4
23 58 -5
23 63 -5
23 72 5
23 74 6
24 25 -7
24 27 4
24 32 4
24 34 -4
24 36 2
24 40 -6
24 41 -6
24 42 3
24 45 -4
24 70 6
24 71 4
24 74 4
24 75 -5
25 28 4
25 30 -5
25 31 8
25 32 -3
25 33 8
25 43 -5
25 46 3
25 47 5
25 54 5
25 59 -5
25 61 6
25 62 -7
25 68 -3
25 72 2
25 79 2
26 27 3
26 28 3
26 30 5
26 31 -3
26 33 6
26 41 5
26 47 -2
26 50 4
26 59 2
26 62 3
26 65 -8
26 66 -2
26 70 -3
26 79 2
27 31 -7
27 33 5
27 34 2
27 36 -3
27 37 -4
27 40 -5
27 53 -6
27 55 6
27 73 -3
28 29 2
28 30 2
28 35 -5
28 40 -7
28 41 4
28 46 -3
28 48 -6
28 53 7
28 54 -5
28 56 5
28 65 6
28 67 -8
28 77 -4
28 79 -4
29 30 -6
29 32 8
29 35 8
29 46 5
29 61 4
29 64 8
29 65 -7
29 68 -4
29 69 5
29 70 6
29 74 -2
30 42 6
30 50 -2
30 52 4
30 53 2
30 62 7
30 68 -3
30 76 5
31 36 6
31 45 -5
31 47 -7
31 50 8
31 52 -8
31 56 -7
31 61 5
31 71 2
32 48 -2
32 49 -3
32 60 6
32 61 -7
32 62 8
32 77 -2
33 38 2
33 46 -6
33 55 3
33 57 8
33 58 -4
33 64 7
33 72 -2
33 73 7
33 78 3
34 38 5
34 42 -2
34 43 3
34 46 -3
34 47 -2
34 57 3
34 58 -3
34 59 -5
34 75 -4
34 77 6
34 79 -4
35 36 8
35 41 8
35 50 -7
35 54 6
35 56 3
35 58 -4
35 63 -5
35 67 -3
35 77 2
36 38 3
36 44 -4
36 48 3
36 52 -8
36 59 6
36 60 2
36 68 5
36 70 3
36 71 -8
37 39 -8
37 46 7
37 47 -7
37 51 -5
37 52 -5
37 57 7
37 60 -8
37 66 -6
37 69 -3
37 72 7
37 76 -4
38 43 -7
38 46 -3
38 67 5
39 46 -4
39 47 2
39 54 2
39 59 4
39 66 3
39 69 -3
39 70 3
39 71 -3
40 51 -3
40 61 2
40 71 4
41 78 -8
42 45 7
42 54 2
43 49 3
43 60 6
43 63 -6
43 64 8
43 68 3
44 48 -7
44 51 8
44 53 -3
44 56 -7
44 64 7
44 78 -7
45 53 3
45 58 -2
45 65 4
45 73 3
47 49 3
47 55 6
47 62 8
47 67 8
47 71 2
47 73 3
47 78 5
48 49 4
48 62 8
48 67 3
49 74 3
50 76 4
51 55 -8
51 60 -6
51 63 8
51 69 8
52 55 -6
52 64 -8
52 66 4
52 71 4
53 72 4
53 74 7
54 71 6
54 76 -3
55 60 2
55 78 -8
56 64 2
56 66 2
56 70 -3
56 74 7
56 75 7
56 77 -4
57 63 2
57 72 -3
58 69 -3
59 60 7
59 75 -5
59 77 -8
60 65 -2
60 67 -4
60 78 7
62 64 -8
62 69 7
63 71 -4
63 76 -2
64 68 4
65 68 -5
66 70 -8
68 70 -2
69 70 5
70 73 7
70 74 -4
70 75 -3
70 78 3
74 78 -8
75 76 -3
75 77 -6
75 78 5
75 79 -7
-1
-1292
