ba_80_6_32
80
32
32
16
-29
-7
-28
-3
-32
-29
14
24
9
3
-9
23
-32
-8
29
-4
-29
-14
20
-2
20
25
10
9
-16
23
27
-29
15
8
-15
15
-24
-27
32
-18
7
12
2
30
-18
28
-13
-12
-13
16
-13
-29
31
-17
30
-29
-7
-29
-25
18
-19
-19
-13
4
21
-9
-27
-14
-17
21
-8
-13
-28
-32
9
17
-27
-3
-23
15
-8
0 1 17
0 2 -25
0 3 -18
0 4 -32
0 5 -13
0 6 -6
0 7 24
0 8 11
0 9 25
0 10 9
0 11 9
0 12 25
0 13 -19
0 14 19
0 16 -13
0 19 -28
0 20 4
0 23 20
0 25 25
0 29 18
0 31 -20
0 34 15
0 35 15
0 36 8
0 37 9
0 39 2
0 43 4
0 46 24
0 49 3
0 53 -7
0 55 10
0 56 -12
0 57 7
0 64 11
0 79 16
1 7 -8
1 8 -18
1 9 11
1 10 3
1 12 -4
1 13 29
1 14 25
1 16 -11
1 24 -12
1 28 27
1 33 -21
1 44 18
1 48 -22
1 59 -32
1 63 -27
1 64 -19
1 68 -13
1 72 13
2 11 -29
2 12 -31
2 40 15
2 41 6
2 59 -3
2 71 -8
3 7 29
3 25 -25
3 32 -22
4 7 -6
4 8 -27
4 9 10
4 10 -8
4 13 12
4 14 13
4 18 -27
4 30 -11
4 32 32
4 40 15
4 47 -30
4 48 -22
4 75 18
4 79 -23
5 7 -31
5 8 -12
5 10 -17
5 15 10
5 19 7
5 45 6
5 70 25
6 7 -28
6 8 -31
6 9 -23
6 10 -2
6 12 3
6 13 -27
6 14 -10
6 15 -24
6 16 24
6 17 -31
6 21 -32
6 26 26
6 35 -11
6 37 25
6 45 -22
6 46 -6
6 48 -8
6 52 -22
6 56 11
6 63 -15
6 65 -5
6 69 30
6 73 13
6 74 5
7 8 -2
7 9 17
7 11 -18
7 12 -5
7 13 -21
7 15 19
7 17 -4
7 18 5
7 20 -11
7 21 20
7 22 -13
7 24 -2
7 32 -7
7 42 -30
7 43 31
7 49 28
7 64 -31
7 73 12
7 75 -9
8 9 -2
8 11 -23
8 12 18
8 13 3
8 15 8
8 17 -25
8 18 8
8 23 28
8 26 28
8 28 -17
8 33 -22
8 40 -6
8 41 -11
8 42 14
8 47 -23
8 48 -2
8 49 -4
8 53 -7
8 54 25
8 61 18
8 62 9
8 70 2
8 71 21
8 73 19
8 77 26
8 78 -12
8 79 20
9 10 -27
9 11 20
9 17 12
9 18 25
9 19 -22
9 20 28
9 24 25
9 25 9
9 27 -32
9 28 15
9 29 12
9 42 11
9 46 27
9 47 9
9 62 6
9 63 15
9 66 13
9 69 -5
10 11 29
10 17 28
10 19 -20
10 21 -7
10 22 -24
10 23 -15
10 24 32
10 26 -22
10 29 21
10 30 22
10 31 -32
10 35 3
10 39 14
10 41 -26
10 44 -2
10 45 5
10 49 12
10 50 -18
10 56 9
10 58 -10
10 65 -4
10 67 -17
10 70 -10
10 75 -28
11 15 15
11 16 -24
11 18 -7
11 20 30
11 22 16
11 30 29
11 35 23
11 38 11
11 42 9
11 45 -12
11 47 13
11 53 -32
11 60 17
11 66 -2
11 68 4
11 71 -6
11 77 -16
11 79 -5
12 14 -7
12 15 20
12 16 -8
12 20 -16
12 21 -30
12 22 -19
12 31 -30
12 32 8
12 38 -23
12 39 21
12 49 -5
12 50 -7
12 51 4
12 56 -18
12 58 14
12 62 19
12 67 21
12 78 5
12 79 -5
13 14 -20
13 19 15
13 20 19
13 27 11
13 28 -19
13 30 4
13 33 31
13 34 -18
13 37 2
13 42 9
13 49 -8
13 52 31
13 54 16
13 57 -17
13 64 13
13 68 32
13 71 15
14 17 -22
14 27 -21
14 28 -25
14 29 22
14 52 31
14 55 -16
14 58 18
14 61 25
14 65 6
14 72 5
15 16 -6
15 18 -21
15 21 -6
15 23 14
15 32 -20
15 37 18
15 40 -7
15 44 22
15 45 -8
15 53 -7
15 55 -28
16 19 12
16 21 6
16 23 24
16 30 11
16 32 -2
16 37 -28
17 22 19
17 24 -15
17 29 24
17 35 24
17 36 -19
17 43 -4
17 46 -26
17 62 -22
17 65 -28
18 31 13
18 34 -15
18 36 -2
18 38 -6
18 42 29
18 56 27
18 72 19
18 78 20
19 25 6
19 26 25
19 29 -31
19 30 17
19 33 30
19 52 23
19 58 -21
19 61 -9
19 65 -26
19 66 -10
19 73 -8
19 74 6
19 78 -24
20 22 30
20 36 32
20 39 12
20 43 7
20 51 4
20 54 22
20 64 -18
20 69 -27
20 72 -19
20 75 20
20 76 32
20 78 9
21 44 31
22 23 28
22 24 -24
22 25 21
22 26 12
22 27 -27
22 31 -30
22 33 -15
22 34 13
22 38 16
22 41 -8
22 50 -10
22 59 -5
22 67 29
22 69 17
22 74 26
22 77 -23
23 25 11
23 26 -30
23 27 22
23 31 5
23 54 8
23 60 -10
24 27 -5
24 36 -19
24 51 30
24 57 -32
24 64 6
24 77 23
25 46 -31
25 47 -8
25 74 27
26 39 16
26 41 -31
26 45 4
26 59 5
27 28 -26
27 38 23
27 47 30
28 67 18
28 75 2
29 35 -15
29 36 -30
29 44 8
29 73 -22
29 77 -11
30 46 -14
30 60 20
30 62 9
30 73 -3
31 33 13
31 40 -19
31 50 -20
31 51 -9
31 53 -25
31 59 19
32 34 21
32 54 -3
32 58 -14
32 67 -21
32 74 28
32 76 6
33 34 30
33 37 16
33 55 -7
34 38 13
34 40 -15
34 66 -14
36 41 -27
36 43 -25
36 50 -15
36 55 -30
36 59 -12
36 61 -24
36 63 -16
36 66 -22
36 68 28
36 72 -2
36 75 28
36 76 -5
37 58 -6
37 72 -9
37 78 -14
38 39 17
38 54 -2
38 60 -26
39 52 32
39 56 -2
39 65 -24
39 66 -29
39 68 27
39 71 13
39 76 -22
40 44 -23
40 48 23
40 79 -11
41 57 -22
41 61 26
42 43 -4
42 55 21
42 57 -19
42 69 4
43 51 12
43 53 -21
44 52 30
44 57 5
44 62 18
45 60 6
46 48 -2
46 50 4
49 51 14
49 60 27
49 61 -29
50 63 -3
51 71 21
56 63 18
56 76 -11
58 68 29
58 74 8
58 76 -20
61 77 16
62 70 -28
63 67 -21
63 70 -5
64 69 6
65 70 25
-1
-3925
