ba_80_8_16
80
10
14
3
12
-4
-2
-9
-3
-8
-5
6
6
3
9
-4
-7
6
3
-13
4
-11
15
-15
9
-4
7
2
-7
-9
-7
13
-3
-12
-5
-6
-10
-15
-6
-16
16
15
4
14
-3
-5
11
-5
6
-13
16
10
5
-13
-8
-2
-11
2
-9
-4
8
13
7
-11
9
10
-3
13
12
7
11
-10
7
16
-11
-9
-2
10
-7
12
-5
0 1 -9
0 2 -6
0 3 10
0 4 -16
0 5 -6
0 6 8
0 7 16
0 8 9
0 9 9
0 10 -8
0 11 7
0 12 8
0 13 -3
0 15 12
0 16 15
0 17 -16
0 21 6
0 22 -14
0 23 16
0 25 -10
0 26 -14
0 28 -2
0 31 -4
0 37 -12
0 45 -14
0 48 15
0 50 -9
0 56 15
0 58 13
0 65 -8
0 69 -5
0 70 -12
0 71 -4
0 78 9
1 9 2
1 10 7
1 11 -6
1 13 -7
1 15 2
1 19 4
1 21 13
1 22 -11
1 23 2
1 27 -12
1 40 -12
1 41 12
1 44 16
1 49 7
1 58 4
1 62 14
1 71 -12
1 72 -2
2 9 15
2 10 -6
2 11 -7
2 13 3
2 17 -7
2 18 -8
2 24 11
2 32 -6
2 37 15
2 39 2
2 46 -7
2 47 -4
2 53 5
2 55 -10
2 57 -13
2 60 -7
2 67 -2
2 78 -10
3 9 9
3 10 -16
3 11 -13
3 12 -13
3 14 -12
3 15 15
3 16 -9
3 28 -6
3 31 11
3 41 12
3 49 3
3 50 -15
3 51 -14
3 52 8
3 61 15
3 67 -9
3 78 -13
4 9 10
4 11 -7
4 14 6
4 30 -3
4 40 -7
5 9 11
5 10 14
5 12 -14
5 14 16
5 18 -6
5 36 15
5 56 11
5 61 10
6 9 -9
6 10 2
6 12 -4
6 14 12
6 16 -15
6 20 -6
6 25 -12
6 35 11
6 38 -3
6 40 -4
6 47 -3
6 51 11
6 61 -8
6 62 4
7 9 -10
7 11 -14
7 13 8
7 17 6
7 27 2
7 32 16
7 38 -8
7 42 6
7 46 4
7 49 5
7 56 4
7 62 5
7 68 2
7 72 -4
7 73 13
7 75 -12
8 10 4
8 12 -4
8 13 -13
8 14 6
8 17 -9
8 20 4
8 23 13
8 25 10
8 26 -7
8 30 -3
8 35 2
8 39 -3
8 42 -15
8 43 -6
8 47 14
8 58 -16
8 75 -6
9 10 7
9 11 -3
9 12 -16
9 13 6
9 14 -4
9 15 6
9 16 -15
9 18 4
9 19 14
9 20 6
9 23 -12
9 24 -11
9 25 6
9 28 -5
9 30 -5
9 32 -15
9 36 6
9 42 -11
9 45 9
9 46 -15
9 47 7
9 51 6
9 63 4
9 68 -16
9 73 -3
9 76 -11
9 77 11
9 78 16
10 11 -11
10 12 15
10 13 -8
10 14 11
10 15 9
10 16 -4
10 17 2
10 18 5
10 19 16
10 20 -8
10 21 7
10 24 5
10 25 5
10 27 -3
10 29 3
10 31 -10
10 32 -15
10 33 15
10 34 8
10 36 -4
10 37 15
10 38 4
10 41 13
10 42 -11
10 43 -3
10 44 -8
10 45 6
10 46 3
10 48 14
10 49 11
10 55 3
10 56 -13
10 57 -3
10 60 -4
10 61 16
10 65 10
10 66 14
10 71 -5
10 74 13
10 76 -12
10 77 -5
11 12 12
11 13 -14
11 14 -3
11 15 11
11 18 2
11 19 -13
11 24 14
11 25 10
11 26 2
11 28 2
11 33 -4
11 35 -8
11 37 -9
11 41 -12
11 43 2
11 44 -7
11 47 15
11 48 -3
11 52 -5
11 53 2
11 57 16
11 60 7
11 67 16
11 72 7
12 15 -4
12 16 -7
12 17 -5
12 19 -7
12 20 -12
12 29 -8
12 34 -7
12 36 11
12 43 16
12 53 -8
12 59 -8
12 68 -12
12 71 -4
12 77 4
13 15 -13
13 16 15
13 18 -4
13 19 15
13 21 8
13 22 -9
13 23 16
13 27 6
13 29 9
13 32 -2
13 42 12
13 52 -4
13 53 9
13 58 6
13 63 -9
13 67 4
13 68 12
13 69 -12
13 79 -7
14 16 -4
14 17 -4
14 18 5
14 20 11
14 21 7
14 22 11
14 25 4
14 26 4
14 29 2
14 33 12
14 37 -8
14 40 7
14 43 -6
14 45 15
14 52 -14
14 58 7
14 59 3
14 69 12
14 72 3
14 75 7
14 79 8
15 19 6
15 33 -14
15 44 2
15 54 11
15 60 -10
16 17 -10
16 18 14
16 21 16
16 22 10
16 23 -12
16 26 -3
16 29 -2
16 33 -10
16 37 -7
16 38 -13
16 39 16
16 41 -4
16 46 -10
16 50 13
16 60 -2
16 67 -14
16 73 2
16 74 5
16 79 9
17 20 -5
17 26 11
17 27 -12
17 28 6
17 29 9
17 32 14
17 44 -9
17 46 13
17 53 7
17 55 4
17 56 -16
17 57 -11
17 65 2
17 66 6
17 67 -4
17 69 5
17 74 7
17 76 7
18 19 11
18 20 -16
18 21 10
18 24 16
18 30 10
18 31 10
18 38 16
18 39 8
18 40 2
18 48 13
18 50 2
18 52 7
18 59 -9
18 64 4
18 69 -6
18 75 4
18 77 -2
19 22 13
19 23 5
19 25 16
19 26 -8
19 32 -12
19 34 -13
19 35 7
19 45 6
19 54 15
19 62 8
19 75 -7
19 78 -4
20 21 -5
20 22 3
20 23 8
20 27 8
20 29 3
20 30 5
20 31 -12
20 34 2
20 35 6
20 37 -4
20 38 -16
20 41 2
20 48 -9
20 50 -7
20 51 12
20 53 16
20 54 -16
20 55 3
20 57 2
20 59 10
20 60 14
20 61 12
20 62 -8
20 63 -10
20 64 13
20 68 12
20 71 15
20 74 -4
20 76 3
21 22 9
21 24 -3
21 27 10
21 30 8
21 31 10
21 34 7
21 36 14
21 41 -10
21 43 -15
21 45 -10
21 51 12
21 52 15
21 64 -15
21 69 16
21 72 -8
21 79 7
22 24 8
22 33 -4
22 36 16
22 39 4
22 42 5
22 51 4
22 55 -2
22 63 -4
23 24 14
23 27 -16
23 34 -8
23 35 7
23 40 -13
23 47 4
23 48 -11
23 52 -8
23 54 2
23 61 3
23 66 -11
23 72 6
23 73 -16
23 74 15
24 26 -7
24 28 -2
24 33 9
24 36 -11
24 38 -6
24 39 13
24 42 -16
24 46 4
24 47 -4
24 48 -5
24 54 6
24 60 11
24 64 -16
24 66 4
25 28 -12
25 43 5
25 59 -13
25 63 13
26 31 -8
26 35 16
26 36 -7
26 38 14
26 44 16
26 53 -12
26 55 2
26 62 7
26 64 -10
27 28 15
27 29 15
27 30 7
27 31 2
27 34 -10
27 35 -2
27 39 -13
27 46 -10
27 48 -12
27 50 -16
27 52 -6
27 56 -4
27 57 -16
27 58 15
27 66 15
27 67 9
27 71 -3
27 77 -6
28 32 3
28 58 -16
28 64 -11
28 70 -7
28 73 14
29 30 -3
29 33 -3
29 42 8
29 50 -5
29 53 13
30 56 -5
31 41 -12
31 51 11
31 56 12
31 60 -13
31 67 -11
31 75 -7
31 76 -9
32 34 -15
32 37 13
32 49 -15
32 66 -6
32 72 16
32 77 -5
32 79 -11
33 45 -12
33 54 10
33 57 2
33 74 6
34 44 4
34 59 4
34 68 9
35 40 -16
36 66 -3
36 77 -9
37 49 6
37 62 6
37 63 12
37 70 -4
37 73 4
38 39 -8
38 40 -8
38 44 15
38 63 2
38 64 4
38 65 -8
40 47 -16
40 54 6
40 61 11
40 74 -3
41 43 14
41 51 6
41 61 5
41 64 -11
42 55 -11
42 70 -7
43 45 -12
43 49 -14
43 65 -9
43 70 -12
44 49 14
44 50 -10
44 59 -14
44 65 4
44 72 -15
44 74 -7
44 78 5
45 57 15
46 70 -14
49 55 11
49 59 -4
49 77 -11
50 58 -14
50 65 13
50 66 -12
51 54 9
51 78 7
52 63 5
52 69 -15
52 70 -14
52 73 -5
54 62 -8
54 71 -7
54 79 -6
55 76 8
58 68 -4
58 69 3
59 65 -7
59 70 -2
60 71 2
60 75 12
61 73 -6
63 68 16
65 76 -8
66 75 -4
66 79 -9
70 79 -3
71 76 -4
73 78 -14
-1
-2273
