ba_80_8_4
80
-2
3
4
-2
2
2
3
-3
-2
3
3
4
3
4
-3
3
-3
-4
4
4
4
-4
2
3
2
-4
2
3
3
-2
-2
-3
2
3
3
2
-4
4
-3
-4
-3
-4
2
-2
-4
-2
-2
-3
3
-4
2
-4
-2
2
-2
2
-2
-4
2
3
-3
4
2
-4
-2
3
2
-4
3
-2
3
3
4
-2
-4
4
-2
4
4
-2
0 1 2
0 2 4
0 3 3
0 4 -3
0 5 -3
0 6 4
0 7 -3
0 8 -3
0 9 2
0 10 -2
0 11 4
0 12 4
0 13 -3
0 15 4
0 16 -3
0 17 -3
0 21 -4
0 22 4
0 23 2
0 25 2
0 26 2
0 28 2
0 31 -4
0 37 -2
0 45 4
0 48 3
0 50 -3
0 56 -3
0 58 3
0 65 -4
0 69 -2
0 70 -3
0 71 4
0 78 -3
1 9 -3
1 10 -4
1 11 4
1 13 4
1 15 -3
1 19 2
1 21 2
1 22 -4
1 23 -2
1 27 -2
1 40 -4
1 41 -2
1 44 2
1 49 4
1 58 2
1 62 -4
1 71 -3
1 72 -3
2 9 -3
2 10 -4
2 11 4
2 13 2
2 17 -4
2 18 -4
2 24 -3
2 32 -4
2 37 2
2 39 -4
2 46 3
2 47 -3
2 53 2
2 55 -3
2 57 4
2 60 -3
2 67 -4
2 78 -2
3 9 -2
3 10 4
3 11 3
3 12 3
3 14 -2
3 15 2
3 16 3
3 28 -4
3 31 3
3 41 -2
3 49 -2
3 50 2
3 51 -4
3 52 -3
3 61 4
3 67 2
3 78 3
4 9 3
4 11 2
4 14 2
4 30 -2
4 40 -2
5 9 4
5 10 2
5 12 2
5 14 3
5 18 -2
5 36 3
5 56 -2
5 61 2
6 9 4
6 10 -2
6 12 2
6 14 3
6 16 -3
6 20 -3
6 25 2
6 35 -2
6 38 -4
6 40 2
6 47 2
6 51 3
6 61 3
6 62 3
7 9 4
7 11 -3
7 13 3
7 17 -3
7 27 -3
7 32 2
7 38 3
7 42 -3
7 46 -3
7 49 4
7 56 -3
7 62 -4
7 68 -4
7 72 -3
7 73 3
7 75 2
8 10 -2
8 12 -4
8 13 -4
8 14 -2
8 17 2
8 20 2
8 23 -4
8 25 -3
8 26 -4
8 30 -4
8 35 -4
8 39 -4
8 42 -2
8 43 -4
8 47 -3
8 58 4
8 75 3
9 10 4
9 11 -3
9 12 3
9 13 3
9 14 2
9 15 4
9 16 -2
9 18 -2
9 19 -3
9 20 3
9 23 3
9 24 -4
9 25 3
9 28 -2
9 30 3
9 32 -2
9 36 -2
9 42 3
9 45 4
9 46 -2
9 47 3
9 51 4
9 63 -4
9 68 -2
9 73 4
9 76 3
9 77 2
9 78 -2
10 11 -3
10 12 -3
10 13 -3
10 14 -4
10 15 4
10 16 2
10 17 4
10 18 4
10 19 3
10 20 -2
10 21 2
10 24 4
10 25 -3
10 27 -2
10 29 3
10 31 -4
10 32 -3
10 33 2
10 34 -2
10 36 2
10 37 3
10 38 -3
10 41 -4
10 42 2
10 43 3
10 44 3
10 45 3
10 46 -4
10 48 -3
10 49 -2
10 55 4
10 56 3
10 57 4
10 60 2
10 61 2
10 65 -2
10 66 2
10 71 -4
10 74 3
10 76 -4
10 77 2
11 12 4
11 13 -3
11 14 4
11 15 -4
11 18 4
11 19 -2
11 24 2
11 25 4
11 26 -2
11 28 3
11 33 4
11 35 -3
11 37 2
11 41 3
11 43 -2
11 44 2
11 47 4
11 48 3
11 52 4
11 53 3
11 57 -3
11 60 -2
11 67 -4
11 72 4
12 15 4
12 16 -3
12 17 2
12 19 3
12 20 -3
12 29 -2
12 34 -4
12 36 -2
12 43 4
12 53 -3
12 59 3
12 68 -2
12 71 4
12 77 -2
13 15 3
13 16 -4
13 18 -3
13 19 -2
13 21 -4
13 22 4
13 23 2
13 27 3
13 29 4
13 32 -2
13 42 -3
13 52 -2
13 53 -3
13 58 4
13 63 -4
13 67 -4
13 68 4
13 69 4
13 79 -4
14 16 -2
14 17 -3
14 18 -4
14 20 -2
14 21 -2
14 22 -3
14 25 4
14 26 2
14 29 2
14 33 3
14 37 -4
14 40 3
14 43 -3
14 45 2
14 52 2
14 58 4
14 59 -3
14 69 3
14 72 2
14 75 -2
14 79 3
15 19 4
15 33 -3
15 44 4
15 54 -4
15 60 2
16 17 3
16 18 -3
16 21 3
16 22 -4
16 23 -3
16 26 -2
16 29 4
16 33 -4
16 37 -4
16 38 -2
16 39 -3
16 41 4
16 46 -3
16 50 3
16 60 3
16 67 4
16 73 3
16 74 -4
16 79 -4
17 20 -4
17 26 4
17 27 -2
17 28 -2
17 29 3
17 32 3
17 44 -2
17 46 -3
17 53 3
17 55 4
17 56 -4
17 57 3
17 65 2
17 66 -2
17 67 -2
17 69 -4
17 74 -2
17 76 4
18 19 -4
18 20 -3
18 21 4
18 24 3
18 30 -4
18 31 -4
18 38 -2
18 39 -2
18 40 3
18 48 2
18 50 3
18 52 -2
18 59 2
18 64 3
18 69 -4
18 75 -4
18 77 2
19 22 -2
19 23 2
19 25 -3
19 26 -3
19 32 3
19 34 3
19 35 4
19 45 3
19 54 -4
19 62 -4
19 75 -2
19 78 -3
20 21 -2
20 22 -2
20 23 -4
20 27 2
20 29 -3
20 30 -2
20 31 2
20 34 -4
20 35 -2
20 37 2
20 38 -2
20 41 -3
20 48 -3
20 50 2
20 51 -3
20 53 3
20 54 4
20 55 2
20 57 -3
20 59 -4
20 60 4
20 61 -4
20 62 -4
20 63 2
20 64 -3
20 68 4
20 71 2
20 74 4
20 76 -2
21 22 3
21 24 -3
21 27 2
21 30 2
21 31 3
21 34 3
21 36 -4
21 41 -4
21 43 3
21 45 -2
21 51 -2
21 52 -2
21 64 -2
21 69 -3
21 72 4
21 79 -3
22 24 3
22 33 3
22 36 2
22 39 4
22 42 2
22 51 3
22 55 3
22 63 -2
23 24 -4
23 27 -3
23 34 -2
23 35 -4
23 40 4
23 47 4
23 48 4
23 52 3
23 54 2
23 61 2
23 66 3
23 72 -4
23 73 -4
23 74 4
24 26 -3
24 28 -2
24 33 4
24 36 -4
24 38 -3
24 39 3
24 42 3
24 46 4
24 47 3
24 48 -3
24 54 -4
24 60 -2
24 64 -3
24 66 2
25 28 -4
25 43 4
25 59 4
25 63 -2
26 31 -3
26 35 4
26 36 3
26 38 4
26 44 4
26 53 -3
26 55 3
26 62 -4
26 64 -3
27 28 -3
27 29 4
27 30 -3
27 31 -3
27 34 -4
27 35 4
27 39 -4
27 46 -4
27 48 -2
27 50 -3
27 52 -2
27 56 -4
27 57 -4
27 58 4
27 66 4
27 67 -2
27 71 -4
27 77 2
28 32 3
28 58 -2
28 64 -4
28 70 2
28 73 2
29 30 3
29 33 4
29 42 3
29 50 3
29 53 4
30 56 2
31 41 4
31 51 -3
31 56 -3
31 60 4
31 67 2
31 75 3
31 76 -2
32 34 -2
32 37 3
32 49 3
32 66 3
32 72 -2
32 77 -3
32 79 2
33 45 4
33 54 2
33 57 -3
33 74 -3
34 44 -2
34 59 -4
34 68 -2
35 40 -2
36 66 2
36 77 3
37 49 -3
37 62 -4
37 63 2
37 70 3
37 73 -2
38 39 4
38 40 -3
38 44 -2
38 63 -3
38 64 -2
38 65 3
40 47 -2
40 54 -2
40 61 2
40 74 2
41 43 -4
41 51 -4
41 61 3
41 64 -3
42 55 3
42 70 3
43 45 -2
43 49 -3
43 65 -4
43 70 -3
44 49 3
44 50 -4
44 59 3
44 65 4
44 72 -3
44 74 -2
44 78 4
45 57 -3
46 70 3
49 55 -3
49 59 -4
49 77 -2
50 58 -3
50 65 4
50 66 3
51 54 2
51 78 2
52 63 -4
52 69 -2
52 70 2
52 73 -3
54 62 -4
54 71 -2
54 79 4
55 76 2
58 68 -2
58 69 -2
59 65 3
59 70 -2
60 71 2
60 75 2
61 73 -4
63 68 -4
65 76 -4
66 75 -4
66 79 -3
70 79 -3
71 76 -4
73 78 -2
-1
-732
