ba_80_4_32
80
-19
5
27
-32
7
-11
-4
16
-27
20
-2
31
-28
-19
27
-20
-24
-32
-3
12
31
27
-21
7
9
-25
20
-23
-25
25
23
-7
12
32
28
-7
-9
22
29
28
21
26
25
7
-17
26
-2
6
3
11
3
-26
-7
-17
-15
16
-4
-20
-27
17
-4
4
28
-18
-18
-4
-22
-6
-22
-8
-6
25
-15
-27
-14
-26
11
-4
-8
-30
0 1 -6
0 2 -17
0 3 -29
0 4 -24
0 5 -11
0 6 29
0 7 -30
0 8 5
0 10 -32
0 11 -14
0 13 2
0 14 7
0 20 28
0 21 2
0 23 9
0 26 -25
0 27 -3
0 28 2
0 32 19
0 33 -11
0 34 28
0 35 -7
0 38 -15
0 45 -28
0 50 20
0 57 23
0 60 26
0 62 24
0 65 18
0 66 -21
0 73 -24
1 5 20
1 7 13
1 12 27
1 14 19
1 17 31
1 19 -31
1 27 20
1 30 20
1 49 19
1 52 -8
1 53 12
2 5 31
2 6 -22
2 9 12
2 10 -4
2 13 -22
2 15 2
2 19 -4
2 21 -9
2 39 -2
2 44 -14
2 49 -26
2 62 -4
2 65 25
3 5 9
3 6 -15
3 7 -28
3 8 16
3 9 -7
3 12 13
3 16 -18
3 17 -32
3 18 -24
3 20 23
3 22 17
3 28 -22
3 31 -4
3 35 20
3 36 -18
3 46 8
3 57 9
3 71 -22
3 74 7
3 76 -16
3 77 -32
4 11 -5
4 25 -25
4 29 -7
5 6 28
5 7 -3
5 8 -18
5 11 26
5 12 13
5 13 -31
5 14 24
5 16 4
5 19 -31
5 20 23
5 21 -15
5 22 12
5 26 -4
5 29 31
5 32 16
5 33 -5
5 34 26
5 40 -6
5 43 -15
5 44 4
5 46 26
5 47 5
5 55 -5
5 60 -3
5 69 20
5 70 17
5 74 21
5 78 -6
6 8 -30
6 20 -30
6 27 5
6 36 -16
6 41 -8
6 45 -32
6 64 24
7 9 -23
7 10 -12
7 12 -30
7 23 4
7 25 15
7 33 -7
7 36 -25
7 42 -11
7 43 16
7 50 32
7 56 28
7 59 -6
7 66 27
8 9 -16
8 10 -14
8 11 21
8 15 -32
8 16 -16
8 17 -22
8 18 -19
8 23 10
8 24 -8
8 30 -22
8 37 -3
8 38 -26
8 48 -20
8 49 -2
8 50 -26
8 52 -11
8 64 -20
8 67 31
8 69 14
8 71 -19
8 76 -9
9 22 28
9 26 27
9 34 -8
9 38 -5
9 42 24
9 58 -4
10 16 -5
10 22 28
10 29 7
10 41 -26
10 54 -19
11 13 20
11 14 -9
11 15 -16
11 17 -16
11 19 -2
11 42 20
11 59 -6
12 27 19
12 49 -19
12 63 3
12 67 12
12 77 -27
13 21 -4
13 31 -13
13 70 21
13 71 16
13 73 10
14 15 -14
14 18 17
14 24 12
14 37 5
14 41 -25
14 45 26
14 54 -9
14 58 -31
14 78 -28
15 18 -8
15 25 26
15 28 -12
15 47 -6
15 48 11
15 69 16
15 75 -12
16 23 -31
16 40 -20
16 53 -9
16 55 17
16 68 22
16 79 -8
17 36 4
18 25 16
18 29 15
18 32 22
18 35 -4
18 46 -8
18 53 26
18 72 23
19 26 -11
19 28 -10
19 31 -16
19 51 -22
19 54 -19
19 60 15
19 61 -30
19 67 -5
19 72 30
20 24 -17
20 40 25
21 33 -26
21 39 -22
22 24 13
22 45 26
22 58 -21
22 75 -25
23 43 -15
23 44 26
23 56 22
24 41 -12
24 47 -11
25 30 20
25 55 32
25 57 18
25 61 25
25 68 -21
25 70 25
25 78 -18
26 30 -6
26 31 22
26 43 -17
26 46 5
26 61 -17
26 63 7
26 76 4
27 37 -6
27 71 11
27 79 27
28 32 -18
28 34 29
28 39 13
28 40 30
28 44 26
28 52 -32
29 37 18
29 39 17
29 51 -18
29 54 20
29 76 -16
31 50 20
31 51 10
31 63 6
34 35 6
34 66 -26
36 38 26
36 56 -3
38 65 -17
38 72 24
39 53 10
40 42 6
41 48 -16
41 51 30
41 59 11
41 61 14
41 62 -29
41 64 -3
41 66 -9
42 47 -16
42 59 32
42 73 13
42 74 12
42 78 26
43 79 12
45 48 -28
46 55 -26
46 62 20
46 68 -16
47 67 26
49 60 10
50 57 4
50 70 21
51 52 2
52 56 -28
52 63 -2
52 69 29
54 75 -8
55 65 -30
55 79 -16
56 64 -25
57 58 -6
60 73 -22
61 75 22
63 68 -27
68 72 -10
69 74 -10
71 77 -7
75 77 -11
-1
-3196
