ba_80_4_16
80
2
-10
7
12
-8
-5
-12
12
-6
12
-10
11
-16
14
8
11
-4
-14
10
13
4
12
-4
13
-9
12
14
-9
-12
13
12
3
14
-2
-15
13
7
6
9
-7
9
-2
-16
-12
-16
11
-14
3
-13
-5
-12
3
16
14
-3
-6
16
-7
4
16
2
2
-10
-5
-15
16
7
2
-6
9
-4
-13
-6
8
8
4
-15
-3
2
-5
0 1 -7
0 2 -12
0 3 14
0 4 4
0 5 4
0 6 -9
0 7 -2
0 8 -13
0 10 10
0 11 -12
0 13 16
0 14 -9
0 20 -8
0 21 -2
0 23 5
0 26 -16
0 27 -8
0 28 -7
0 32 15
0 33 12
0 34 13
0 35 -8
0 38 6
0 45 15
0 50 -16
0 57 -10
0 60 7
0 62 -9
0 65 -16
0 66 14
0 73 -13
1 5 -12
1 7 -14
1 12 -7
1 14 10
1 17 -12
1 19 12
1 27 -5
1 30 8
1 49 3
1 52 4
1 53 -2
2 5 3
2 6 -8
2 9 14
2 10 10
2 13 16
2 15 -11
2 19 -5
2 21 4
2 39 13
2 44 -12
2 49 11
2 62 9
2 65 -4
3 5 5
3 6 2
3 7 5
3 8 -16
3 9 -5
3 12 8
3 16 8
3 17 -9
3 18 -9
3 20 -3
3 22 9
3 28 -7
3 31 -11
3 35 -6
3 36 7
3 46 2
3 57 2
3 71 4
3 74 -9
3 76 15
3 77 13
4 11 16
4 25 -15
4 29 5
5 6 -2
5 7 -13
5 8 -15
5 11 -14
5 12 15
5 13 11
5 14 -16
5 16 9
5 19 5
5 20 -2
5 21 12
5 22 -16
5 26 4
5 29 -10
5 32 3
5 33 -14
5 34 -8
5 40 -5
5 43 -16
5 44 -8
5 46 7
5 47 -10
5 55 8
5 60 -3
5 69 15
5 70 -14
5 74 14
5 78 -2
6 8 -6
6 20 -8
6 27 12
6 36 13
6 41 10
6 45 11
6 64 11
7 9 -8
7 10 2
7 12 -7
7 23 10
7 25 -3
7 33 16
7 36 -5
7 42 -6
7 43 -12
7 50 2
7 56 6
7 59 -7
7 66 8
8 9 3
8 10 5
8 11 -3
8 15 -15
8 16 -11
8 17 8
8 18 15
8 23 -12
8 24 -16
8 30 12
8 37 14
8 38 10
8 48 -11
8 49 3
8 50 -5
8 52 -5
8 64 12
8 67 5
8 69 4
8 71 16
8 76 -9
9 22 -15
9 26 4
9 34 -6
9 38 13
9 42 -8
9 58 3
10 16 6
10 22 -13
10 29 -7
10 41 10
10 54 15
11 13 8
11 14 -3
11 15 -4
11 17 -14
11 19 4
11 42 8
11 59 -11
12 27 3
12 49 9
12 63 8
12 67 14
12 77 -15
13 21 5
13 31 -8
13 70 2
13 71 -3
13 73 -16
14 15 -15
14 18 -10
14 24 -11
14 37 7
14 41 16
14 45 -8
14 54 -2
14 58 -15
14 78 16
15 18 -9
15 25 5
15 28 10
15 47 -6
15 48 9
15 69 5
15 75 4
16 23 -3
16 40 2
16 53 -5
16 55 -12
16 68 3
16 79 -12
17 36 9
18 25 12
18 29 -11
18 32 -15
18 35 -5
18 46 13
18 53 -12
18 72 -12
19 26 -4
19 28 7
19 31 2
19 51 -12
19 54 3
19 60 -6
19 61 14
19 67 -4
19 72 15
20 24 -3
20 40 5
21 33 -2
21 39 -4
22 24 -5
22 45 -13
22 58 -13
22 75 16
23 43 -10
23 44 12
23 56 -4
24 41 -5
24 47 8
25 30 -12
25 55 -2
25 57 2
25 61 -7
25 68 6
25 70 -5
25 78 -12
26 30 7
26 31 -16
26 43 -4
26 46 14
26 61 -2
26 63 -14
26 76 6
27 37 -11
27 71 6
27 79 -8
28 32 -8
28 34 8
28 39 -12
28 40 -5
28 44 -9
28 52 2
29 37 9
29 39 -9
29 51 -16
29 54 3
29 76 14
31 50 12
31 51 9
31 63 16
34 35 2
34 66 -3
36 38 -15
36 56 3
38 65 11
38 72 10
39 53 16
40 42 -15
41 48 -5
41 51 11
41 59 13
41 61 -12
41 62 -4
41 64 5
41 66 -2
42 47 9
42 59 13
42 73 -10
42 74 5
42 78 -14
43 79 4
45 48 -2
46 55 16
46 62 8
46 68 10
47 67 7
49 60 12
50 57 -8
50 70 -10
51 52 -13
52 56 11
52 63 -5
52 69 14
54 75 -14
55 65 8
55 79 5
56 64 -16
57 58 4
60 73 14
61 75 13
63 68 -8
68 72 -5
69 74 -14
71 77 -9
75 77 -14
-1
-1719
