ba_80_8_8
80
6
-3
7
-6
-5
-4
-2
-7
5
3
6
-3
2
5
-8
-5
-2
-8
5
7
-2
-5
-8
6
-8
7
-8
2
-3
-7
-5
-8
4
-8
5
-5
3
-7
-7
-3
-8
8
4
2
-2
-8
-3
-7
3
4
6
4
-8
6
8
-2
-3
2
-4
-8
-5
-7
3
-6
-8
-5
-8
-3
6
-8
7
3
-3
3
-3
7
8
-6
4
-6
0 1 -3
0 2 -4
0 3 -2
0 4 6
0 5 2
0 6 -3
0 7 3
0 8 7
0 9 2
0 10 -2
0 11 7
0 12 -3
0 13 -5
0 15 5
0 16 7
0 17 7
0 21 -4
0 22 -7
0 23 -3
0 25 4
0 26 6
0 28 -2
0 31 -3
0 37 4
0 45 -2
0 48 5
0 50 -8
0 56 8
0 58 8
0 65 6
0 69 3
0 70 -6
0 71 -6
0 78 2
1 9 4
1 10 2
1 11 6
1 13 2
1 15 -3
1 19 4
1 21 -8
1 22 8
1 23 2
1 27 8
1 40 -5
1 41 -4
1 44 7
1 49 -8
1 58 6
1 62 4
1 71 -8
1 72 6
2 9 -5
2 10 -4
2 11 -6
2 13 7
2 17 -3
2 18 6
2 24 5
2 32 -5
2 37 4
2 39 2
2 46 -4
2 47 5
2 53 6
2 55 5
2 57 3
2 60 5
2 67 8
2 78 6
3 9 -8
3 10 5
3 11 -8
3 12 5
3 14 -6
3 15 -6
3 16 -4
3 28 2
3 31 -3
3 41 -2
3 49 -6
3 50 -4
3 51 3
3 52 -7
3 61 -7
3 67 -7
3 78 -5
4 9 8
4 11 8
4 14 -6
4 30 -2
4 40 5
5 9 -6
5 10 7
5 12 3
5 14 -6
5 18 3
5 36 7
5 56 3
5 61 -6
6 9 -4
6 10 2
6 12 -6
6 14 -5
6 16 -7
6 20 4
6 25 -5
6 35 -3
6 38 4
6 40 -3
6 47 -3
6 51 3
6 61 -8
6 62 -2
7 9 -4
7 11 -7
7 13 7
7 17 5
7 27 5
7 32 3
7 38 -2
7 42 -8
7 46 -7
7 49 3
7 56 -5
7 62 5
7 68 6
7 72 -6
7 73 7
7 75 -7
8 10 8
8 12 -5
8 13 -8
8 14 -2
8 17 5
8 20 4
8 23 -6
8 25 -5
8 26 -2
8 30 3
8 35 3
8 39 8
8 42 8
8 43 5
8 47 4
8 58 7
8 75 5
9 10 6
9 11 4
9 12 8
9 13 -4
9 14 6
9 15 -4
9 16 -6
9 18 -2
9 19 -3
9 20 2
9 23 7
9 24 4
9 25 6
9 28 -3
9 30 6
9 32 -6
9 36 3
9 42 -5
9 45 -4
9 46 7
9 47 4
9 51 5
9 63 -8
9 68 2
9 73 -3
9 76 -8
9 77 7
9 78 5
10 11 -2
10 12 3
10 13 -6
10 14 -7
10 15 -5
10 16 -3
10 17 -3
10 18 -4
10 19 -5
10 20 -7
10 21 5
10 24 8
10 25 -3
10 27 2
10 29 4
10 31 3
10 32 -3
10 33 -3
10 34 3
10 36 -6
10 37 -3
10 38 7
10 41 -6
10 42 3
10 43 8
10 44 -4
10 45 -7
10 46 -3
10 48 -2
10 49 -2
10 55 2
10 56 -8
10 57 -6
10 60 6
10 61 4
10 65 3
10 66 -8
10 71 2
10 74 -4
10 76 6
10 77 2
11 12 -2
11 13 -4
11 14 8
11 15 6
11 18 -6
11 19 -5
11 24 6
11 25 -2
11 26 -3
11 28 -5
11 33 2
11 35 6
11 37 -3
11 41 7
11 43 5
11 44 -4
11 47 -5
11 48 -8
11 52 3
11 53 -6
11 57 -4
11 60 5
11 67 -5
11 72 -7
12 15 7
12 16 -3
12 17 -4
12 19 2
12 20 7
12 29 -5
12 34 -6
12 36 -4
12 43 -3
12 53 6
12 59 -6
12 68 -2
12 71 2
12 77 -2
13 15 -2
13 16 8
13 18 -6
13 19 -4
13 21 5
13 22 -7
13 23 -8
13 27 6
13 29 -6
13 32 -6
13 42 4
13 52 2
13 53 -4
13 58 -8
13 63 -6
13 67 4
13 68 5
13 69 -3
13 79 8
14 16 -4
14 17 8
14 18 -4
14 20 -4
14 21 -4
14 22 5
14 25 -4
14 26 -5
14 29 8
14 33 -2
14 37 -4
14 40 2
14 43 -2
14 45 3
14 52 6
14 58 8
14 59 5
14 69 6
14 72 -4
14 75 3
14 79 -2
15 19 4
15 33 -6
15 44 -4
15 54 -8
15 60 5
16 17 4
16 18 3
16 21 -7
16 22 7
16 23 -6
16 26 -7
16 29 6
16 33 -4
16 37 4
16 38 -6
16 39 -5
16 41 -6
16 46 6
16 50 -3
16 60 -8
16 67 7
16 73 7
16 74 7
16 79 8
17 20 2
17 26 -7
17 27 -5
17 28 8
17 29 7
17 32 -5
17 44 4
17 46 -7
17 53 3
17 55 -5
17 56 6
17 57 2
17 65 3
17 66 -7
17 67 2
17 69 -6
17 74 6
17 76 -6
18 19 -4
18 20 -2
18 21 2
18 24 7
18 30 -3
18 31 6
18 38 5
18 39 6
18 40 -3
18 48 -4
18 50 7
18 52 3
18 59 8
18 64 -8
18 69 -3
18 75 3
18 77 -3
19 22 7
19 23 3
19 25 6
19 26 -7
19 32 5
19 34 -4
19 35 -6
19 45 -3
19 54 4
19 62 -8
19 75 -3
19 78 -2
20 21 -4
20 22 3
20 23 5
20 27 -2
20 29 -2
20 30 7
20 31 6
20 34 5
20 35 5
20 37 8
20 38 -8
20 41 -7
20 48 2
20 50 4
20 51 6
20 53 5
20 54 -2
20 55 7
20 57 -5
20 59 6
20 60 6
20 61 3
20 62 4
20 63 3
20 64 -3
20 68 8
20 71 8
20 74 3
20 76 -2
21 22 2
21 24 3
21 27 2
21 30 4
21 31 -7
21 34 7
21 36 -5
21 41 5
21 43 -8
21 45 -3
21 51 -3
21 52 3
21 64 6
21 69 -2
21 72 2
21 79 3
22 24 5
22 33 8
22 36 -8
22 39 -3
22 42 -6
22 51 -4
22 55 7
22 63 5
23 24 8
23 27 -8
23 34 8
23 35 7
23 40 -6
23 47 -6
23 48 -3
23 52 -5
23 54 2
23 61 -5
23 66 -2
23 72 5
23 73 -7
23 74 8
24 26 -2
24 28 4
24 33 -2
24 36 5
24 38 2
24 39 4
24 42 4
24 46 6
24 47 -8
24 48 2
24 54 8
24 60 -6
24 64 -5
24 66 6
25 28 2
25 43 -2
25 59 -6
25 63 -7
26 31 5
26 35 5
26 36 -5
26 38 -8
26 44 -4
26 53 -3
26 55 7
26 62 5
26 64 -6
27 28 3
27 29 4
27 30 6
27 31 7
27 34 6
27 35 4
27 39 -8
27 46 3
27 48 -6
27 50 8
27 52 5
27 56 -8
27 57 2
27 58 -4
27 66 -3
27 67 7
27 71 -3
27 77 -5
28 32 -2
28 58 7
28 64 -8
28 70 -8
28 73 -7
29 30 2
29 33 -2
29 42 -8
29 50 5
29 53 -6
30 56 6
31 41 -8
31 51 -6
31 56 -7
31 60 -2
31 67 2
31 75 3
31 76 4
32 34 -8
32 37 8
32 49 -2
32 66 5
32 72 -3
32 77 3
32 79 -5
33 45 -2
33 54 4
33 57 -5
33 74 -3
34 44 -6
34 59 -4
34 68 -8
35 40 -7
36 66 8
36 77 6
37 49 2
37 62 8
37 63 -7
37 70 -8
37 73 2
38 39 -3
38 40 4
38 44 -6
38 63 -2
38 64 5
38 65 2
40 47 2
40 54 5
40 61 -7
40 74 2
41 43 -8
41 51 6
41 61 6
41 64 -4
42 55 -2
42 70 -6
43 45 -5
43 49 2
43 65 2
43 70 -5
44 49 3
44 50 2
44 59 -7
44 65 8
44 72 -8
44 74 8
44 78 7
45 57 4
46 70 8
49 55 4
49 59 -3
49 77 2
50 58 -8
50 65 4
50 66 -4
51 54 8
51 78 -7
52 63 8
52 69 -5
52 70 2
52 73 6
54 62 3
54 71 -4
54 79 5
55 76 -5
58 68 3
58 69 6
59 65 3
59 70 5
60 71 3
60 75 -3
61 73 3
63 68 -2
65 76 -3
66 75 5
66 79 5
70 79 5
71 76 -4
73 78 -2
-1
-1189
