ba_80_4_4
80
-4
4
-3
-3
-3
3
-2
-2
2
2
-3
2
3
-2
3
3
-4
2
3
3
-2
-4
4
3
-2
-2
3
4
3
3
-2
2
2
-4
-3
-2
4
2
-4
-4
-3
-2
2
2
-3
-2
2
-4
-2
-3
3
2
3
-4
-3
4
-3
4
4
4
-3
2
2
4
-4
-4
-4
-4
-3
4
2
-4
3
-2
-4
-3
2
4
2
-2
0 1 2
0 2 4
0 3 -3
0 4 -3
0 5 -2
0 6 -3
0 7 2
0 8 2
0 10 -3
0 11 -4
0 13 3
0 14 -3
0 20 3
0 21 -2
0 23 -3
0 26 4
0 27 2
0 28 3
0 32 3
0 33 2
0 34 3
0 35 -2
0 38 -4
0 45 3
0 50 2
0 57 4
0 60 -3
0 62 -3
0 65 -4
0 66 -3
0 73 3
1 5 2
1 7 3
1 12 2
1 14 3
1 17 -4
1 19 -4
1 27 -3
1 30 -4
1 49 -3
1 52 -4
1 53 2
2 5 -3
2 6 -4
2 9 4
2 10 -4
2 13 -3
2 15 3
2 19 2
2 21 2
2 39 -3
2 44 -2
2 49 -4
2 62 4
2 65 -3
3 5 -2
3 6 2
3 7 3
3 8 2
3 9 -2
3 12 -3
3 16 -3
3 17 2
3 18 2
3 20 2
3 22 -4
3 28 3
3 31 -3
3 35 -3
3 36 3
3 46 2
3 57 -2
3 71 4
3 74 -4
3 76 -3
3 77 -2
4 11 3
4 25 3
4 29 -4
5 6 -3
5 7 -2
5 8 2
5 11 -4
5 12 -2
5 13 -2
5 14 2
5 16 -3
5 19 2
5 20 4
5 21 2
5 22 4
5 26 -3
5 29 -3
5 32 2
5 33 -3
5 34 4
5 40 4
5 43 4
5 44 -3
5 46 4
5 47 3
5 55 4
5 60 -4
5 69 2
5 70 -4
5 74 3
5 78 -3
6 8 -2
6 20 -3
6 27 -2
6 36 3
6 41 -2
6 45 -2
6 64 -3
7 9 -2
7 10 4
7 12 2
7 23 -2
7 25 -4
7 33 -3
7 36 -2
7 42 -3
7 43 3
7 50 -2
7 56 -3
7 59 2
7 66 2
8 9 -4
8 10 4
8 11 4
8 15 3
8 16 4
8 17 -3
8 18 -2
8 23 3
8 24 -4
8 30 3
8 37 3
8 38 4
8 48 -2
8 49 -2
8 50 3
8 52 -4
8 64 4
8 67 -3
8 69 2
8 71 -3
8 76 2
9 22 3
9 26 2
9 34 4
9 38 2
9 42 -4
9 58 -2
10 16 3
10 22 3
10 29 -2
10 41 -4
10 54 -3
11 13 2
11 14 2
11 15 4
11 17 -2
11 19 3
11 42 -4
11 59 2
12 27 2
12 49 -3
12 63 -2
12 67 -4
12 77 3
13 21 4
13 31 2
13 70 3
13 71 -3
13 73 3
14 15 2
14 18 -4
14 24 -2
14 37 4
14 41 -3
14 45 4
14 54 3
14 58 2
14 78 3
15 18 2
15 25 -3
15 28 2
15 47 -3
15 48 -4
15 69 2
15 75 4
16 23 4
16 40 2
16 53 2
16 55 2
16 68 -3
16 79 4
17 36 3
18 25 2
18 29 -2
18 32 3
18 35 4
18 46 -4
18 53 4
18 72 2
19 26 2
19 28 -2
19 31 -4
19 51 -3
19 54 4
19 60 3
19 61 2
19 67 2
19 72 3
20 24 -3
20 40 2
21 33 -2
21 39 -2
22 24 3
22 45 -4
22 58 -4
22 75 -4
23 43 2
23 44 2
23 56 -4
24 41 -4
24 47 -2
25 30 3
25 55 -4
25 57 4
25 61 -4
25 68 3
25 70 2
25 78 4
26 30 -3
26 31 4
26 43 -2
26 46 2
26 61 -4
26 63 -2
26 76 3
27 37 -3
27 71 3
27 79 2
28 32 4
28 34 3
28 39 -2
28 40 2
28 44 4
28 52 -4
29 37 -2
29 39 -4
29 51 4
29 54 -3
29 76 3
31 50 2
31 51 -3
31 63 -4
34 35 3
34 66 -3
36 38 4
36 56 -3
38 65 -3
38 72 4
39 53 3
40 42 4
41 48 -4
41 51 -2
41 59 4
41 61 -3
41 62 -4
41 64 3
41 66 -3
42 47 3
42 59 -2
42 73 -3
42 74 -4
42 78 4
43 79 -2
45 48 -3
46 55 -4
46 62 4
46 68 2
47 67 4
49 60 2
50 57 3
50 70 3
51 52 -2
52 56 3
52 63 4
52 69 -4
54 75 3
55 65 4
55 79 2
56 64 -4
57 58 -3
60 73 2
61 75 3
63 68 -2
68 72 -4
69 74 3
71 77 -3
75 77 -3
-1
-542
