ba_80_12_4
80
-4
2
4
-4
-4
-3
-2
2
-3
-2
2
4
2
4
-3
3
2
-3
-4
-3
3
4
2
-3
-3
-3
-2
2
2
-2
2
-4
-3
4
-4
3
-4
2
-2
2
-3
-2
-2
3
-2
3
4
-3
-3
2
4
-2
3
-3
2
-2
3
2
-3
3
3
2
-2
-3
2
-4
3
3
2
-3
3
4
3
-2
-3
-4
4
-4
3
-3
0 1 3
0 2 2
0 3 -3
0 4 -3
0 5 -4
0 6 2
0 7 2
0 8 3
0 9 4
0 10 2
0 11 -4
0 12 2
0 13 -2
0 14 -2
0 15 -4
0 16 2
0 17 4
0 18 -2
0 19 -3
0 21 -3
0 23 4
0 26 4
0 28 -2
0 29 -3
0 32 -2
0 34 2
0 37 -4
0 38 -2
0 39 4
0 43 -2
0 45 3
0 47 -4
0 49 3
0 52 2
0 53 3
0 54 -2
0 55 -4
0 58 2
0 59 -2
0 60 -2
0 61 3
0 69 4
0 70 3
0 73 3
0 74 -3
1 13 -4
1 14 2
1 17 2
1 18 -2
1 23 4
1 25 4
1 27 -2
1 33 -2
1 34 4
1 35 4
1 39 -3
1 42 -2
1 44 -4
1 50 -2
1 65 -3
1 70 -2
2 13 2
2 14 4
2 15 2
2 16 2
2 17 -3
2 19 -3
2 20 -2
2 24 -3
2 27 -3
2 32 -4
2 38 2
2 39 3
2 71 2
2 77 4
2 79 3
3 13 -2
3 14 -3
3 15 -4
3 17 -3
3 18 3
3 19 4
3 20 3
3 22 2
3 32 -2
3 35 3
3 37 2
3 41 2
3 55 -4
3 63 -2
3 64 -4
3 71 2
4 14 -4
4 16 4
4 18 -3
4 20 3
4 22 3
4 24 2
4 30 -3
4 36 4
4 39 3
5 13 2
5 14 -2
5 15 4
5 16 -2
5 17 -4
5 18 3
5 22 -4
5 23 2
5 24 2
5 26 3
5 27 4
5 29 4
5 31 -3
5 37 4
5 38 -3
5 45 -4
5 52 -2
5 56 -3
5 62 -3
5 63 -4
5 65 2
5 75 -3
5 76 4
5 78 3
5 79 -3
6 13 3
6 14 4
6 15 4
6 16 -3
6 17 4
6 18 2
6 19 -4
6 21 3
6 23 -3
6 24 2
6 25 4
6 30 4
6 35 4
6 36 2
6 46 -2
6 48 -2
6 53 -2
6 58 3
6 66 4
6 67 -3
6 79 -2
7 13 3
7 14 3
7 19 2
7 20 3
7 21 2
7 22 -2
7 23 2
7 27 3
7 29 -3
7 30 2
7 31 -2
7 32 -2
7 33 3
7 35 -4
7 39 -4
7 42 2
7 43 4
7 45 -3
7 50 2
7 51 -4
7 54 2
7 64 -3
7 67 3
7 72 -3
7 73 3
7 76 3
8 13 3
8 14 4
8 15 -2
8 16 -4
8 18 -2
8 21 4
8 22 -2
8 24 4
8 28 -4
8 36 4
8 38 3
8 43 -3
8 46 2
8 48 -2
8 55 3
8 58 2
8 60 4
8 61 -4
8 64 -4
8 70 -2
8 78 2
9 13 -3
9 15 3
9 16 2
9 21 3
9 27 4
9 28 2
9 63 -3
9 64 2
9 70 -2
10 13 -3
10 14 -3
10 15 -3
10 18 -4
10 19 4
10 20 -2
10 21 -3
10 22 3
10 23 4
10 25 -3
10 26 -2
10 27 -3
10 30 4
10 31 2
10 33 -3
10 36 -4
10 38 -2
10 40 3
10 41 -2
10 43 4
10 47 -4
10 48 -2
10 62 3
10 72 3
10 78 3
10 79 -3
11 13 -2
11 14 4
11 15 -2
11 16 -4
11 17 -3
11 19 -2
11 24 4
11 26 -2
11 31 -4
11 33 -2
11 37 2
11 48 2
11 59 4
11 61 -2
11 71 -4
12 13 4
12 15 -4
12 16 2
12 17 4
12 19 -3
12 25 -4
12 26 -3
12 28 -2
12 33 -3
12 35 2
12 38 -2
12 40 -3
12 41 -3
12 42 4
12 66 4
12 76 4
13 14 -4
13 15 -3
13 16 4
13 17 4
13 18 -2
13 19 2
13 20 -3
13 21 2
13 22 -3
13 24 -2
13 25 -4
13 26 2
13 28 3
13 29 4
13 30 3
13 32 -2
13 34 -4
13 37 2
13 39 4
13 42 3
13 43 4
13 44 -2
13 45 -2
13 48 3
13 49 -2
13 50 3
13 53 -3
13 56 4
13 57 -2
13 58 -2
13 60 3
13 64 -3
13 65 -2
13 69 4
13 70 4
13 72 4
13 73 -3
13 77 -3
13 78 -2
14 15 4
14 16 -4
14 17 2
14 18 -2
14 19 -2
14 20 3
14 21 -4
14 23 2
14 25 4
14 26 4
14 30 3
14 32 -4
14 33 2
14 35 -4
14 38 -3
14 42 3
14 45 -4
14 48 -4
14 63 4
14 66 -3
14 68 3
14 69 4
14 70 4
14 77 -2
15 16 3
15 17 2
15 18 -3
15 19 2
15 20 -2
15 21 -4
15 22 -3
15 23 -3
15 24 -3
15 25 -3
15 26 -4
15 27 2
15 31 3
15 32 4
15 33 4
15 35 2
15 39 3
15 42 2
15 43 4
15 45 -3
15 47 -2
15 50 2
15 52 4
15 53 -2
15 54 4
15 56 -4
15 59 3
15 64 2
15 68 4
15 77 3
16 17 2
16 20 2
16 21 2
16 22 -2
16 24 3
16 29 2
16 31 2
16 32 -2
16 33 2
16 34 4
16 37 -4
16 46 -4
16 49 -3
16 53 -3
16 57 4
16 58 -4
16 63 2
16 64 2
16 70 2
16 73 3
16 74 4
17 18 2
17 20 -4
17 23 4
17 24 4
17 25 4
17 26 -4
17 27 3
17 29 3
17 32 3
17 33 3
17 34 4
17 46 -2
17 49 3
17 51 -4
17 53 -2
17 55 -2
17 62 -4
17 64 -2
17 69 2
17 72 2
17 73 3
17 76 -4
18 19 2
18 20 3
18 26 -3
18 27 -3
18 28 -2
18 29 -4
18 34 -4
18 36 2
18 37 -3
18 38 -2
18 39 3
18 44 -2
18 45 -2
18 46 -2
18 49 3
18 51 3
18 52 2
18 54 3
18 57 -4
18 60 -2
18 62 -4
18 64 -2
18 65 -4
18 66 4
18 70 -3
18 74 -3
18 77 -3
19 20 -2
19 21 -2
19 22 3
19 23 4
19 24 4
19 25 2
19 27 3
19 28 2
19 29 4
19 30 4
19 31 4
19 34 -3
19 37 2
19 38 2
19 39 -3
19 40 3
19 41 4
19 42 -2
19 45 3
19 46 4
19 47 2
19 49 -2
19 55 4
19 59 4
19 60 -4
19 64 3
19 67 4
19 70 3
19 72 -4
19 75 2
19 77 -3
19 78 -2
19 79 -4
20 21 3
20 22 4
20 25 -2
20 27 -3
20 28 3
20 29 4
20 30 4
20 34 -2
20 36 -4
20 41 3
20 44 -2
20 45 4
20 46 3
20 52 -4
20 53 -2
20 54 2
20 57 3
20 68 -4
20 69 -4
20 76 -2
21 22 4
21 23 -4
21 26 -3
21 28 3
21 29 2
21 30 -2
21 31 3
21 32 4
21 33 -4
21 36 4
21 40 2
21 42 -4
21 43 2
21 44 4
21 45 -4
21 50 2
21 55 4
21 62 -4
21 67 2
21 71 2
22 23 4
22 24 -2
22 25 2
22 30 -4
22 31 2
22 34 -4
22 40 2
22 44 -3
22 45 2
22 48 3
22 50 3
22 56 -4
22 59 3
22 63 4
22 76 -4
23 25 -2
23 26 -4
23 33 2
23 36 -4
23 37 3
23 39 -4
23 40 4
23 41 -3
23 47 2
23 51 4
23 52 -3
23 56 -4
23 61 2
23 67 3
23 68 2
23 69 4
23 71 -4
23 76 3
24 28 3
24 31 -3
24 32 -3
24 37 3
24 46 2
24 49 4
24 51 -2
24 52 2
24 58 -2
24 59 4
24 67 -2
24 75 2
25 28 -4
25 29 2
25 38 3
25 44 3
25 46 2
25 47 4
25 51 -3
25 52 2
25 54 -3
25 55 -3
25 56 -4
25 58 -4
25 59 -4
26 27 -2
26 28 2
26 29 -2
26 31 2
26 35 -2
26 36 -2
26 43 -4
26 47 -3
26 65 -4
26 66 -2
26 68 3
26 69 4
26 72 -2
26 75 -4
27 30 2
27 34 3
27 35 -3
27 42 4
27 46 -3
27 48 4
27 50 3
27 52 -4
27 57 -4
27 58 -2
27 63 4
27 68 -2
27 70 4
27 78 -4
28 30 -3
28 32 4
28 35 -3
28 55 -3
28 56 4
28 65 2
28 66 3
28 67 4
28 72 2
28 74 -4
29 31 2
29 33 -3
29 35 -2
29 36 3
29 37 -4
29 39 2
29 40 2
29 41 2
29 43 2
29 44 3
29 48 -4
29 51 4
29 52 4
29 61 4
29 62 -3
29 66 -2
29 71 3
29 76 -4
29 77 -3
29 79 2
30 41 4
30 43 4
30 47 -2
30 54 -2
30 55 2
30 60 -3
30 62 -4
30 65 2
31 34 -2
31 40 2
31 42 -2
31 47 -2
31 49 2
31 50 -2
31 54 2
31 56 -4
31 57 -2
31 61 4
31 67 2
31 75 -3
31 79 -3
32 34 2
32 37 2
32 41 -3
32 44 2
32 49 -3
32 50 -3
32 51 -2
32 54 3
32 65 2
32 68 -3
32 75 3
32 76 2
33 36 -4
33 39 -2
33 44 -4
33 48 4
33 53 -2
33 57 2
33 60 3
34 35 -4
34 36 4
34 40 -2
34 41 -4
34 44 -4
34 48 -2
34 61 -4
34 65 -3
34 73 3
35 38 4
35 40 4
35 43 2
35 47 3
35 49 4
35 50 -3
35 51 -4
35 54 3
35 56 4
35 66 -3
35 68 -2
35 73 2
35 74 4
35 75 3
35 78 -2
36 40 4
36 41 -3
36 46 -3
36 51 2
36 53 3
36 55 -4
36 57 -4
36 59 -4
36 60 -4
36 65 -3
36 75 3
36 76 -4
36 78 3
36 79 -2
37 38 2
37 52 -3
37 54 2
37 60 4
37 62 -3
37 65 3
37 66 -4
37 69 -2
37 74 2
37 78 3
37 79 -3
38 40 3
38 42 4
38 43 4
38 50 4
38 51 2
38 57 -4
38 75 -4
38 77 -2
39 44 -4
39 49 -2
39 58 -2
39 61 4
39 63 3
39 69 -3
39 76 3
40 41 -3
40 42 -3
40 46 3
40 47 -2
40 48 4
40 56 4
40 57 -2
40 66 -3
40 72 3
41 45 3
41 50 -2
41 53 -4
41 54 -4
41 56 4
41 62 4
41 77 -3
42 49 -3
42 52 4
42 76 4
42 77 2
43 58 -4
43 74 -4
43 79 -4
45 53 -2
45 58 4
46 47 -3
46 51 -2
46 55 -3
46 69 -2
46 71 -4
47 56 -4
47 57 -3
47 60 4
48 53 -3
48 62 -2
48 63 3
48 73 2
48 75 -3
49 61 3
49 62 -3
49 66 2
49 68 -2
50 55 2
50 70 -2
50 72 -4
50 73 -3
51 57 -3
51 61 -2
51 71 4
52 59 -4
52 61 3
52 67 2
53 59 4
53 63 -2
53 65 -3
53 74 3
54 59 4
54 61 -2
54 64 3
54 68 3
54 71 2
54 73 4
55 59 4
55 60 3
55 62 4
55 72 4
55 73 -4
55 79 -3
56 60 -2
56 64 4
57 58 3
58 72 4
58 74 -3
59 68 2
59 77 4
60 63 -3
60 67 -4
60 71 -3
61 77 -4
61 78 2
61 79 3
62 63 2
62 68 -3
62 71 -3
64 67 3
64 69 -3
64 71 4
64 78 -3
65 66 -3
65 74 4
66 67 3
66 78 3
67 69 -2
68 70 2
69 72 3
69 75 -3
70 74 -4
71 73 -4
73 74 -3
73 75 -2
-1
-852
