ba_80_12_32
80
14
-32
-10
-23
-31
28
10
31
-11
5
-26
7
4
-24
-23
20
-4
-31
-18
-10
-13
5
-13
7
26
-27
-29
-9
-3
5
-5
-31
12
7
-31
-2
-23
-25
6
14
9
-8
-22
15
-23
-6
-25
-7
-27
-4
23
7
22
-23
-28
14
-3
-21
-13
25
-7
24
7
-15
-5
-13
12
-11
25
-31
7
22
-8
-25
8
-20
-2
31
16
-29
0 1 -17
0 2 -22
0 3 8
0 4 -23
0 5 -24
0 6 -9
0 7 21
0 8 -20
0 9 18
0 10 -22
0 11 29
0 12 30
0 13 25
0 14 19
0 15 20
0 16 -20
0 17 14
0 18 -5
0 19 -9
0 21 -8
0 23 20
0 26 -31
0 28 6
0 29 20
0 32 32
0 34 -16
0 37 -2
0 38 -22
0 39 18
0 43 -9
0 45 6
0 47 -6
0 49 -20
0 52 -30
0 53 -10
0 54 -14
0 55 -27
0 58 9
0 59 2
0 60 -23
0 61 -25
0 69 26
0 70 12
0 73 20
0 74 -26
1 13 4
1 14 29
1 17 -14
1 18 -12
1 23 31
1 25 29
1 27 6
1 33 -11
1 34 7
1 35 25
1 39 15
1 42 15
1 44 -2
1 50 9
1 65 -24
1 70 4
2 13 2
2 14 -13
2 15 -27
2 16 12
2 17 -8
2 19 11
2 20 -18
2 24 4
2 27 23
2 32 30
2 38 14
2 39 -30
2 71 20
2 77 -22
2 79 2
3 13 24
3 14 -19
3 15 -26
3 17 2
3 18 -19
3 19 -15
3 20 20
3 22 17
3 32 -11
3 35 32
3 37 28
3 41 -8
3 55 25
3 63 -4
3 64 27
3 71 14
4 14 -26
4 16 6
4 18 19
4 20 11
4 22 24
4 24 -26
4 30 23
4 36 4
4 39 -9
5 13 -30
5 14 14
5 15 19
5 16 3
5 17 -29
5 18 -20
5 22 17
5 23 -28
5 24 20
5 26 3
5 27 -4
5 29 -25
5 31 -17
5 37 -30
5 38 -4
5 45 21
5 52 23
5 56 -9
5 62 17
5 63 -15
5 65 8
5 75 -28
5 76 -24
5 78 19
5 79 14
6 13 -5
6 14 28
6 15 15
6 16 17
6 17 -10
6 18 9
6 19 6
6 21 4
6 23 15
6 24 -11
6 25 11
6 30 28
6 35 -10
6 36 -12
6 46 -15
6 48 -26
6 53 -7
6 58 -10
6 66 -29
6 67 26
6 79 -32
7 13 -23
7 14 -30
7 19 23
7 20 29
7 21 -2
7 22 18
7 23 27
7 27 -2
7 29 -8
7 30 3
7 31 -28
7 32 -8
7 33 -30
7 35 23
7 39 -12
7 42 4
7 43 -8
7 45 8
7 50 22
7 51 32
7 54 5
7 64 30
7 67 -29
7 72 12
7 73 -31
7 76 6
8 13 -14
8 14 -6
8 15 19
8 16 -6
8 18 -31
8 21 25
8 22 27
8 24 -18
8 28 -26
8 36 28
8 38 11
8 43 23
8 46 -24
8 48 -3
8 55 -6
8 58 -21
8 60 5
8 61 -2
8 64 10
8 70 -2
8 78 17
9 13 -18
9 15 -22
9 16 -9
9 21 7
9 27 -6
9 28 6
9 63 -12
9 64 -29
9 70 15
10 13 28
10 14 14
10 15 -27
10 18 30
10 19 -13
10 20 21
10 21 -20
10 22 -24
10 23 4
10 25 17
10 26 9
10 27 -12
10 30 5
10 31 -16
10 33 -17
10 36 -5
10 38 -2
10 40 -6
10 41 -23
10 43 7
10 47 11
10 48 30
10 62 -24
10 72 -29
10 78 3
10 79 13
11 13 16
11 14 -11
11 15 6
11 16 31
11 17 -4
11 19 -32
11 24 8
11 26 13
11 31 21
11 33 -4
11 37 -21
11 48 -3
11 59 -2
11 61 -30
11 71 -24
12 13 -22
12 15 27
12 16 -15
12 17 25
12 19 -25
12 25 -31
12 26 -29
12 28 26
12 33 -32
12 35 31
12 38 -26
12 40 -26
12 41 -30
12 42 -20
12 66 -24
12 76 27
13 14 -15
13 15 -18
13 16 -19
13 17 4
13 18 7
13 19 -28
13 20 12
13 21 5
13 22 24
13 24 13
13 25 3
13 26 -29
13 28 28
13 29 5
13 30 -30
13 32 -18
13 34 22
13 37 -27
13 39 -23
13 42 -32
13 43 14
13 44 -7
13 45 10
13 48 -27
13 49 21
13 50 -4
13 53 -8
13 56 3
13 57 -18
13 58 -12
13 60 -18
13 64 23
13 65 -27
13 69 -31
13 70 -8
13 72 15
13 73 -27
13 77 23
13 78 2
14 15 -5
14 16 31
14 17 -27
14 18 -10
14 19 26
14 20 17
14 21 22
14 23 -17
14 25 11
14 26 28
14 30 -25
14 32 -28
14 33 -19
14 35 27
14 38 -23
14 42 -22
14 45 17
14 48 -2
14 63 25
14 66 -25
14 68 -16
14 69 -2
14 70 -20
14 77 8
15 16 12
15 17 -12
15 18 -22
15 19 25
15 20 31
15 21 -8
15 22 -5
15 23 -30
15 24 -22
15 25 3
15 26 3
15 27 29
15 31 -27
15 32 -31
15 33 15
15 35 -32
15 39 7
15 42 5
15 43 31
15 45 -9
15 47 -15
15 50 -30
15 52 20
15 53 9
15 54 3
15 56 12
15 59 -32
15 64 -21
15 68 2
15 77 -9
16 17 -14
16 20 15
16 21 -20
16 22 -11
16 24 -22
16 29 10
16 31 8
16 32 28
16 33 -27
16 34 -8
16 37 -12
16 46 31
16 49 -8
16 53 7
16 57 13
16 58 16
16 63 -19
16 64 12
16 70 -2
16 73 -31
16 74 -7
17 18 2
17 20 -6
17 23 -14
17 24 15
17 25 10
17 26 -5
17 27 5
17 29 -16
17 32 -21
17 33 20
17 34 27
17 46 -12
17 49 15
17 51 11
17 53 -23
17 55 -18
17 62 -25
17 64 15
17 69 3
17 72 30
17 73 15
17 76 11
18 19 13
18 20 -32
18 26 -30
18 27 -10
18 28 -10
18 29 -17
18 34 3
18 36 7
18 37 29
18 38 5
18 39 -23
18 44 -30
18 45 6
18 46 -13
18 49 -15
18 51 -5
18 52 -28
18 54 26
18 57 -30
18 60 -13
18 62 -22
18 64 7
18 65 11
18 66 20
18 70 31
18 74 27
18 77 -28
19 20 5
19 21 27
19 22 28
19 23 -17
19 24 12
19 25 -23
19 27 14
19 28 30
19 29 17
19 30 -13
19 31 25
19 34 7
19 37 -27
19 38 -4
19 39 -14
19 40 15
19 41 3
19 42 -19
19 45 -20
19 46 18
19 47 22
19 49 28
19 55 -28
19 59 22
19 60 19
19 64 30
19 67 -13
19 70 -29
19 72 -23
19 75 19
19 77 -13
19 78 -4
19 79 -16
20 21 10
20 22 31
20 25 4
20 27 24
20 28 2
20 29 28
20 30 -14
20 34 -12
20 36 6
20 41 -29
20 44 -28
20 45 10
20 46 16
20 52 18
20 53 -32
20 54 11
20 57 -24
20 68 32
20 69 12
20 76 -12
21 22 4
21 23 -31
21 26 -2
21 28 -30
21 29 9
21 30 10
21 31 -13
21 32 15
21 33 -22
21 36 -7
21 40 -24
21 42 8
21 43 -20
21 44 -2
21 45 23
21 50 27
21 55 -21
21 62 28
21 67 21
21 71 -12
22 23 -3
22 24 2
22 25 18
22 30 -17
22 31 -12
22 34 27
22 40 25
22 44 -6
22 45 -22
22 48 31
22 50 -29
22 56 17
22 59 3
22 63 23
22 76 13
23 25 7
23 26 16
23 33 -8
23 36 -18
23 37 -25
23 39 -22
23 40 25
23 41 -12
23 47 20
23 51 29
23 52 -21
23 56 -9
23 61 -2
23 67 -3
23 68 -14
23 69 -24
23 71 17
23 76 -29
24 28 -18
24 31 -2
24 32 -22
24 37 9
24 46 11
24 49 9
24 51 24
24 52 20
24 58 -12
24 59 15
24 67 28
24 75 -20
25 28 11
25 29 -28
25 38 -18
25 44 -9
25 46 -8
25 47 5
25 51 -26
25 52 31
25 54 13
25 55 25
25 56 18
25 58 12
25 59 -24
26 27 12
26 28 5
26 29 -4
26 31 10
26 35 3
26 36 -6
26 43 -29
26 47 -18
26 65 -12
26 66 28
26 68 18
26 69 -20
26 72 17
26 75 -28
27 30 25
27 34 16
27 35 -17
27 42 -11
27 46 17
27 48 -4
27 50 -16
27 52 3
27 57 -6
27 58 -7
27 63 14
27 68 30
27 70 -21
27 78 -31
28 30 18
28 32 17
28 35 13
28 55 -15
28 56 3
28 65 12
28 66 -28
28 67 6
28 72 -5
28 74 26
29 31 -25
29 33 14
29 35 11
29 36 17
29 37 3
29 39 22
29 40 21
29 41 25
29 43 11
29 44 -25
29 48 -22
29 51 -24
29 52 29
29 61 6
29 62 13
29 66 5
29 71 26
29 76 -29
29 77 -21
29 79 -30
30 41 -4
30 43 -7
30 47 23
30 54 -23
30 55 20
30 60 -21
30 62 -19
30 65 -15
31 34 -23
31 40 23
31 42 -2
31 47 -9
31 49 5
31 50 4
31 54 15
31 56 30
31 57 -9
31 61 -19
31 67 -3
31 75 -4
31 79 -9
32 34 -14
32 37 31
32 41 29
32 44 -5
32 49 23
32 50 22
32 51 -26
32 54 14
32 65 19
32 68 8
32 75 -27
32 76 31
33 36 7
33 39 29
33 44 9
33 48 -5
33 53 -13
33 57 -20
33 60 9
34 35 5
34 36 -22
34 40 32
34 41 14
34 44 16
34 48 -29
34 61 2
34 65 26
34 73 18
35 38 -7
35 40 19
35 43 11
35 47 -6
35 49 15
35 50 7
35 51 11
35 54 -27
35 56 12
35 66 -21
35 68 2
35 73 5
35 74 -18
35 75 18
35 78 20
36 40 23
36 41 -5
36 46 7
36 51 26
36 53 -5
36 55 7
36 57 -8
36 59 -19
36 60 -14
36 65 -6
36 75 -12
36 76 24
36 78 -13
36 79 26
37 38 9
37 52 -28
37 54 -9
37 60 -13
37 62 -25
37 65 -20
37 66 16
37 69 -7
37 74 31
37 78 -32
37 79 28
38 40 -21
38 42 15
38 43 -14
38 50 12
38 51 3
38 57 -5
38 75 -21
38 77 -12
39 44 -7
39 49 -22
39 58 -11
39 61 32
39 63 -20
39 69 32
39 76 -30
40 41 -12
40 42 6
40 46 -9
40 47 -5
40 48 -20
40 56 15
40 57 -2
40 66 -10
40 72 16
41 45 -4
41 50 28
41 53 -4
41 54 -24
41 56 14
41 62 -21
41 77 25
42 49 -2
42 52 32
42 76 -31
42 77 -14
43 58 -12
43 74 30
43 79 -17
45 53 3
45 58 29
46 47 -9
46 51 28
46 55 -25
46 69 -32
46 71 -11
47 56 -13
47 57 -32
47 60 -27
48 53 12
48 62 3
48 63 24
48 73 -17
48 75 -9
49 61 -8
49 62 -6
49 66 22
49 68 -13
50 55 -29
50 70 -23
50 72 21
50 73 19
51 57 -10
51 61 -6
51 71 -8
52 59 -28
52 61 -8
52 67 -28
53 59 -12
53 63 10
53 65 -7
53 74 -10
54 59 26
54 61 27
54 64 32
54 68 -18
54 71 -15
54 73 -28
55 59 -30
55 60 -32
55 62 -29
55 72 20
55 73 29
55 79 -6
56 60 29
56 64 10
57 58 -25
58 72 -28
58 74 32
59 68 -7
59 77 -9
60 63 32
60 67 -10
60 71 -30
61 77 -29
61 78 -16
61 79 16
62 63 -8
62 68 -19
62 71 29
64 67 -25
64 69 -2
64 71 26
64 78 -31
65 66 2
65 74 -21
66 67 -25
66 78 32
67 69 29
68 70 -10
69 72 -23
69 75 4
70 74 12
71 73 -12
73 74 29
73 75 5
-1
-5243
