ba_80_12_64
80
26
-46
20
45
2
45
-3
51
38
4
-50
-39
-19
2
10
-62
22
-41
-54
-20
23
2
63
62
-59
32
-12
17
-14
53
25
-18
63
-26
-21
-31
-38
10
-59
-16
-39
51
41
-26
-28
-35
-31
40
32
-31
33
-41
41
-20
-21
12
45
-3
34
-46
-28
-23
11
-14
40
-50
-43
-52
18
-26
45
5
52
13
-8
-20
2
13
57
-13
0 1 -23
0 2 -61
0 3 -24
0 4 8
0 5 34
0 6 -4
0 7 59
0 8 55
0 9 -32
0 10 27
0 11 23
0 12 -55
0 13 61
0 14 10
0 15 12
0 16 10
0 17 -57
0 18 -31
0 19 -9
0 21 -4
0 23 -19
0 26 51
0 28 37
0 29 -5
0 32 55
0 34 -23
0 37 29
0 38 -12
0 39 -15
0 43 44
0 45 -37
0 47 56
0 49 -28
0 52 -61
0 53 37
0 54 24
0 55 58
0 58 8
0 59 -55
0 60 -11
0 61 53
0 69 30
0 70 -3
0 73 10
0 74 27
1 13 16
1 14 21
1 17 25
1 18 56
1 23 43
1 25 -11
1 27 -62
1 33 36
1 34 -4
1 35 -60
1 39 -2
1 42 37
1 44 23
1 50 -56
1 65 -26
1 70 55
2 13 -34
2 14 52
2 15 -43
2 16 -2
2 17 -61
2 19 25
2 20 -43
2 24 -57
2 27 -55
2 32 19
2 38 10
2 39 -62
2 71 -14
2 77 26
2 79 64
3 13 4
3 14 21
3 15 32
3 17 -48
3 18 8
3 19 -5
3 20 -55
3 22 39
3 32 39
3 35 -24
3 37 38
3 41 51
3 55 -28
3 63 39
3 64 38
3 71 56
4 14 56
4 16 32
4 18 -64
4 20 33
4 22 2
4 24 14
4 30 49
4 36 13
4 39 19
5 13 49
5 14 45
5 15 -39
5 16 -22
5 17 -53
5 18 29
5 22 62
5 23 35
5 24 49
5 26 -34
5 27 -62
5 29 -12
5 31 -29
5 37 45
5 38 -18
5 45 22
5 52 -42
5 56 -31
5 62 26
5 63 42
5 65 -22
5 75 -44
5 76 45
5 78 9
5 79 33
6 13 13
6 14 -60
6 15 -17
6 16 30
6 17 -39
6 18 47
6 19 52
6 21 -49
6 23 10
6 24 -63
6 25 18
6 30 -41
6 35 59
6 36 -13
6 46 17
6 48 -59
6 53 -12
6 58 -40
6 66 15
6 67 26
6 79 -62
7 13 51
7 14 34
7 19 37
7 20 36
7 21 40
7 22 -27
7 23 -29
7 27 60
7 29 -26
7 30 -7
7 31 -21
7 32 11
7 33 7
7 35 35
7 39 -13
7 42 -62
7 43 42
7 45 -51
7 50 -46
7 51 -22
7 54 -36
7 64 51
7 67 -52
7 72 6
7 73 56
7 76 -8
8 13 -64
8 14 19
8 15 -45
8 16 -59
8 18 -13
8 21 -30
8 22 34
8 24 2
8 28 -25
8 36 15
8 38 44
8 43 -26
8 46 -47
8 48 -23
8 55 -10
8 58 59
8 60 41
8 61 -29
8 64 35
8 70 -55
8 78 53
9 13 -36
9 15 8
9 16 63
9 21 -40
9 27 13
9 28 40
9 63 -53
9 64 52
9 70 25
10 13 50
10 14 -51
10 15 62
10 18 45
10 19 -18
10 20 -59
10 21 -43
10 22 26
10 23 23
10 25 38
10 26 2
10 27 -17
10 30 8
10 31 -12
10 33 -28
10 36 63
10 38 -33
10 40 25
10 41 -45
10 43 40
10 47 46
10 48 -63
10 62 52
10 72 -62
10 78 -41
10 79 -63
11 13 -10
11 14 -57
11 15 -37
11 16 -62
11 17 -57
11 19 -31
11 24 -2
11 26 -37
11 31 41
11 33 50
11 37 -27
11 48 -57
11 59 -53
11 61 -20
11 71 20
12 13 15
12 15 -33
12 16 -15
12 17 -28
12 19 20
12 25 -51
12 26 37
12 28 -13
12 33 56
12 35 37
12 38 -3
12 40 55
12 41 -15
12 42 41
12 66 -54
12 76 47
13 14 48
13 15 -55
13 16 4
13 17 -46
13 18 51
13 19 42
13 20 -17
13 21 32
13 22 23
13 24 -56
13 25 -3
13 26 -47
13 28 -24
13 29 7
13 30 -20
13 32 -14
13 34 -7
13 37 -63
13 39 55
13 42 -12
13 43 2
13 44 10
13 45 61
13 48 -33
13 49 -12
13 50 11
13 53 48
13 56 18
13 57 13
13 58 51
13 60 8
13 64 -4
13 65 23
13 69 -45
13 70 -28
13 72 -62
13 73 -38
13 77 64
13 78 13
14 15 13
14 16 48
14 17 26
14 18 46
14 19 41
14 20 -17
14 21 -50
14 23 46
14 25 40
14 26 37
14 30 50
14 32 31
14 33 -52
14 35 -40
14 38 -11
14 42 -38
14 45 -46
14 48 -48
14 63 -59
14 66 -9
14 68 -46
14 69 35
14 70 40
14 77 60
15 16 -42
15 17 -37
15 18 -35
15 19 57
15 20 -42
15 21 -22
15 22 -44
15 23 30
15 24 -18
15 25 -63
15 26 56
15 27 41
15 31 -8
15 32 41
15 33 21
15 35 17
15 39 26
15 42 64
15 43 -7
15 45 26
15 47 -13
15 50 -59
15 52 -61
15 53 -3
15 54 35
15 56 29
15 59 33
15 64 -43
15 68 8
15 77 58
16 17 -61
16 20 -46
16 21 -33
16 22 18
16 24 10
16 29 -63
16 31 33
16 32 47
16 33 -49
16 34 -61
16 37 -21
16 46 -18
16 49 -42
16 53 -8
16 57 52
16 58 -7
16 63 26
16 64 -18
16 70 41
16 73 4
16 74 -15
17 18 34
17 20 -14
17 23 -44
17 24 -39
17 25 51
17 26 33
17 27 -41
17 29 43
17 32 11
17 33 -55
17 34 -57
17 46 45
17 49 -47
17 51 21
17 53 -14
17 55 -7
17 62 21
17 64 29
17 69 25
17 72 22
17 73 -14
17 76 38
18 19 -54
18 20 -59
18 26 56
18 27 51
18 28 -31
18 29 26
18 34 34
18 36 13
18 37 44
18 38 55
18 39 -18
18 44 -16
18 45 58
18 46 64
18 49 46
18 51 17
18 52 -28
18 54 -35
18 57 -62
18 60 -15
18 62 -31
18 64 -62
18 65 -50
18 66 50
18 70 19
18 74 -42
18 77 -24
19 20 -49
19 21 -53
19 22 -13
19 23 -48
19 24 -39
19 25 59
19 27 51
19 28 5
19 29 20
19 30 3
19 31 -29
19 34 -36
19 37 39
19 38 -54
19 39 -12
19 40 6
19 41 -53
19 42 39
19 45 -12
19 46 18
19 47 40
19 49 25
19 55 30
19 59 22
19 60 -45
19 64 6
19 67 -12
19 70 -9
19 72 33
19 75 24
19 77 28
19 78 -56
19 79 -52
20 21 62
20 22 -35
20 25 40
20 27 40
20 28 58
20 29 -55
20 30 -25
20 34 -22
20 36 -32
20 41 13
20 44 5
20 45 -12
20 46 -39
20 52 -12
20 53 -12
20 54 31
20 57 36
20 68 26
20 69 -3
20 76 15
21 22 -38
21 23 17
21 26 -31
21 28 -50
21 29 -20
21 30 42
21 31 -5
21 32 -41
21 33 40
21 36 -50
21 40 -53
21 42 -42
21 43 12
21 44 -30
21 45 -31
21 50 45
21 55 -57
21 62 -10
21 67 -62
21 71 11
22 23 17
22 24 -64
22 25 60
22 30 -34
22 31 -25
22 34 26
22 40 -55
22 44 -16
22 45 30
22 48 -8
22 50 -56
22 56 -45
22 59 -45
22 63 58
22 76 51
23 25 26
23 26 46
23 33 -19
23 36 -13
23 37 5
23 39 -32
23 40 -64
23 41 -35
23 47 -6
23 51 -14
23 52 -39
23 56 -62
23 61 28
23 67 -7
23 68 58
23 69 -9
23 71 26
23 76 24
24 28 -38
24 31 24
24 32 -56
24 37 -9
24 46 45
24 49 -35
24 51 14
24 52 39
24 58 38
24 59 -64
24 67 53
24 75 -6
25 28 -30
25 29 47
25 38 28
25 44 -49
25 46 -50
25 47 28
25 51 -55
25 52 21
25 54 27
25 55 4
25 56 -13
25 58 37
25 59 53
26 27 43
26 28 27
26 29 -21
26 31 -7
26 35 -46
26 36 -3
26 43 -29
26 47 26
26 65 -39
26 66 58
26 68 -61
26 69 -46
26 72 32
26 75 14
27 30 18
27 34 4
27 35 -59
27 42 2
27 46 53
27 48 20
27 50 33
27 52 -29
27 57 53
27 58 -20
27 63 11
27 68 -6
27 70 47
27 78 53
28 30 56
28 32 46
28 35 -17
28 55 -23
28 56 4
28 65 -23
28 66 -58
28 67 46
28 72 -21
28 74 -28
29 31 27
29 33 50
29 35 52
29 36 -64
29 37 46
29 39 48
29 40 -9
29 41 -25
29 43 -3
29 44 -61
29 48 -19
29 51 8
29 52 -56
29 61 -21
29 62 45
29 66 -34
29 71 57
29 76 41
29 77 -47
29 79 46
30 41 -46
30 43 -58
30 47 -49
30 54 34
30 55 57
30 60 11
30 62 30
30 65 41
31 34 10
31 40 26
31 42 48
31 47 -34
31 49 -15
31 50 -38
31 54 -9
31 56 -58
31 57 45
31 61 10
31 67 -3
31 75 -56
31 79 42
32 34 -58
32 37 63
32 41 17
32 44 37
32 49 -62
32 50 -40
32 51 -7
32 54 -29
32 65 -37
32 68 7
32 75 -5
32 76 -55
33 36 -57
33 39 33
33 44 -46
33 48 -28
33 53 60
33 57 -26
33 60 35
34 35 60
34 36 2
34 40 39
34 41 -64
34 44 37
34 48 -52
34 61 -36
34 65 19
34 73 -30
35 38 33
35 40 8
35 43 54
35 47 32
35 49 58
35 50 -17
35 51 59
35 54 59
35 56 33
35 66 -28
35 68 -41
35 73 16
35 74 -20
35 75 18
35 78 -4
36 40 -63
36 41 -46
36 46 49
36 51 -53
36 53 -58
36 55 57
36 57 55
36 59 59
36 60 -48
36 65 -50
36 75 -3
36 76 -64
36 78 -39
36 79 -36
37 38 42
37 52 19
37 54 60
37 60 -55
37 62 9
37 65 3
37 66 -44
37 69 -63
37 74 -64
37 78 49
37 79 53
38 40 27
38 42 50
38 43 -5
38 50 41
38 51 40
38 57 9
38 75 16
38 77 52
39 44 -7
39 49 -18
39 58 31
39 61 -42
39 63 30
39 69 -44
39 76 2
40 41 -45
40 42 13
40 46 -57
40 47 50
40 48 -46
40 56 -2
40 57 -3
40 66 -45
40 72 -63
41 45 -59
41 50 -4
41 53 -50
41 54 17
41 56 48
41 62 32
41 77 -49
42 49 30
42 52 -36
42 76 48
42 77 -13
43 58 -48
43 74 59
43 79 59
45 53 51
45 58 -25
46 47 62
46 51 -37
46 55 -25
46 69 -45
46 71 43
47 56 -2
47 57 56
47 60 -6
48 53 25
48 62 43
48 63 59
48 73 -34
48 75 -41
49 61 -51
49 62 -2
49 66 13
49 68 4
50 55 -16
50 70 -44
50 72 -62
50 73 58
51 57 40
51 61 -35
51 71 -37
52 59 38
52 61 53
52 67 -33
53 59 -63
53 63 -33
53 65 32
53 74 -8
54 59 -41
54 61 -24
54 64 19
54 68 18
54 71 -40
54 73 38
55 59 19
55 60 49
55 62 -16
55 72 6
55 73 52
55 79 -2
56 60 27
56 64 19
57 58 -11
58 72 57
58 74 12
59 68 19
59 77 -59
60 63 -39
60 67 55
60 71 13
61 77 -41
61 78 43
61 79 9
62 63 -20
62 68 62
62 71 -56
64 67 -20
64 69 -50
64 71 -42
64 78 -21
65 66 21
65 74 -32
66 67 28
66 78 7
67 69 -8
68 70 13
69 72 -12
69 75 -27
70 74 31
71 73 3
73 74 -22
73 75 32
-1
-10291
