ba_80_6_16
80
4
-3
11
-14
-2
15
13
7
-9
2
8
15
11
8
16
12
-13
-14
-12
9
-13
-9
12
13
-5
12
-12
9
11
-15
3
-10
-8
9
-14
-6
16
6
-3
3
-2
13
-11
-3
-8
-14
-13
-8
-12
-15
-9
2
-8
-8
-10
-11
10
14
-9
-6
-7
-14
11
-4
16
14
-7
-7
5
-4
-3
12
8
-10
-8
-14
2
-4
13
16
0 1 -16
0 2 14
0 3 -11
0 4 15
0 5 5
0 6 -16
0 7 14
0 8 -13
0 9 -8
0 10 -16
0 11 15
0 12 6
0 13 16
0 14 -10
0 16 4
0 19 -2
0 20 -14
0 23 -6
0 25 -7
0 29 14
0 31 -15
0 34 -7
0 35 16
0 36 3
0 37 10
0 39 15
0 43 6
0 46 -10
0 49 8
0 53 6
0 55 -8
0 56 -11
0 57 3
0 64 15
0 79 6
1 7 14
1 8 14
1 9 10
1 10 14
1 12 14
1 13 -5
1 14 -6
1 16 -4
1 24 7
1 28 -4
1 33 -15
1 44 -11
1 48 11
1 59 -10
1 63 12
1 64 14
1 68 11
1 72 10
2 11 8
2 12 6
2 40 10
2 41 9
2 59 13
2 71 9
3 7 3
3 25 -11
3 32 10
4 7 13
4 8 -14
4 9 11
4 10 -10
4 13 -7
4 14 5
4 18 6
4 30 6
4 32 4
4 40 11
4 47 -15
4 48 -13
4 75 6
4 79 10
5 7 -3
5 8 13
5 10 -7
5 15 11
5 19 -9
5 45 -4
5 70 15
6 7 -4
6 8 5
6 9 4
6 10 -5
6 12 9
6 13 -15
6 14 15
6 15 12
6 16 -10
6 17 -16
6 21 -6
6 26 8
6 35 -2
6 37 2
6 45 -3
6 46 11
6 48 -6
6 52 -13
6 56 3
6 63 13
6 65 -6
6 69 6
6 73 -12
6 74 -13
7 8 10
7 9 -7
7 11 3
7 12 13
7 13 -15
7 15 -8
7 17 -3
7 18 11
7 20 -9
7 21 -13
7 22 -5
7 24 -3
7 32 -7
7 42 -13
7 43 8
7 49 -16
7 64 11
7 73 -4
7 75 -2
8 9 14
8 11 10
8 12 -2
8 13 16
8 15 7
8 17 -7
8 18 -5
8 23 10
8 26 -7
8 28 -13
8 33 -12
8 40 16
8 41 -11
8 42 -4
8 47 16
8 48 6
8 49 5
8 53 -16
8 54 13
8 61 3
8 62 16
8 70 12
8 71 2
8 73 -10
8 77 -7
8 78 4
8 79 3
9 10 16
9 11 -7
9 17 -12
9 18 -14
9 19 9
9 20 -13
9 24 -11
9 25 9
9 27 3
9 28 -11
9 29 10
9 42 -13
9 46 -16
9 47 15
9 62 -5
9 63 -10
9 66 10
9 69 -9
10 11 11
10 17 10
10 19 8
10 21 2
10 22 -9
10 23 5
10 24 3
10 26 10
10 29 12
10 30 -12
10 31 15
10 35 -16
10 39 -13
10 41 15
10 44 -4
10 45 -9
10 49 14
10 50 16
10 56 6
10 58 4
10 65 -5
10 67 13
10 70 -7
10 75 10
11 15 9
11 16 -12
11 18 -9
11 20 -16
11 22 -9
11 30 14
11 35 -9
11 38 3
11 42 -16
11 45 8
11 47 -11
11 53 5
11 60 -13
11 66 3
11 68 -13
11 71 9
11 77 -13
11 79 -11
12 14 11
12 15 -12
12 16 2
12 20 -14
12 21 -8
12 22 -3
12 31 10
12 32 -4
12 38 -15
12 39 -11
12 49 -10
12 50 -2
12 51 -4
12 56 -13
12 58 -9
12 62 16
12 67 12
12 78 6
12 79 -15
13 14 4
13 19 -8
13 20 -5
13 27 3
13 28 -3
13 30 -9
13 33 -8
13 34 6
13 37 9
13 42 -5
13 49 6
13 52 6
13 54 -16
13 57 7
13 64 16
13 68 13
13 71 -10
14 17 3
14 27 -13
14 28 -12
14 29 10
14 52 3
14 55 -6
14 58 -13
14 61 -9
14 65 -6
14 72 8
15 16 -12
15 18 -7
15 21 -12
15 23 -2
15 32 5
15 37 -2
15 40 4
15 44 2
15 45 14
15 53 -11
15 55 8
16 19 3
16 21 -9
16 23 -12
16 30 15
16 32 16
16 37 15
17 22 -8
17 24 -2
17 29 12
17 35 14
17 36 -15
17 43 -3
17 46 -7
17 62 -15
17 65 -8
18 31 10
18 34 -5
18 36 -12
18 38 -4
18 42 -11
18 56 -6
18 72 14
18 78 5
19 25 -6
19 26 7
19 29 -6
19 30 -2
19 33 -12
19 52 16
19 58 -15
19 61 -16
19 65 -9
19 66 5
19 73 15
19 74 -13
19 78 9
20 22 -12
20 36 4
20 39 15
20 43 -9
20 51 -13
20 54 9
20 64 16
20 69 2
20 72 -15
20 75 -8
20 76 -2
20 78 5
21 44 -12
22 23 10
22 24 5
22 25 6
22 26 -3
22 27 -6
22 31 -11
22 33 -10
22 34 -15
22 38 -12
22 41 10
22 50 -13
22 59 7
22 67 3
22 69 2
22 74 -4
22 77 11
23 25 -5
23 26 14
23 27 5
23 31 10
23 54 16
23 60 -4
24 27 -5
24 36 -9
24 51 6
24 57 2
24 64 10
24 77 -15
25 46 -5
25 47 -6
25 74 -7
26 39 -8
26 41 -7
26 45 -13
26 59 -11
27 28 10
27 38 -10
27 47 -7
28 67 6
28 75 13
29 35 -14
29 36 6
29 44 10
29 73 -6
29 77 -5
30 46 5
30 60 16
30 62 -8
30 73 9
31 33 -9
31 40 13
31 50 -13
31 51 10
31 53 -7
31 59 15
32 34 -5
32 54 6
32 58 -9
32 67 9
32 74 -5
32 76 3
33 34 -12
33 37 11
33 55 11
34 38 -12
34 40 -4
34 66 2
36 41 15
36 43 5
36 50 -15
36 55 2
36 59 5
36 61 6
36 63 4
36 66 7
36 68 8
36 72 -14
36 75 3
36 76 -4
37 58 -8
37 72 7
37 78 14
38 39 6
38 54 14
38 60 8
39 52 2
39 56 5
39 65 -4
39 66 -7
39 68 -4
39 71 -9
39 76 16
40 44 5
40 48 11
40 79 5
41 57 2
41 61 -4
42 43 -11
42 55 -5
42 57 8
42 69 -9
43 51 7
43 53 2
44 52 -16
44 57 -15
44 62 5
45 60 -15
46 48 -7
46 50 -15
49 51 2
49 60 -9
49 61 2
50 63 -14
51 71 13
56 63 7
56 76 -5
58 68 15
58 74 11
58 76 -9
61 77 14
62 70 -4
63 67 12
63 70 9
64 69 -14
65 70 2
-1
-1943
