ba_80_6_4
80
-4
-3
-2
-2
-4
-3
-3
-2
-2
2
4
2
3
-2
4
4
2
-2
-2
4
3
-2
4
-2
2
3
2
-4
3
-4
-3
-2
-2
-3
4
4
-3
4
4
-3
-2
2
2
4
-3
-4
3
4
-3
3
4
4
3
4
2
4
-4
3
3
2
3
2
3
2
4
2
-3
4
-4
4
-2
4
-4
2
-3
4
4
3
3
2
0 1 4
0 2 -2
0 3 3
0 4 2
0 5 2
0 6 3
0 7 -4
0 8 -3
0 9 2
0 10 -3
0 11 -2
0 12 -3
0 13 -3
0 14 -4
0 16 4
0 19 2
0 20 -2
0 23 3
0 25 4
0 29 2
0 31 2
0 34 -2
0 35 4
0 36 3
0 37 3
0 39 -2
0 43 -2
0 46 4
0 49 2
0 53 -3
0 55 -4
0 56 4
0 57 -2
0 64 -4
0 79 3
1 7 -4
1 8 -2
1 9 2
1 10 -3
1 12 -3
1 13 2
1 14 3
1 16 -2
1 24 4
1 28 -3
1 33 -2
1 44 -2
1 48 -4
1 59 3
1 63 3
1 64 3
1 68 2
1 72 -4
2 11 4
2 12 -4
2 40 -2
2 41 -3
2 59 -2
2 71 -3
3 7 -3
3 25 4
3 32 -3
4 7 -2
4 8 -2
4 9 3
4 10 4
4 13 -3
4 14 -4
4 18 -3
4 30 -3
4 32 -3
4 40 -3
4 47 2
4 48 -2
4 75 -4
4 79 -2
5 7 4
5 8 -4
5 10 2
5 15 2
5 19 2
5 45 3
5 70 -4
6 7 -4
6 8 -3
6 9 -3
6 10 -4
6 12 3
6 13 4
6 14 -2
6 15 -3
6 16 2
6 17 -2
6 21 3
6 26 3
6 35 -3
6 37 -2
6 45 4
6 46 -2
6 48 -4
6 52 -2
6 56 3
6 63 -3
6 65 2
6 69 4
6 73 4
6 74 3
7 8 2
7 9 -2
7 11 4
7 12 -2
7 13 3
7 15 -3
7 17 4
7 18 4
7 20 2
7 21 2
7 22 -2
7 24 2
7 32 -3
7 42 4
7 43 3
7 49 -2
7 64 2
7 73 -3
7 75 -4
8 9 -4
8 11 4
8 12 4
8 13 -2
8 15 4
8 17 4
8 18 3
8 23 3
8 26 2
8 28 4
8 33 -2
8 40 4
8 41 2
8 42 -3
8 47 3
8 48 4
8 49 -4
8 53 -3
8 54 -3
8 61 -2
8 62 4
8 70 -2
8 71 2
8 73 -2
8 77 -2
8 78 4
8 79 -2
9 10 -3
9 11 4
9 17 4
9 18 -3
9 19 2
9 20 -4
9 24 4
9 25 4
9 27 -4
9 28 -2
9 29 -3
9 42 -3
9 46 4
9 47 -2
9 62 -2
9 63 4
9 66 -2
9 69 3
10 11 -2
10 17 -2
10 19 2
10 21 -4
10 22 3
10 23 4
10 24 2
10 26 -4
10 29 2
10 30 -2
10 31 2
10 35 2
10 39 4
10 41 2
10 44 -4
10 45 -4
10 49 2
10 50 3
10 56 -3
10 58 -4
10 65 4
10 67 -3
10 70 -3
10 75 3
11 15 2
11 16 -2
11 18 -3
11 20 -4
11 22 2
11 30 -3
11 35 4
11 38 4
11 42 2
11 45 3
11 47 2
11 53 -2
11 60 -2
11 66 -4
11 68 3
11 71 -3
11 77 -3
11 79 4
12 14 -4
12 15 -2
12 16 3
12 20 -2
12 21 -4
12 22 2
12 31 -3
12 32 4
12 38 2
12 39 -4
12 49 3
12 50 -3
12 51 -3
12 56 2
12 58 -3
12 62 -2
12 67 3
12 78 -2
12 79 2
13 14 -2
13 19 -3
13 20 3
13 27 4
13 28 3
13 30 2
13 33 4
13 34 4
13 37 -2
13 42 4
13 49 -3
13 52 2
13 54 -2
13 57 -2
13 64 -3
13 68 -2
13 71 -4
14 17 3
14 27 2
14 28 3
14 29 4
14 52 -2
14 55 -3
14 58 3
14 61 -3
14 65 -2
14 72 -2
15 16 2
15 18 4
15 21 -3
15 23 -4
15 32 -4
15 37 2
15 40 2
15 44 -4
15 45 3
15 53 -4
15 55 -3
16 19 4
16 21 -4
16 23 -2
16 30 -2
16 32 3
16 37 -2
17 22 -4
17 24 2
17 29 -3
17 35 -3
17 36 -3
17 43 -2
17 46 -4
17 62 -2
17 65 2
18 31 -3
18 34 4
18 36 2
18 38 -3
18 42 -2
18 56 -2
18 72 3
18 78 3
19 25 3
19 26 4
19 29 -4
19 30 -4
19 33 -4
19 52 2
19 58 4
19 61 2
19 65 4
19 66 3
19 73 4
19 74 -4
19 78 2
20 22 2
20 36 -3
20 39 -4
20 43 -4
20 51 2
20 54 -2
20 64 -2
20 69 -3
20 72 2
20 75 4
20 76 -4
20 78 3
21 44 3
22 23 4
22 24 3
22 25 4
22 26 -3
22 27 4
22 31 3
22 33 4
22 34 -4
22 38 -3
22 41 4
22 50 -4
22 59 2
22 67 -4
22 69 3
22 74 -3
22 77 -4
23 25 -3
23 26 3
23 27 3
23 31 2
23 54 2
23 60 4
24 27 -4
24 36 4
24 51 2
24 57 2
24 64 -4
24 77 4
25 46 -4
25 47 -3
25 74 -2
26 39 2
26 41 4
26 45 -3
26 59 -3
27 28 3
27 38 3
27 47 2
28 67 2
28 75 -4
29 35 2
29 36 -2
29 44 -4
29 73 4
29 77 2
30 46 -2
30 60 -4
30 62 -4
30 73 -4
31 33 3
31 40 2
31 50 3
31 51 -4
31 53 -2
31 59 4
32 34 -2
32 54 -2
32 58 2
32 67 -2
32 74 -3
32 76 4
33 34 4
33 37 -3
33 55 3
34 38 2
34 40 4
34 66 4
36 41 -2
36 43 3
36 50 3
36 55 -2
36 59 -4
36 61 -2
36 63 -2
36 66 2
36 68 3
36 72 4
36 75 -4
36 76 -3
37 58 -2
37 72 -3
37 78 -4
38 39 2
38 54 2
38 60 -4
39 52 -4
39 56 2
39 65 -2
39 66 2
39 68 -3
39 71 4
39 76 2
40 44 -2
40 48 3
40 79 3
41 57 3
41 61 -3
42 43 -3
42 55 -4
42 57 4
42 69 2
43 51 -4
43 53 -3
44 52 -2
44 57 4
44 62 -4
45 60 -4
46 48 3
46 50 2
49 51 2
49 60 -3
49 61 2
50 63 -2
51 71 -3
56 63 -4
56 76 -2
58 68 -3
58 74 -3
58 76 -4
61 77 -3
62 70 -2
63 67 -3
63 70 3
64 69 3
65 70 4
-1
-619
