ba_80_8_64
80
-25
28
39
11
35
-27
-47
-6
26
-20
25
15
6
-4
-54
38
44
-59
-56
54
16
39
25
26
-54
24
-16
-54
-47
-28
42
-38
26
-14
-25
-37
-47
-22
27
-64
-28
50
57
-21
-32
-43
2
57
54
7
7
30
-63
-27
-61
-27
-48
27
13
45
45
34
11
-58
52
-5
22
-17
28
13
50
-41
23
-15
-45
-12
32
-54
-50
-54
0 1 51
0 2 -53
0 3 -54
0 4 -54
0 5 57
0 6 29
0 7 64
0 8 2
0 9 -54
0 10 34
0 11 36
0 12 41
0 13 24
0 15 -59
0 16 -50
0 17 43
0 21 -41
0 22 55
0 23 44
0 25 57
0 26 -28
0 28 -56
0 31 -24
0 37 -52
0 45 -57
0 48 29
0 50 4
0 56 4
0 58 -22
0 65 59
0 69 60
0 70 -16
0 71 13
0 78 -43
1 9 22
1 10 -64
1 11 59
1 13 64
1 15 35
1 19 -9
1 21 19
1 22 -38
1 23 34
1 27 -56
1 40 -57
1 41 58
1 44 -31
1 49 16
1 58 -21
1 62 41
1 71 -39
1 72 -39
2 9 -57
2 10 23
2 11 -31
2 13 36
2 17 -10
2 18 32
2 24 29
2 32 4
2 37 54
2 39 58
2 46 56
2 47 -55
2 53 25
2 55 7
2 57 -39
2 60 -35
2 67 32
2 78 -32
3 9 -39
3 10 3
3 11 -58
3 12 -58
3 14 33
3 15 -33
3 16 -62
3 28 -15
3 31 32
3 41 -59
3 49 30
3 50 16
3 51 46
3 52 39
3 61 -34
3 67 -35
3 78 26
4 9 20
4 11 49
4 14 7
4 30 -20
4 40 -53
5 9 53
5 10 -61
5 12 -46
5 14 3
5 18 -3
5 36 15
5 56 -21
5 61 -6
6 9 8
6 10 56
6 12 53
6 14 62
6 16 -3
6 20 19
6 25 -12
6 35 -34
6 38 -16
6 40 36
6 47 -34
6 51 -32
6 61 -5
6 62 -64
7 9 -43
7 11 38
7 13 34
7 17 63
7 27 -15
7 32 -49
7 38 -20
7 42 -9
7 46 41
7 49 -2
7 56 23
7 62 -29
7 68 -33
7 72 17
7 73 16
7 75 -48
8 10 -52
8 12 53
8 13 -50
8 14 -20
8 17 42
8 20 -31
8 23 -40
8 25 -19
8 26 44
8 30 -38
8 35 31
8 39 15
8 42 -44
8 43 -2
8 47 18
8 58 64
8 75 14
9 10 15
9 11 11
9 12 22
9 13 -63
9 14 58
9 15 14
9 16 -22
9 18 45
9 19 -15
9 20 -14
9 23 -45
9 24 46
9 25 -9
9 28 60
9 30 -32
9 32 -4
9 36 -21
9 42 20
9 45 28
9 46 61
9 47 18
9 51 53
9 63 10
9 68 63
9 73 -29
9 76 -40
9 77 32
9 78 -45
10 11 -44
10 12 55
10 13 -28
10 14 45
10 15 -14
10 16 55
10 17 35
10 18 -62
10 19 31
10 20 25
10 21 -53
10 24 28
10 25 -57
10 27 -49
10 29 -55
10 31 10
10 32 40
10 33 -44
10 34 50
10 36 63
10 37 -45
10 38 -9
10 41 -58
10 42 -61
10 43 10
10 44 -51
10 45 -49
10 46 -13
10 48 -39
10 49 32
10 55 -62
10 56 22
10 57 46
10 60 -4
10 61 -24
10 65 38
10 66 14
10 71 -42
10 74 -32
10 76 6
10 77 -53
11 12 49
11 13 17
11 14 7
11 15 -44
11 18 51
11 19 7
11 24 -49
11 25 57
11 26 52
11 28 18
11 33 -49
11 35 7
11 37 -37
11 41 -24
11 43 -3
11 44 -50
11 47 -47
11 48 14
11 52 -13
11 53 45
11 57 14
11 60 44
11 67 -24
11 72 53
12 15 -55
12 16 22
12 17 25
12 19 24
12 20 42
12 29 6
12 34 -38
12 36 23
12 43 36
12 53 25
12 59 -35
12 68 -46
12 71 47
12 77 23
13 15 -29
13 16 -40
13 18 30
13 19 -60
13 21 41
13 22 37
13 23 18
13 27 -29
13 29 -58
13 32 26
13 42 2
13 52 3
13 53 16
13 58 48
13 63 38
13 67 -20
13 68 -60
13 69 -16
13 79 19
14 16 -4
14 17 -5
14 18 -2
14 20 -47
14 21 49
14 22 -14
14 25 -52
14 26 43
14 29 26
14 33 6
14 37 40
14 40 -55
14 43 -28
14 45 -40
14 52 32
14 58 7
14 59 36
14 69 40
14 72 12
14 75 46
14 79 49
15 19 57
15 33 50
15 44 8
15 54 22
15 60 -24
16 17 38
16 18 -57
16 21 11
16 22 -27
16 23 -32
16 26 -62
16 29 -43
16 33 43
16 37 -21
16 38 49
16 39 39
16 41 43
16 46 57
16 50 35
16 60 5
16 67 -22
16 73 -53
16 74 15
16 79 -14
17 20 -55
17 26 14
17 27 -39
17 28 37
17 29 -15
17 32 -58
17 44 -53
17 46 12
17 53 -34
17 55 -16
17 56 -19
17 57 30
17 65 7
17 66 -40
17 67 -61
17 69 -14
17 74 10
17 76 59
18 19 -7
18 20 -32
18 21 10
18 24 7
18 30 34
18 31 27
18 38 -55
18 39 18
18 40 8
18 48 21
18 50 60
18 52 -40
18 59 -60
18 64 24
18 69 -36
18 75 40
18 77 -24
19 22 -4
19 23 8
19 25 -61
19 26 60
19 32 -34
19 34 29
19 35 -32
19 45 4
19 54 62
19 62 -23
19 75 -62
19 78 5
20 21 14
20 22 51
20 23 27
20 27 38
20 29 35
20 30 23
20 31 -18
20 34 4
20 35 -30
20 37 50
20 38 -36
20 41 -45
20 48 21
20 50 -60
20 51 15
20 53 33
20 54 -44
20 55 37
20 57 43
20 59 -28
20 60 44
20 61 -42
20 62 -29
20 63 -18
20 64 26
20 68 5
20 71 43
20 74 17
20 76 -49
21 22 -8
21 24 -10
21 27 -61
21 30 -4
21 31 18
21 34 -54
21 36 -52
21 41 -24
21 43 -5
21 45 57
21 51 8
21 52 -19
21 64 19
21 69 -4
21 72 17
21 79 -61
22 24 -4
22 33 -2
22 36 37
22 39 -26
22 42 2
22 51 -52
22 55 51
22 63 50
23 24 -47
23 27 -39
23 34 34
23 35 -62
23 40 17
23 47 59
23 48 -61
23 52 2
23 54 -59
23 61 -25
23 66 -63
23 72 -28
23 73 24
23 74 -44
24 26 10
24 28 11
24 33 36
24 36 37
24 38 -63
24 39 10
24 42 -55
24 46 22
24 47 2
24 48 -56
24 54 -46
24 60 34
24 64 -6
24 66 51
25 28 -27
25 43 33
25 59 27
25 63 -26
26 31 -54
26 35 -22
26 36 -26
26 38 -7
26 44 -18
26 53 -61
26 55 -40
26 62 31
26 64 -56
27 28 10
27 29 -53
27 30 51
27 31 -57
27 34 -63
27 35 57
27 39 -9
27 46 -37
27 48 32
27 50 28
27 52 49
27 56 10
27 57 5
27 58 42
27 66 11
27 67 48
27 71 18
27 77 -28
28 32 -11
28 58 -26
28 64 -19
28 70 -62
28 73 -6
29 30 49
29 33 -39
29 42 -19
29 50 -62
29 53 52
30 56 23
31 41 -50
31 51 -16
31 56 -15
31 60 -58
31 67 53
31 75 55
31 76 25
32 34 -10
32 37 22
32 49 60
32 66 -55
32 72 -61
32 77 35
32 79 -53
33 45 -17
33 54 61
33 57 37
33 74 12
34 44 61
34 59 48
34 68 27
35 40 -26
36 66 40
36 77 -32
37 49 54
37 62 -45
37 63 37
37 70 13
37 73 63
38 39 -16
38 40 34
38 44 31
38 63 43
38 64 33
38 65 45
40 47 -43
40 54 27
40 61 -10
40 74 45
41 43 -64
41 51 31
41 61 50
41 64 -41
42 55 37
42 70 13
43 45 -62
43 49 48
43 65 -16
43 70 64
44 49 -20
44 50 64
44 59 37
44 65 -38
44 72 63
44 74 -41
44 78 19
45 57 -29
46 70 -5
49 55 -45
49 59 49
49 77 -29
50 58 27
50 65 7
50 66 42
51 54 11
51 78 -29
52 63 6
52 69 -55
52 70 48
52 73 56
54 62 33
54 71 21
54 79 44
55 76 15
58 68 36
58 69 31
59 65 -8
59 70 -41
60 71 30
60 75 22
61 73 -35
63 68 -47
65 76 -51
66 75 47
66 79 14
70 79 -7
71 76 -34
73 78 43
-1
-8690
