ba_80_10_64
80
18
-28
62
-17
13
-28
42
31
33
-52
48
-45
12
17
-56
-6
-18
5
-5
28
30
-53
19
60
-45
63
2
22
39
-59
-53
-45
-59
15
-22
52
54
31
-39
31
52
35
-11
-19
-46
23
-5
52
56
-47
-41
52
-41
24
3
-44
-24
30
8
-11
16
15
-38
39
-12
-30
-3
21
14
45
-41
18
56
38
45
-54
-24
35
37
37
0 1 51
0 2 8
0 3 10
0 4 38
0 5 36
0 6 -63
0 7 41
0 8 -55
0 9 -64
0 10 -18
0 11 61
0 12 19
0 13 41
0 14 -36
0 15 -61
0 17 29
0 18 16
0 20 59
0 21 58
0 22 -3
0 24 6
0 27 -11
0 28 46
0 32 17
0 33 -35
0 34 -62
0 37 -28
0 38 28
0 44 -39
0 45 -13
0 50 24
0 52 56
0 54 64
0 57 -28
0 63 -59
0 67 22
0 69 -52
0 71 47
0 75 62
1 11 27
1 12 60
1 13 58
1 14 -7
1 15 37
1 19 36
1 20 -57
1 23 -43
1 24 -55
1 25 26
1 26 34
1 29 -8
1 33 5
1 35 39
1 37 13
1 42 -42
1 53 64
1 56 14
1 57 12
1 59 -41
1 66 62
1 68 33
1 72 -45
1 79 32
2 11 40
2 13 22
2 14 -53
2 15 -34
2 16 23
2 17 35
2 18 -34
2 20 -17
2 22 47
2 27 -31
2 31 27
2 34 9
2 37 54
2 38 -31
2 39 47
2 41 15
2 47 7
2 56 -13
2 57 58
2 72 -30
2 73 55
3 11 41
3 12 -15
3 18 -5
3 44 -32
3 57 -36
3 59 53
3 60 23
3 73 -4
3 74 -27
4 11 -30
4 12 -61
4 13 17
4 14 -19
4 17 59
4 18 8
4 20 -24
4 23 34
4 26 -43
4 29 5
4 32 45
4 33 2
4 36 -8
4 39 -47
4 40 -58
4 44 -49
4 45 -9
4 46 -44
4 52 -38
5 11 -27
5 13 32
5 14 11
5 15 22
5 20 -30
5 21 -60
5 23 49
5 29 38
5 32 4
5 39 11
5 45 -62
5 48 47
5 61 -16
5 63 -62
5 67 -15
6 12 -23
6 16 -6
6 18 60
6 36 -56
6 41 61
6 43 45
6 44 -38
6 50 55
7 11 17
7 12 55
7 13 24
7 15 -31
7 16 39
7 17 33
7 19 -38
7 21 -36
7 22 39
7 24 29
7 30 48
7 40 38
7 49 -49
7 53 21
7 59 -27
8 11 64
8 12 -39
8 15 23
8 16 -25
8 17 -7
8 19 -39
8 23 -60
8 28 49
8 29 44
8 30 -11
8 31 25
8 35 -4
8 36 4
8 40 9
8 42 -56
8 43 -59
8 44 57
8 54 17
8 55 22
8 62 45
8 63 -58
8 76 7
8 77 18
9 11 -40
9 12 47
9 13 -8
9 14 -14
9 15 22
9 16 -15
9 17 -40
9 19 17
9 20 -52
9 21 8
9 24 -60
9 25 -16
9 26 -41
9 29 -24
9 31 28
9 32 45
9 35 33
9 38 -7
9 39 32
9 45 15
9 49 -60
9 51 34
9 52 14
9 55 -28
9 56 54
9 61 -60
9 65 -55
9 67 -8
9 69 -59
9 72 40
9 77 -59
10 11 -29
10 12 55
10 13 -31
10 14 -55
10 16 -9
10 18 63
10 19 -21
10 23 -30
10 28 41
10 32 -19
10 34 13
10 35 25
10 40 52
10 52 50
10 56 4
10 79 -48
11 12 43
11 13 -12
11 14 64
11 15 -64
11 16 7
11 17 -59
11 21 46
11 24 -29
11 25 -45
11 26 22
11 27 -28
11 30 17
11 34 -37
11 36 30
11 37 -8
11 38 10
11 40 30
11 41 -56
11 42 -20
11 47 55
11 50 -47
11 53 -17
11 57 11
11 59 -36
11 64 -35
11 65 -51
11 66 53
11 76 -21
11 77 62
12 13 27
12 14 -2
12 15 -7
12 16 33
12 17 56
12 18 31
12 19 12
12 21 16
12 22 42
12 23 12
12 24 31
12 25 -7
12 26 -5
12 27 29
12 28 -44
12 29 -17
12 34 42
12 38 -60
12 39 6
12 41 -64
12 42 47
12 43 -3
12 44 9
12 45 -55
12 47 -11
12 48 -25
12 49 3
12 51 41
12 55 37
12 57 -57
12 58 -61
12 59 43
12 61 -49
12 65 -18
12 67 34
12 68 -41
12 69 57
12 75 16
12 76 6
13 14 6
13 16 5
13 17 36
13 18 55
13 19 -15
13 20 -15
13 22 -61
13 24 35
13 27 59
13 28 -26
13 30 50
13 31 -46
13 33 10
13 36 41
13 37 36
13 39 9
13 41 58
13 43 52
13 54 -3
13 55 -19
13 61 -8
13 75 6
13 79 9
14 15 10
14 16 18
14 17 46
14 18 -24
14 19 -56
14 20 13
14 21 38
14 22 21
14 23 42
14 25 37
14 27 -39
14 29 -38
14 32 -2
14 35 -11
14 44 -45
14 48 46
14 50 -53
14 51 47
14 56 25
14 57 44
14 58 -8
14 70 -44
14 75 17
15 22 -20
15 34 -64
15 37 6
15 51 63
15 53 -46
15 60 -28
15 66 -41
15 75 48
16 18 42
16 19 -36
16 21 8
16 25 -8
16 27 10
16 28 26
16 31 -4
16 37 -22
16 39 -54
16 42 -38
17 20 41
17 21 63
17 22 -6
17 23 12
17 28 -20
17 29 -56
17 30 15
17 31 -41
17 34 -53
17 35 -6
17 39 46
17 40 -46
17 42 -37
17 43 11
17 44 50
17 48 29
17 49 42
17 51 55
17 52 33
17 58 -35
17 60 62
17 63 -24
17 64 -10
17 65 -21
17 78 2
17 79 12
18 19 29
18 21 35
18 22 -16
18 23 -15
18 24 -25
18 26 57
18 33 54
18 37 -7
18 39 49
18 42 -26
18 44 -31
18 45 5
18 47 -61
18 49 17
18 50 -27
18 61 -46
18 62 2
18 73 -55
18 76 -56
19 20 57
19 22 -13
19 26 -12
19 31 7
19 35 -10
19 50 -41
19 54 40
19 55 62
19 58 -5
19 62 -21
19 66 -14
19 68 -27
19 73 -50
19 74 49
20 24 38
20 25 -24
20 26 -35
20 32 40
20 33 58
20 34 -43
20 43 -22
20 62 32
20 64 -2
20 66 63
20 72 -55
21 24 -44
21 26 -35
21 29 34
21 33 6
21 35 26
21 36 22
21 40 -18
21 48 7
21 49 -12
21 51 -63
21 58 -9
21 63 -26
22 23 4
22 25 -29
22 26 24
22 27 -38
22 37 51
22 38 -19
22 46 -43
22 51 32
22 52 24
22 54 -62
22 56 33
22 65 56
22 69 48
22 73 61
22 74 -64
22 79 -4
23 25 55
23 28 63
23 30 27
23 38 27
23 41 61
23 43 -38
23 45 -14
23 48 -30
23 53 -29
23 58 -15
23 63 -34
23 72 -26
23 74 -51
24 25 62
24 27 32
24 32 -25
24 34 -10
24 36 30
24 40 39
24 41 -46
24 42 60
24 45 -24
24 70 -18
24 71 19
24 74 -47
24 75 34
25 28 -18
25 30 -47
25 31 64
25 32 -57
25 33 -43
25 43 -11
25 46 61
25 47 25
25 54 -13
25 59 -59
25 61 -61
25 62 20
25 68 -7
25 72 64
25 79 -48
26 27 -29
26 28 -9
26 30 37
26 31 38
26 33 -17
26 41 -41
26 47 29
26 50 -21
26 59 -23
26 62 -40
26 65 36
26 66 -53
26 70 22
26 79 -27
27 31 -18
27 33 29
27 34 -11
27 36 40
27 37 42
27 40 21
27 53 -25
27 55 51
27 73 61
28 29 -18
28 30 44
28 35 -36
28 40 -62
28 41 -25
28 46 -53
28 48 -35
28 53 -21
28 54 -57
28 56 -57
28 65 -16
28 67 15
28 77 14
28 79 -26
29 30 34
29 32 46
29 35 3
29 46 -61
29 61 -42
29 64 50
29 65 -50
29 68 34
29 69 -10
29 70 50
29 74 -53
30 42 55
30 50 -32
30 52 -33
30 53 14
30 62 -46
30 68 6
30 76 -54
31 36 -25
31 45 41
31 47 -6
31 50 14
31 52 48
31 56 -47
31 61 -58
31 71 16
32 48 22
32 49 63
32 60 41
32 61 -26
32 62 -26
32 77 -57
33 38 25
33 46 43
33 55 -42
33 57 -57
33 58 45
33 64 -56
33 72 -26
33 73 34
33 78 48
34 38 -22
34 42 47
34 43 -45
34 46 -60
34 47 51
34 57 -28
34 58 -28
34 59 61
34 75 -50
34 77 -40
34 79 51
35 36 42
35 41 13
35 50 -49
35 54 -51
35 56 -44
35 58 -63
35 63 12
35 67 -46
35 77 46
36 38 -32
36 44 -3
36 48 30
36 52 37
36 59 43
36 60 61
36 68 -17
36 70 13
36 71 -22
37 39 -49
37 46 35
37 47 26
37 51 -33
37 52 23
37 57 -62
37 60 -61
37 66 -21
37 69 10
37 72 -25
37 76 45
38 43 2
38 46 33
38 67 -21
39 46 -38
39 47 31
39 54 22
39 59 42
39 66 -34
39 69 -4
39 70 -19
39 71 -48
40 51 55
40 61 -29
40 71 9
41 78 22
42 45 52
42 54 -49
43 49 51
43 60 50
43 63 -5
43 64 -30
43 68 3
44 48 -9
44 51 42
44 53 -8
44 56 -48
44 64 -18
44 78 -53
45 53 -9
45 58 -51
45 65 17
45 73 31
47 49 57
47 55 -43
47 62 43
47 67 -59
47 71 -33
47 73 57
47 78 -11
48 49 -20
48 62 -22
48 67 -59
49 74 -16
50 76 -16
51 55 4
51 60 -19
51 63 -52
51 69 36
52 55 37
52 64 -21
52 66 -50
52 71 -37
53 72 -34
53 74 46
54 71 -3
54 76 8
55 60 -42
55 78 -18
56 64 -6
56 66 -4
56 70 -5
56 74 55
56 75 -10
56 77 -10
57 63 -45
57 72 21
58 69 14
59 60 36
59 75 42
59 77 -49
60 65 11
60 67 8
60 78 52
62 64 9
62 69 64
63 71 -6
63 76 19
64 68 -57
65 68 45
66 70 -27
68 70 -44
69 70 64
70 73 -6
70 74 63
70 75 3
70 78 -15
74 78 34
75 76 -39
75 77 -45
75 78 4
75 79 -21
-1
-9701
