ba_80_4_8
80
-4
5
7
5
-6
-2
-4
6
4
-8
6
-6
-2
7
-2
-8
4
7
8
6
-8
4
-7
4
-2
5
-2
-3
-8
-3
2
-8
7
7
-3
3
-6
8
-8
-3
3
3
-2
3
7
-8
-6
6
-3
4
-2
3
-2
-8
-5
-4
-5
7
-3
-7
3
5
-7
2
-3
7
3
-4
8
-4
4
6
3
8
-2
-3
-2
4
5
-4
0 1 -5
0 2 -5
0 3 -3
0 4 8
0 5 -8
0 6 -2
0 7 -5
0 8 -6
0 10 6
0 11 3
0 13 3
0 14 -2
0 20 -3
0 21 -3
0 23 -2
0 26 -5
0 27 2
0 28 -3
0 32 -3
0 33 5
0 34 -6
0 35 -4
0 38 4
0 45 -4
0 50 4
0 57 6
0 60 -8
0 62 6
0 65 4
0 66 8
0 73 6
1 5 6
1 7 -5
1 12 -2
1 14 -3
1 17 3
1 19 -8
1 27 3
1 30 -3
1 49 -8
1 52 6
1 53 2
2 5 -2
2 6 -3
2 9 -7
2 10 6
2 13 -7
2 15 8
2 19 -8
2 21 -8
2 39 2
2 44 -8
2 49 7
2 62 -4
2 65 5
3 5 -7
3 6 -6
3 7 6
3 8 -8
3 9 7
3 12 -2
3 16 8
3 17 -2
3 18 8
3 20 7
3 22 -2
3 28 -8
3 31 8
3 35 7
3 36 -7
3 46 -2
3 57 -3
3 71 4
3 74 -5
3 76 -6
3 77 3
4 11 -4
4 25 4
4 29 8
5 6 -7
5 7 -8
5 8 -5
5 11 7
5 12 8
5 13 7
5 14 -7
5 16 -2
5 19 -4
5 20 4
5 21 -6
5 22 -7
5 26 2
5 29 7
5 32 4
5 33 2
5 34 6
5 40 7
5 43 -2
5 44 -8
5 46 2
5 47 3
5 55 -6
5 60 7
5 69 -5
5 70 3
5 74 -8
5 78 -5
6 8 -5
6 20 -6
6 27 -5
6 36 -2
6 41 -2
6 45 8
6 64 3
7 9 -3
7 10 8
7 12 6
7 23 3
7 25 4
7 33 2
7 36 5
7 42 -8
7 43 6
7 50 -6
7 56 5
7 59 -3
7 66 8
8 9 5
8 10 5
8 11 -3
8 15 6
8 16 6
8 17 4
8 18 7
8 23 3
8 24 7
8 30 -2
8 37 5
8 38 2
8 48 2
8 49 -7
8 50 3
8 52 7
8 64 -8
8 67 -7
8 69 6
8 71 3
8 76 -6
9 22 -3
9 26 -6
9 34 -8
9 38 8
9 42 -5
9 58 -5
10 16 -7
10 22 -5
10 29 5
10 41 -8
10 54 -5
11 13 3
11 14 4
11 15 -7
11 17 4
11 19 -7
11 42 3
11 59 -4
12 27 -4
12 49 -6
12 63 -7
12 67 3
12 77 -6
13 21 5
13 31 -3
13 70 -6
13 71 7
13 73 -7
14 15 5
14 18 -3
14 24 3
14 37 6
14 41 -7
14 45 6
14 54 7
14 58 -4
14 78 6
15 18 -3
15 25 8
15 28 -4
15 47 6
15 48 -7
15 69 -4
15 75 6
16 23 2
16 40 -8
16 53 -7
16 55 -8
16 68 -7
16 79 5
17 36 5
18 25 3
18 29 -3
18 32 4
18 35 -4
18 46 -2
18 53 -4
18 72 -7
19 26 -3
19 28 -5
19 31 -7
19 51 -8
19 54 4
19 60 -7
19 61 4
19 67 4
19 72 7
20 24 4
20 40 -8
21 33 -5
21 39 -8
22 24 8
22 45 -7
22 58 -6
22 75 -5
23 43 2
23 44 -8
23 56 -4
24 41 8
24 47 2
25 30 -6
25 55 -5
25 57 4
25 61 -3
25 68 -5
25 70 3
25 78 -7
26 30 -8
26 31 -6
26 43 4
26 46 4
26 61 8
26 63 -7
26 76 6
27 37 -4
27 71 3
27 79 -5
28 32 2
28 34 -7
28 39 -8
28 40 -5
28 44 -4
28 52 7
29 37 -4
29 39 6
29 51 6
29 54 4
29 76 5
31 50 4
31 51 -4
31 63 -3
34 35 -3
34 66 4
36 38 -6
36 56 6
38 65 8
38 72 6
39 53 2
40 42 -4
41 48 6
41 51 -5
41 59 7
41 61 3
41 62 2
41 64 8
41 66 3
42 47 6
42 59 -7
42 73 -2
42 74 -6
42 78 -2
43 79 -7
45 48 8
46 55 8
46 62 4
46 68 3
47 67 -8
49 60 -5
50 57 4
50 70 3
51 52 8
52 56 8
52 63 -3
52 69 7
54 75 -2
55 65 7
55 79 8
56 64 4
57 58 7
60 73 -4
61 75 -3
63 68 -4
68 72 -5
69 74 3
71 77 7
75 77 -2
-1
-937
