ba_80_10_4
80
-3
4
-4
2
3
-2
-4
4
-2
3
2
4
3
2
4
3
4
-2
-4
-3
-3
-2
-3
4
-4
4
-2
-2
-3
3
-2
-2
-4
3
3
3
4
4
-4
2
2
3
3
-4
3
2
3
-2
2
3
-4
2
-4
2
2
4
4
2
3
4
-3
2
4
-2
-4
2
2
3
3
-2
2
-4
-3
-4
-4
-2
2
3
3
-3
0 1 4
0 2 -2
0 3 2
0 4 2
0 5 -4
0 6 2
0 7 -2
0 8 3
0 9 -4
0 10 3
0 11 3
0 12 -2
0 13 -4
0 14 2
0 15 3
0 17 2
0 18 -2
0 20 2
0 21 -3
0 22 -3
0 24 -4
0 27 3
0 28 -4
0 32 3
0 33 -2
0 34 -3
0 37 -2
0 38 3
0 44 4
0 45 3
0 50 -2
0 52 3
0 54 3
0 57 -3
0 63 -4
0 67 -3
0 69 4
0 71 3
0 75 3
1 11 -4
1 12 -4
1 13 -3
1 14 -2
1 15 -2
1 19 -2
1 20 3
1 23 4
1 24 3
1 25 4
1 26 2
1 29 3
1 33 4
1 35 3
1 37 2
1 42 4
1 53 4
1 56 2
1 57 3
1 59 4
1 66 2
1 68 2
1 72 2
1 79 -2
2 11 3
2 13 4
2 14 3
2 15 -4
2 16 -2
2 17 2
2 18 2
2 20 -3
2 22 -2
2 27 -3
2 31 -3
2 34 -3
2 37 2
2 38 -2
2 39 -4
2 41 2
2 47 -3
2 56 -3
2 57 -2
2 72 -2
2 73 -2
3 11 3
3 12 2
3 18 -4
3 44 -3
3 57 3
3 59 -2
3 60 -3
3 73 3
3 74 -4
4 11 -4
4 12 -4
4 13 2
4 14 -3
4 17 2
4 18 -2
4 20 4
4 23 -2
4 26 3
4 29 2
4 32 -3
4 33 -3
4 36 -3
4 39 -2
4 40 3
4 44 3
4 45 -4
4 46 2
4 52 -4
5 11 4
5 13 -4
5 14 -4
5 15 2
5 20 4
5 21 -2
5 23 -3
5 29 -2
5 32 3
5 39 2
5 45 3
5 48 -4
5 61 3
5 63 3
5 67 4
6 12 -3
6 16 3
6 18 -3
6 36 -2
6 41 -2
6 43 2
6 44 3
6 50 -3
7 11 3
7 12 4
7 13 -3
7 15 4
7 16 4
7 17 -4
7 19 4
7 21 -4
7 22 -2
7 24 2
7 30 -3
7 40 2
7 49 2
7 53 3
7 59 -3
8 11 3
8 12 -4
8 15 3
8 16 4
8 17 -3
8 19 3
8 23 2
8 28 -4
8 29 3
8 30 4
8 31 -2
8 35 -4
8 36 3
8 40 4
8 42 3
8 43 2
8 44 -3
8 54 3
8 55 -3
8 62 -4
8 63 -2
8 76 -4
8 77 4
9 11 4
9 12 4
9 13 3
9 14 4
9 15 4
9 16 -3
9 17 -3
9 19 -4
9 20 3
9 21 2
9 24 -2
9 25 2
9 26 4
9 29 3
9 31 2
9 32 3
9 35 -2
9 38 3
9 39 2
9 45 -3
9 49 4
9 51 4
9 52 -3
9 55 4
9 56 -2
9 61 -2
9 65 -4
9 67 3
9 69 4
9 72 -2
9 77 -2
10 11 2
10 12 3
10 13 -2
10 14 3
10 16 -3
10 18 -4
10 19 -3
10 23 -4
10 28 2
10 32 3
10 34 4
10 35 3
10 40 -3
10 52 4
10 56 3
10 79 4
11 12 -3
11 13 -4
11 14 -4
11 15 -2
11 16 3
11 17 -3
11 21 -2
11 24 2
11 25 3
11 26 -4
11 27 4
11 30 3
11 34 -4
11 36 -4
11 37 -2
11 38 3
11 40 2
11 41 -2
11 42 -4
11 47 3
11 50 -3
11 53 -4
11 57 -3
11 59 4
11 64 -4
11 65 3
11 66 -2
11 76 4
11 77 3
12 13 3
12 14 -3
12 15 -2
12 16 -4
12 17 2
12 18 2
12 19 -4
12 21 -4
12 22 2
12 23 3
12 24 3
12 25 2
12 26 3
12 27 -2
12 28 4
12 29 -2
12 34 4
12 38 2
12 39 4
12 41 2
12 42 2
12 43 2
12 44 3
12 45 -4
12 47 -3
12 48 2
12 49 2
12 51 2
12 55 3
12 57 4
12 58 -2
12 59 4
12 61 -2
12 65 2
12 67 -3
12 68 -3
12 69 -3
12 75 -3
12 76 -3
13 14 -4
13 16 -4
13 17 2
13 18 -4
13 19 -2
13 20 2
13 22 -3
13 24 -2
13 27 -3
13 28 -2
13 30 2
13 31 2
13 33 4
13 36 -4
13 37 -4
13 39 -3
13 41 4
13 43 -3
13 54 -3
13 55 -4
13 61 -2
13 75 -2
13 79 -3
14 15 -4
14 16 -4
14 17 4
14 18 -4
14 19 4
14 20 -3
14 21 3
14 22 3
14 23 -4
14 25 4
14 27 -3
14 29 -4
14 32 -3
14 35 4
14 44 2
14 48 2
14 50 -4
14 51 3
14 56 -2
14 57 -3
14 58 -3
14 70 2
14 75 3
15 22 -3
15 34 -4
15 37 -3
15 51 -3
15 53 -3
15 60 2
15 66 2
15 75 -2
16 18 -3
16 19 -4
16 21 3
16 25 -2
16 27 -2
16 28 -2
16 31 -3
16 37 2
16 39 4
16 42 -2
17 20 3
17 21 3
17 22 -2
17 23 -4
17 28 3
17 29 2
17 30 4
17 31 -4
17 34 -4
17 35 -3
17 39 3
17 40 -4
17 42 -4
17 43 2
17 44 4
17 48 -4
17 49 3
17 51 -4
17 52 -2
17 58 4
17 60 -4
17 63 -4
17 64 4
17 65 2
17 78 4
17 79 -3
18 19 3
18 21 3
18 22 -4
18 23 -4
18 24 4
18 26 -3
18 33 4
18 37 3
18 39 -3
18 42 -2
18 44 3
18 45 -2
18 47 -2
18 49 4
18 50 -2
18 61 -4
18 62 -4
18 73 2
18 76 4
19 20 2
19 22 3
19 26 -2
19 31 2
19 35 2
19 50 3
19 54 -3
19 55 -3
19 58 -3
19 62 -4
19 66 -4
19 68 -4
19 73 -3
19 74 -4
20 24 3
20 25 -2
20 26 -3
20 32 -2
20 33 2
20 34 4
20 43 -2
20 62 2
20 64 2
20 66 -4
20 72 2
21 24 -4
21 26 -2
21 29 -2
21 33 -3
21 35 3
21 36 4
21 40 -2
21 48 -3
21 49 3
21 51 2
21 58 -4
21 63 -3
22 23 4
22 25 -4
22 26 3
22 27 4
22 37 -2
22 38 4
22 46 -2
22 51 4
22 52 -2
22 54 2
22 56 -4
22 65 -2
22 69 -3
22 73 2
22 74 2
22 79 4
23 25 2
23 28 -2
23 30 2
23 38 3
23 41 -4
23 43 2
23 45 -4
23 48 -2
23 53 -4
23 58 -4
23 63 -3
23 72 2
23 74 -2
24 25 3
24 27 -3
24 32 4
24 34 4
24 36 2
24 40 -4
24 41 -4
24 42 -2
24 45 2
24 70 4
24 71 4
24 74 3
24 75 -4
25 28 4
25 30 2
25 31 -4
25 32 -3
25 33 3
25 43 4
25 46 -2
25 47 4
25 54 3
25 59 4
25 61 2
25 62 4
25 68 -3
25 72 3
25 79 -3
26 27 -4
26 28 4
26 30 2
26 31 -3
26 33 -4
26 41 4
26 47 3
26 50 4
26 59 -3
26 62 2
26 65 3
26 66 -2
26 70 -2
26 79 -3
27 31 -4
27 33 -2
27 34 2
27 36 -2
27 37 4
27 40 -2
27 53 -3
27 55 2
27 73 3
28 29 -3
28 30 -4
28 35 -2
28 40 3
28 41 -2
28 46 4
28 48 -2
28 53 -4
28 54 4
28 56 -3
28 65 2
28 67 -3
28 77 -2
28 79 -4
29 30 -2
29 32 4
29 35 -3
29 46 -4
29 61 2
29 64 -2
29 65 3
29 68 -3
29 69 3
29 70 -3
29 74 4
30 42 -3
30 50 -3
30 52 2
30 53 -3
30 62 3
30 68 2
30 76 4
31 36 -4
31 45 2
31 47 4
31 50 3
31 52 4
31 56 -4
31 61 -3
31 71 4
32 48 -2
32 49 2
32 60 -3
32 61 -4
32 62 -3
32 77 3
33 38 2
33 46 -3
33 55 -4
33 57 -4
33 58 -4
33 64 -3
33 72 2
33 73 -3
33 78 -3
34 38 -4
34 42 -3
34 43 2
34 46 2
34 47 -4
34 57 3
34 58 -3
34 59 3
34 75 3
34 77 -3
34 79 -4
35 36 2
35 41 2
35 50 -2
35 54 -3
35 56 4
35 58 2
35 63 3
35 67 4
35 77 3
36 38 4
36 44 4
36 48 -2
36 52 2
36 59 -2
36 60 3
36 68 -4
36 70 -3
36 71 2
37 39 -3
37 46 3
37 47 -4
37 51 2
37 52 3
37 57 -3
37 60 3
37 66 2
37 69 2
37 72 -4
37 76 4
38 43 4
38 46 2
38 67 -3
39 46 3
39 47 -3
39 54 -4
39 59 4
39 66 -2
39 69 -2
39 70 2
39 71 -2
40 51 4
40 61 -4
40 71 -3
41 78 3
42 45 -4
42 54 -3
43 49 -3
43 60 3
43 63 3
43 64 4
43 68 2
44 48 -4
44 51 2
44 53 3
44 56 -2
44 64 -2
44 78 -3
45 53 -4
45 58 -4
45 65 -2
45 73 3
47 49 4
47 55 2
47 62 -2
47 67 -3
47 71 4
47 73 2
47 78 -4
48 49 -3
48 62 3
48 67 -2
49 74 4
50 76 2
51 55 3
51 60 -4
51 63 -4
51 69 -4
52 55 -4
52 64 3
52 66 3
52 71 -4
53 72 -2
53 74 2
54 71 2
54 76 -2
55 60 2
55 78 -3
56 64 -4
56 66 -4
56 70 2
56 74 3
56 75 -4
56 77 3
57 63 -3
57 72 4
58 69 3
59 60 -3
59 75 -2
59 77 -3
60 65 4
60 67 3
60 78 -3
62 64 3
62 69 2
63 71 3
63 76 -2
64 68 2
65 68 4
66 70 3
68 70 4
69 70 -4
70 73 4
70 74 -2
70 75 -3
70 78 3
74 78 -2
75 76 3
75 77 2
75 78 3
75 79 3
-1
-779
