er_100_12_64
100
2
-29
-24
-57
16
-9
-61
55
-50
-53
-57
-31
54
-23
14
38
35
-23
4
-45
35
-9
16
44
-27
-50
57
6
62
-40
8
-56
-18
7
-63
30
-56
13
50
34
-49
41
60
-15
50
-35
25
-27
-8
37
48
-61
-10
21
-5
-11
13
31
-33
54
-40
30
21
23
-38
16
43
-4
-59
-34
-47
-50
-17
-42
-56
46
7
25
-47
14
-45
49
-44
41
16
-40
-17
-16
10
-47
-50
53
-28
-39
-22
27
34
-43
8
10
0 26 -56
0 42 -9
0 49 -42
0 54 16
0 63 18
0 74 -30
0 75 12
0 76 57
0 77 44
0 97 -45
1 2 -3
1 4 53
1 19 36
1 21 12
1 26 6
1 33 17
1 34 -46
1 52 -9
1 56 52
1 85 55
1 98 26
2 4 -9
2 6 -46
2 19 -39
2 34 48
2 36 -63
2 57 -42
2 61 -19
2 80 -51
2 92 -25
2 94 15
3 4 45
3 20 -40
3 21 -9
3 30 -29
3 35 8
3 45 -2
3 51 -31
3 67 -32
3 85 -39
3 92 -43
3 99 -27
4 12 52
4 17 2
4 29 4
4 30 -25
4 40 -35
4 43 -15
4 58 -63
4 70 3
4 73 39
4 75 -42
4 77 -40
4 80 46
4 85 -61
4 89 43
5 8 -21
5 14 49
5 53 -54
5 74 -20
5 80 -59
5 85 42
5 86 3
6 19 23
6 29 44
6 54 50
6 62 58
6 71 -37
6 74 -31
6 76 10
6 78 -38
7 20 14
7 39 61
7 52 61
7 53 9
7 54 -28
7 62 -23
7 66 -35
7 75 -61
7 80 -64
7 85 -28
8 23 -17
8 25 31
8 26 51
8 29 46
8 36 6
8 37 -16
8 52 14
8 53 -59
8 87 54
8 89 42
8 91 56
8 99 21
9 36 -16
9 42 57
9 47 64
9 75 -15
10 29 5
10 32 11
10 61 43
10 67 -59
10 69 -34
10 73 3
10 74 -28
10 77 -41
10 82 63
10 86 49
10 99 49
11 13 -51
11 30 -18
11 57 45
11 69 -9
11 71 -28
11 78 -24
11 96 -34
12 13 -6
12 15 46
12 31 -6
12 35 34
12 41 39
12 46 -64
12 58 31
12 87 19
13 20 3
13 22 3
13 25 3
13 42 -15
13 56 -10
13 68 -26
13 69 -40
13 71 10
13 72 21
13 78 -46
13 91 47
13 95 42
14 16 34
14 26 -23
14 41 -18
14 48 28
14 50 15
14 63 -5
14 66 19
14 72 -40
14 79 -42
14 86 22
14 89 27
14 92 -35
14 93 13
15 18 -52
15 19 -15
15 25 -50
15 30 63
15 32 40
15 53 30
15 56 -29
15 58 -52
15 64 23
15 70 -17
15 81 30
15 83 27
15 85 16
15 94 3
16 32 -40
16 39 8
16 40 -44
16 63 33
16 64 35
16 80 -32
16 87 32
16 92 -12
16 95 -51
17 23 63
17 32 -28
17 34 -9
17 44 -59
17 45 -17
17 46 -13
17 50 -27
17 77 -50
17 78 -5
17 79 -20
17 85 -28
17 87 -39
18 26 -49
18 36 -25
18 38 -45
18 40 40
18 47 20
18 51 -14
18 53 24
18 56 -15
18 66 28
18 68 61
18 73 51
18 76 12
18 84 -29
18 86 39
18 89 -13
18 98 21
19 37 38
19 38 24
19 39 3
19 42 14
19 44 42
19 46 39
19 48 5
19 52 52
19 55 -3
19 60 -52
19 67 -45
19 90 -50
19 98 63
20 24 2
20 25 34
20 31 10
20 33 23
20 47 30
20 54 -28
20 56 -2
20 57 4
20 67 -38
20 70 34
20 79 13
20 80 44
20 87 -5
20 88 -43
20 94 -48
21 35 -11
21 39 -19
21 44 9
21 61 27
21 62 44
21 76 -38
21 79 53
21 94 51
21 96 -43
22 28 -15
22 37 -11
22 58 49
22 60 44
22 79 -22
22 83 -14
22 85 -56
23 28 53
23 34 17
23 45 -60
23 47 28
23 65 -22
23 67 6
23 70 15
23 81 44
23 89 -40
24 45 31
24 63 59
24 73 40
24 75 48
24 81 -3
24 86 -29
24 87 44
24 88 -60
24 90 32
24 97 54
25 28 11
25 30 5
25 37 -33
25 40 -45
25 42 21
25 44 -5
25 49 31
25 52 -17
25 55 21
25 66 -6
25 76 -63
25 85 15
25 86 -26
25 91 56
25 96 45
25 98 -57
26 36 -37
26 75 6
26 86 28
26 95 49
27 35 31
27 38 25
27 40 -53
27 49 50
27 57 16
27 62 64
27 70 36
27 80 7
27 81 -53
27 86 -21
28 29 44
28 39 32
28 51 -21
28 54 50
28 60 -46
28 63 11
28 83 -12
28 99 -42
29 39 -13
29 42 -7
29 48 -30
29 54 36
29 63 -61
29 67 -36
29 71 -55
29 81 38
29 85 43
29 94 25
30 31 -25
30 42 7
30 44 -10
30 51 33
30 63 9
30 75 44
30 77 -24
30 81 -4
30 90 18
30 98 -28
31 46 42
31 48 -39
31 63 51
31 64 -3
31 67 40
31 77 -19
31 80 -63
32 38 43
32 42 19
32 53 47
32 60 61
32 64 -31
32 65 50
32 71 -59
32 86 -15
32 98 -24
33 35 53
33 39 -17
33 41 -3
33 42 46
33 49 56
33 65 24
33 70 36
33 87 16
34 37 47
34 41 -50
34 48 -17
34 55 39
34 60 48
34 63 24
34 68 -51
34 70 11
34 84 -12
34 85 -42
34 87 60
35 38 21
35 39 26
35 40 -12
35 41 -50
35 46 19
35 50 -32
35 53 30
35 54 -11
35 58 61
35 62 -27
35 63 -11
35 67 -58
35 84 -52
35 89 57
35 91 31
36 49 -38
36 50 52
36 53 -10
36 59 -10
36 74 -41
36 77 22
36 78 32
37 41 -60
37 67 55
37 68 14
37 82 43
38 40 51
38 66 -30
38 67 -14
38 76 29
39 46 -9
39 59 16
39 72 -9
39 94 -4
39 98 -64
40 68 26
40 69 -12
40 82 32
40 84 64
40 96 64
41 56 -56
41 66 -10
41 72 28
42 45 39
42 46 63
42 65 25
42 67 18
42 79 -32
42 82 51
42 84 48
42 89 -56
42 91 -26
42 96 53
43 48 -7
43 50 45
43 61 -46
43 74 22
43 83 -33
43 84 -47
43 86 -23
43 95 -61
43 97 51
44 54 -57
44 57 -27
44 64 46
44 72 -9
44 77 53
44 91 -32
44 96 -40
45 56 -34
45 57 49
45 61 -10
45 87 26
45 92 44
45 98 -10
46 47 -9
46 57 -62
46 63 64
46 68 -5
46 74 -36
46 75 -21
46 80 30
46 85 47
47 64 -2
47 73 -7
47 76 16
47 78 22
47 84 14
47 89 26
47 95 -5
48 51 -52
48 53 22
48 55 35
48 74 33
48 75 26
48 91 -7
48 99 -61
49 56 -6
49 65 22
49 71 22
49 73 18
50 51 56
50 52 62
50 55 -39
50 73 54
50 82 31
50 84 49
50 85 -19
50 90 -49
50 94 20
50 96 -34
50 99 -36
51 63 -30
51 64 -5
51 78 -51
51 82 2
52 56 39
52 58 38
52 59 -5
52 66 50
52 76 -18
52 81 -13
52 89 58
52 93 4
52 95 55
53 56 60
53 61 15
53 71 -56
53 76 2
53 91 24
53 93 -23
53 94 -30
54 60 -4
54 66 37
54 67 15
54 71 16
54 72 -17
54 75 19
54 95 40
55 58 8
55 59 5
55 71 21
55 76 55
55 83 -52
55 87 -34
55 90 -18
55 91 11
56 63 3
56 77 -56
56 79 -5
56 81 -12
56 93 24
57 59 -54
57 63 22
57 73 61
57 76 -22
57 88 -34
57 95 -38
57 96 -15
57 97 -32
58 73 -61
58 91 -38
58 98 3
59 68 36
59 70 -46
59 73 -14
59 83 62
60 61 -8
60 66 -41
60 68 49
60 71 -15
60 81 46
60 87 34
61 80 -3
61 81 58
61 86 -8
62 66 -29
62 67 -10
62 74 53
62 77 15
62 83 -50
62 88 -57
62 99 7
63 64 -11
63 66 -51
63 73 32
63 76 -26
63 80 4
63 84 -30
63 89 -34
63 97 -53
64 77 4
64 85 57
64 88 -44
64 99 -55
65 66 -31
65 77 38
65 94 -17
66 70 -4
66 78 -4
67 77 -22
68 86 53
68 91 -18
68 93 -19
69 71 18
69 76 -18
69 84 -10
69 86 -12
69 90 41
69 93 51
69 94 -29
70 75 -38
70 88 23
70 89 -46
70 91 -19
70 97 20
71 72 -53
71 73 37
71 84 -43
71 88 23
72 94 -17
73 76 36
73 87 -52
73 99 55
74 85 64
75 85 22
75 91 53
76 78 -40
76 93 63
76 97 63
77 96 -63
78 90 57
79 84 60
79 85 16
80 84 24
80 88 28
80 94 30
80 97 13
82 93 -53
83 89 9
83 95 -26
84 99 -26
85 93 59
85 99 40
86 91 -64
88 91 2
88 98 -12
90 94 -42
91 94 48
91 97 -57
93 94 58
95 96 27
98 99 -55
-1
-10321
