er_100_4_16
100
-11
-16
-12
10
-9
-8
15
12
10
9
6
15
7
9
-6
3
-11
-15
6
11
-15
11
-3
-6
14
9
-6
4
-15
16
-6
6
-3
16
-3
-15
2
-13
9
8
11
7
2
15
-5
-11
-11
15
-16
14
-4
15
-6
14
11
-4
11
-5
-14
16
3
-11
-14
-4
7
-10
-4
-6
7
10
-4
-2
-10
6
8
14
-13
-5
-15
-13
-15
3
-7
3
-6
7
-13
-6
-7
9
-8
11
-11
16
-7
-6
8
9
5
14
0 26 3
0 49 -2
0 74 -10
1 2 15
1 21 12
1 56 -6
2 19 -2
2 61 3
2 80 -8
3 21 8
3 99 -6
4 12 -15
4 29 -2
4 40 -15
4 85 -8
5 8 -16
5 85 7
6 19 13
6 71 -10
6 78 2
7 52 -3
7 54 -3
7 75 5
8 23 -12
8 26 -12
8 29 -14
8 36 12
8 52 -16
8 91 -15
9 36 -5
9 47 -4
9 75 14
10 67 -4
10 69 -8
10 73 -5
10 77 -6
11 30 -9
11 71 -8
11 96 -13
12 15 -2
12 35 -6
12 41 -5
12 46 9
12 58 -8
13 22 14
13 42 -11
13 56 10
13 68 -9
13 69 13
13 78 -14
13 95 -15
14 50 -3
14 63 -11
14 66 15
14 86 8
14 93 8
15 56 -13
15 83 8
15 85 -4
16 39 16
17 32 -12
17 44 8
18 36 8
18 51 -6
18 53 -12
18 56 -2
18 66 -3
18 68 5
18 86 13
19 42 10
19 46 -16
19 48 16
19 52 13
20 24 9
20 31 -2
20 33 10
20 47 -4
20 54 2
20 57 -13
20 67 -4
20 70 2
20 87 8
21 44 7
21 61 15
21 62 8
21 79 -5
22 28 -12
22 83 -16
22 85 -8
23 28 15
23 45 -14
24 45 9
24 63 7
24 86 -2
24 87 -12
24 88 16
24 90 8
24 97 6
25 49 12
25 52 -5
25 76 4
25 86 -13
26 36 3
26 75 -10
26 95 14
27 38 8
27 40 -15
27 57 7
27 62 13
27 80 -4
28 51 -14
28 60 -14
28 83 -13
29 42 4
29 85 -2
30 63 6
30 77 -7
31 48 -9
31 80 6
32 38 9
32 64 2
32 65 13
32 71 8
33 70 -7
34 55 5
34 60 -12
34 84 2
35 38 -8
35 46 11
35 62 6
35 89 12
36 53 -12
36 78 -6
37 41 -16
37 68 3
37 82 -14
39 46 -6
39 94 -4
39 98 3
40 96 -2
41 66 -7
42 84 -10
42 89 -7
43 84 14
43 95 -11
43 97 16
44 96 -5
45 56 16
45 61 -16
45 87 -2
46 63 -10
46 74 -9
46 80 6
46 85 15
47 64 11
47 73 -16
48 53 8
49 73 13
50 73 -14
50 84 -15
52 58 -15
52 89 -14
52 95 6
53 61 -9
53 76 -3
53 93 8
53 94 11
54 60 -10
54 75 -15
55 58 16
55 71 -13
55 76 2
55 83 -13
55 90 -13
56 63 -14
57 73 15
57 96 2
58 73 7
59 68 -11
60 61 3
60 71 16
60 87 -13
61 80 -16
61 86 14
62 74 -4
62 83 11
62 88 -9
63 66 9
64 77 4
64 88 8
65 66 -15
65 77 -15
68 91 8
68 93 14
69 71 3
70 75 7
71 72 8
71 73 10
71 84 -7
71 88 8
76 78 -16
76 97 6
80 84 -16
80 88 -16
83 89 -12
84 99 2
88 98 8
91 97 2
93 94 5
-1
-1689
