er_100_12_16
100
10
3
-6
-15
-3
-5
-13
5
-10
14
-15
8
-6
-7
14
7
10
8
-2
6
-14
8
-10
-6
13
10
-5
-13
9
12
2
15
-10
6
6
9
3
-15
-10
14
11
14
3
-14
-9
9
-7
13
-13
13
11
5
4
11
10
-15
10
13
7
-5
9
-15
-8
-6
3
-16
-5
8
-6
-16
-11
13
16
-9
4
12
-9
16
15
9
8
9
-10
12
-4
-6
-2
10
-16
12
-10
-4
-8
-5
-15
14
-6
-10
-10
-3
0 26 -16
0 42 -12
0 49 6
0 54 7
0 63 -5
0 74 -5
0 75 -13
0 76 -6
0 77 4
0 97 5
1 2 7
1 4 13
1 19 14
1 21 -5
1 26 8
1 33 10
1 34 -8
1 52 -3
1 56 16
1 85 16
1 98 4
2 4 6
2 6 -6
2 19 13
2 34 -7
2 36 10
2 57 7
2 61 -10
2 80 13
2 92 -14
2 94 8
3 4 9
3 20 -15
3 21 7
3 30 2
3 35 8
3 45 14
3 51 -11
3 67 -5
3 85 -11
3 92 -9
3 99 8
4 12 -11
4 17 -16
4 29 -3
4 30 16
4 40 9
4 43 6
4 58 -14
4 70 -12
4 73 -4
4 75 4
4 77 14
4 80 8
4 85 6
4 89 2
5 8 16
5 14 -15
5 53 15
5 74 11
5 80 -2
5 85 -13
5 86 13
6 19 9
6 29 6
6 54 13
6 62 3
6 71 -2
6 74 12
6 76 8
6 78 4
7 20 -14
7 39 5
7 52 5
7 53 3
7 54 -6
7 62 -2
7 66 -8
7 75 -3
7 80 -2
7 85 -12
8 23 -12
8 25 -6
8 26 -9
8 29 -3
8 36 -13
8 37 -13
8 52 6
8 53 4
8 87 -2
8 89 7
8 91 5
8 99 9
9 36 7
9 42 6
9 47 -7
9 75 -6
10 29 7
10 32 11
10 61 14
10 67 5
10 69 9
10 73 -5
10 74 13
10 77 -2
10 82 -5
10 86 7
10 99 -7
11 13 -10
11 30 15
11 57 -5
11 69 7
11 71 -7
11 78 -11
11 96 3
12 13 3
12 15 -13
12 31 -11
12 35 6
12 41 6
12 46 -6
12 58 -11
12 87 -9
13 20 6
13 22 -10
13 25 -2
13 42 9
13 56 -15
13 68 5
13 69 -14
13 71 8
13 72 16
13 78 -2
13 91 5
13 95 4
14 16 7
14 26 3
14 41 13
14 48 9
14 50 -6
14 63 -5
14 66 -14
14 72 -16
14 79 2
14 86 -13
14 89 -3
14 92 7
14 93 2
15 18 -9
15 19 -11
15 25 -12
15 30 -12
15 32 -16
15 53 15
15 56 -12
15 58 8
15 64 -13
15 70 15
15 81 5
15 83 -13
15 85 6
15 94 -7
16 32 -8
16 39 -14
16 40 -2
16 63 5
16 64 -16
16 80 -9
16 87 15
16 92 -12
16 95 10
17 23 9
17 32 -10
17 34 -13
17 44 8
17 45 15
17 46 4
17 50 3
17 77 -8
17 78 15
17 79 10
17 85 3
17 87 3
18 26 5
18 36 -6
18 38 13
18 40 -15
18 47 5
18 51 12
18 53 14
18 56 8
18 66 9
18 68 -16
18 73 -15
18 76 -5
18 84 -6
18 86 8
18 89 -4
18 98 16
19 37 12
19 38 7
19 39 -3
19 42 13
19 44 6
19 46 -6
19 48 8
19 52 -6
19 55 -11
19 60 12
19 67 -4
19 90 16
19 98 10
20 24 8
20 25 -3
20 31 -11
20 33 7
20 47 11
20 54 7
20 56 11
20 57 -16
20 67 -6
20 70 16
20 79 2
20 80 3
20 87 5
20 88 -13
20 94 7
21 35 5
21 39 -11
21 44 -4
21 61 -9
21 62 5
21 76 15
21 79 12
21 94 -9
21 96 15
22 28 8
22 37 -6
22 58 11
22 60 -7
22 79 -4
22 83 -16
22 85 5
23 28 -10
23 34 -12
23 45 16
23 47 -5
23 65 8
23 67 -9
23 70 -10
23 81 -3
23 89 16
24 45 15
24 63 -2
24 73 6
24 75 -9
24 81 5
24 86 -16
24 87 9
24 88 -12
24 90 15
24 97 13
25 28 -7
25 30 -13
25 37 -4
25 40 -11
25 42 16
25 44 2
25 49 13
25 52 6
25 55 3
25 66 8
25 76 9
25 85 4
25 86 6
25 91 8
25 96 14
25 98 5
26 36 -14
26 75 16
26 86 -14
26 95 15
27 35 6
27 38 -13
27 40 5
27 49 9
27 57 -9
27 62 12
27 70 -16
27 80 15
27 81 9
27 86 3
28 29 -2
28 39 3
28 51 -5
28 54 -12
28 60 -3
28 63 -12
28 83 4
28 99 15
29 39 -3
29 42 11
29 48 10
29 54 5
29 63 8
29 67 -10
29 71 12
29 81 -8
29 85 -3
29 94 9
30 31 11
30 42 -2
30 44 -9
30 51 -8
30 63 -14
30 75 -7
30 77 -8
30 81 12
30 90 -8
30 98 5
31 46 4
31 48 4
31 63 -8
31 64 -6
31 67 8
31 77 4
31 80 13
32 38 -12
32 42 -3
32 53 9
32 60 2
32 64 -3
32 65 15
32 71 -4
32 86 5
32 98 13
33 35 2
33 39 -4
33 41 2
33 42 -12
33 49 -4
33 65 -15
33 70 6
33 87 -7
34 37 4
34 41 15
34 48 16
34 55 8
34 60 15
34 63 -11
34 68 16
34 70 3
34 84 -12
34 85 15
34 87 -12
35 38 14
35 39 -6
35 40 2
35 41 -7
35 46 4
35 50 -11
35 53 10
35 54 7
35 58 15
35 62 7
35 63 -13
35 67 -9
35 84 6
35 89 -13
35 91 -9
36 49 5
36 50 5
36 53 16
36 59 14
36 74 -7
36 77 13
36 78 -13
37 41 -11
37 67 -4
37 68 15
37 82 2
38 40 7
38 66 6
38 67 4
38 76 14
39 46 -9
39 59 -3
39 72 -15
39 94 -11
39 98 12
40 68 9
40 69 11
40 82 15
40 84 -9
40 96 -6
41 56 -10
41 66 9
41 72 16
42 45 8
42 46 14
42 65 -14
42 67 12
42 79 11
42 82 -4
42 84 7
42 89 -14
42 91 -15
42 96 14
43 48 -11
43 50 -16
43 61 6
43 74 5
43 83 -6
43 84 16
43 86 16
43 95 -16
43 97 12
44 54 -5
44 57 -8
44 64 16
44 72 5
44 77 10
44 91 16
44 96 4
45 56 -2
45 57 3
45 61 -3
45 87 12
45 92 7
45 98 10
46 47 -13
46 57 -6
46 63 -13
46 68 -11
46 74 2
46 75 -16
46 80 7
46 85 11
47 64 -5
47 73 -3
47 76 -3
47 78 13
47 84 -9
47 89 -6
47 95 8
48 51 -9
48 53 -7
48 55 -5
48 74 16
48 75 -6
48 91 -10
48 99 14
49 56 -5
49 65 -2
49 71 -12
49 73 -7
50 51 -5
50 52 16
50 55 10
50 73 -9
50 82 5
50 84 -5
50 85 7
50 90 13
50 94 16
50 96 -14
50 99 4
51 63 -8
51 64 14
51 78 -11
51 82 -14
52 56 -16
52 58 11
52 59 -11
52 66 -11
52 76 -10
52 81 13
52 89 -6
52 93 -6
52 95 10
53 56 -10
53 61 11
53 71 5
53 76 4
53 91 7
53 93 8
53 94 -14
54 60 -10
54 66 2
54 67 3
54 71 10
54 72 15
54 75 11
54 95 2
55 58 -16
55 59 10
55 71 5
55 76 5
55 83 15
55 87 -10
55 90 -5
55 91 16
56 63 -10
56 77 9
56 79 -9
56 81 2
56 93 -14
57 59 16
57 63 10
57 73 -4
57 76 -3
57 88 -5
57 95 -12
57 96 9
57 97 -15
58 73 15
58 91 14
58 98 -4
59 68 -5
59 70 5
59 73 8
59 83 16
60 61 11
60 66 7
60 68 15
60 71 12
60 81 -2
60 87 -3
61 80 16
61 81 -11
61 86 9
62 66 -10
62 67 16
62 74 9
62 77 6
62 83 14
62 88 13
62 99 7
63 64 6
63 66 -9
63 73 11
63 76 -4
63 80 -2
63 84 -12
63 89 6
63 97 2
64 77 9
64 85 -6
64 88 3
64 99 -11
65 66 -5
65 77 10
65 94 -14
66 70 8
66 78 14
67 77 -14
68 86 15
68 91 6
68 93 5
69 71 14
69 76 -10
69 84 -7
69 86 -2
69 90 6
69 93 -6
69 94 3
70 75 3
70 88 -5
70 89 -2
70 91 10
70 97 7
71 72 -14
71 73 6
71 84 -15
71 88 -16
72 94 -13
73 76 -14
73 87 6
73 99 7
74 85 16
75 85 -15
75 91 -3
76 78 -15
76 93 12
76 97 13
77 96 3
78 90 -11
79 84 -2
79 85 -13
80 84 12
80 88 7
80 94 -13
80 97 -7
82 93 -3
83 89 16
83 95 -15
84 99 9
85 93 13
85 99 4
86 91 6
88 91 -12
88 98 -14
90 94 14
91 94 8
91 97 -3
93 94 -11
95 96 -5
98 99 9
-1
-2798
