er_100_4_32
100
-18
-10
-29
19
-5
20
-7
32
26
20
21
-11
-5
26
25
-7
-2
-20
10
-30
-25
-13
25
-9
-6
5
16
-3
-18
22
2
25
-24
-17
30
-3
24
25
-10
-30
22
-11
6
-14
-12
-21
-20
6
-3
-18
4
-27
-6
20
3
-17
19
27
-15
-7
-26
32
-28
-17
-26
8
-20
32
-29
-12
11
-8
24
17
-7
-31
-14
-20
23
-27
22
6
-7
11
11
10
29
20
-12
-11
22
5
5
-30
13
23
-18
31
-5
-31
0 26 -15
0 49 -9
0 74 31
1 2 -29
1 21 -14
1 56 -17
2 19 -29
2 61 5
2 80 15
3 21 8
3 99 32
4 12 -32
4 29 29
4 40 30
4 85 22
5 8 10
5 85 18
6 19 4
6 71 -5
6 78 20
7 52 8
7 54 3
7 75 -32
8 23 -19
8 26 24
8 29 -31
8 36 28
8 52 -27
8 91 24
9 36 -24
9 47 11
9 75 -5
10 67 10
10 69 -32
10 73 -6
10 77 7
11 30 11
11 71 -18
11 96 15
12 15 -17
12 35 -10
12 41 22
12 46 -4
12 58 4
13 22 -9
13 42 -7
13 56 22
13 68 -23
13 69 30
13 78 10
13 95 20
14 50 30
14 63 32
14 66 13
14 86 13
14 93 17
15 56 -20
15 83 -8
15 85 8
16 39 -18
17 32 -23
17 44 -8
18 36 -19
18 51 8
18 53 -29
18 56 -11
18 66 5
18 68 -4
18 86 2
19 42 -14
19 46 21
19 48 -19
19 52 30
20 24 -31
20 31 32
20 33 22
20 47 -6
20 54 -4
20 57 24
20 67 -30
20 70 20
20 87 30
21 44 -17
21 61 4
21 62 -18
21 79 -28
22 28 -9
22 83 10
22 85 -15
23 28 -10
23 45 -11
24 45 11
24 63 10
24 86 -19
24 87 -22
24 88 -4
24 90 -5
24 97 5
25 49 11
25 52 9
25 76 -31
25 86 22
26 36 19
26 75 -28
26 95 31
27 38 -24
27 40 -31
27 57 10
27 62 -28
27 80 -22
28 51 12
28 60 -20
28 83 -26
29 42 27
29 85 9
30 63 20
30 77 26
31 48 4
31 80 -14
32 38 18
32 64 11
32 65 14
32 71 -28
33 70 15
34 55 17
34 60 -26
34 84 14
35 38 24
35 46 8
35 62 -10
35 89 -9
36 53 17
36 78 14
37 41 12
37 68 32
37 82 -16
39 46 -10
39 94 -8
39 98 30
40 96 -27
41 66 31
42 84 23
42 89 23
43 84 -28
43 95 22
43 97 -25
44 96 -19
45 56 -21
45 61 8
45 87 22
46 63 -17
46 74 3
46 80 26
46 85 -27
47 64 5
47 73 -2
48 53 -8
49 73 -18
50 73 8
50 84 31
52 58 25
52 89 12
52 95 -16
53 61 15
53 76 31
53 93 -13
53 94 30
54 60 6
54 75 -25
55 58 5
55 71 5
55 76 -24
55 83 -2
55 90 -10
56 63 -25
57 73 8
57 96 -17
58 73 17
59 68 15
60 61 13
60 71 -12
60 87 -8
61 80 -21
61 86 -18
62 74 -8
62 83 -17
62 88 -14
63 66 -22
64 77 -4
64 88 21
65 66 -30
65 77 19
68 91 30
68 93 24
69 71 5
70 75 -27
71 72 13
71 73 13
71 84 -24
71 88 -25
76 78 10
76 97 16
80 84 22
80 88 -2
83 89 -6
84 99 -10
88 98 2
91 97 -32
93 94 -18
-1
-3199
