er_100_10_32
100
-21
-30
16
-2
-31
3
-9
-19
13
11
19
16
-22
-10
-18
-12
6
4
28
13
-10
-24
17
-8
-4
10
-13
5
-10
-15
-11
13
-10
8
24
-11
-24
-30
-28
-20
-31
26
-14
22
24
20
20
24
-7
-27
28
-26
2
7
-10
29
-10
-11
12
-3
8
9
-15
-15
-23
12
13
13
-11
18
31
15
-16
-30
-29
-18
12
31
-24
29
-7
-22
-7
-12
-26
7
4
30
24
-10
-23
-24
-22
-31
22
-17
5
-23
-13
2
0 26 -31
0 42 29
0 49 8
0 54 -2
0 63 25
0 74 -28
0 76 -5
0 77 -8
1 2 31
1 4 2
1 19 11
1 21 11
1 26 -9
1 33 -20
1 34 -8
1 56 5
1 98 22
2 6 11
2 19 -24
2 34 15
2 57 -13
2 61 -13
2 80 17
2 92 -15
2 94 -6
3 21 -8
3 30 4
3 35 -3
3 45 -4
3 51 4
3 67 -18
3 85 14
3 92 6
3 99 7
4 12 24
4 17 -6
4 29 -7
4 30 -24
4 40 -5
4 70 -7
4 73 32
4 75 30
4 77 -8
4 85 16
4 89 -11
5 8 14
5 14 10
5 74 3
5 85 -32
5 86 22
6 19 -16
6 29 -19
6 54 -7
6 62 -20
6 71 -32
6 78 -17
7 39 -27
7 52 25
7 53 -18
7 54 30
7 66 30
7 75 30
7 80 27
7 85 -4
8 23 6
8 25 2
8 26 7
8 29 10
8 36 16
8 37 -13
8 52 5
8 53 -18
8 87 -2
8 89 -22
8 91 8
8 99 28
9 36 9
9 42 11
9 47 -26
9 75 -29
10 29 -16
10 32 -15
10 67 -10
10 69 -27
10 73 23
10 77 -28
10 82 19
10 86 -11
10 99 17
11 30 -32
11 69 -9
11 71 -17
11 78 -25
11 96 -21
12 15 20
12 31 -30
12 35 16
12 41 -16
12 46 21
12 58 4
13 20 -13
13 22 23
13 25 15
13 42 -18
13 56 11
13 68 10
13 69 30
13 71 -18
13 72 19
13 78 31
13 91 -23
13 95 -17
14 16 -28
14 26 23
14 41 -17
14 48 7
14 50 -10
14 63 -31
14 66 29
14 86 -17
14 89 -16
14 92 30
14 93 -23
15 18 4
15 25 9
15 30 -2
15 32 -29
15 53 2
15 56 -28
15 58 9
15 64 21
15 70 15
15 81 30
15 83 6
15 85 -19
16 32 -23
16 39 -22
16 40 14
16 80 22
16 92 25
16 95 -22
17 23 -29
17 32 7
17 34 27
17 44 12
17 45 -30
17 46 22
17 50 18
17 77 -21
17 78 9
17 79 -11
17 85 -3
17 87 13
18 26 17
18 36 13
18 38 28
18 47 29
18 51 8
18 53 -12
18 56 30
18 66 6
18 68 -11
18 73 15
18 76 -5
18 86 -4
18 89 -16
18 98 -27
19 38 9
19 42 8
19 44 6
19 46 20
19 48 32
19 52 -19
19 60 -24
19 90 19
19 98 -18
20 24 4
20 31 25
20 33 -27
20 47 10
20 54 -2
20 56 9
20 57 -20
20 67 -31
20 70 -4
20 80 17
20 87 4
20 88 25
20 94 29
21 39 6
21 44 18
21 61 12
21 62 -12
21 76 16
21 79 25
21 94 -23
21 96 -32
22 28 -26
22 37 22
22 79 -25
22 83 -23
22 85 -5
23 28 -13
23 34 -27
23 45 17
23 47 18
23 65 -17
23 70 27
23 81 -14
23 89 -18
24 45 16
24 63 -17
24 75 2
24 81 18
24 86 -27
24 87 26
24 88 -4
24 90 26
24 97 -20
25 30 14
25 37 -22
25 40 26
25 42 14
25 44 32
25 49 -20
25 52 -26
25 55 -29
25 76 31
25 85 12
25 86 3
25 96 -22
25 98 31
26 36 -23
26 75 25
26 86 16
26 95 -15
27 38 15
27 40 -10
27 49 3
27 57 -19
27 62 14
27 70 4
27 80 -18
27 81 26
27 86 15
28 29 -26
28 39 19
28 51 21
28 60 14
28 63 -28
28 83 -20
28 99 6
29 39 -31
29 42 3
29 48 -32
29 54 15
29 67 -13
29 71 24
29 81 -12
29 85 -6
29 94 18
30 31 23
30 42 -17
30 51 25
30 63 -23
30 75 24
30 77 5
30 81 9
30 90 -17
30 98 -16
31 48 26
31 63 4
31 64 -31
31 67 -6
31 77 4
31 80 -23
32 38 -16
32 42 30
32 60 5
32 64 -15
32 65 -3
32 71 -12
32 86 28
32 98 -20
33 35 7
33 41 28
33 49 -15
33 70 23
33 87 19
34 41 32
34 55 30
34 60 -21
34 63 -9
34 68 -13
34 70 12
34 84 25
34 85 19
34 87 13
35 38 31
35 40 22
35 46 8
35 50 13
35 53 -29
35 54 -6
35 58 -32
35 62 13
35 63 -19
35 84 21
35 89 -16
36 49 -31
36 50 11
36 53 4
36 74 19
36 77 -6
36 78 -15
37 41 -10
37 68 -27
37 82 6
38 40 8
38 76 -29
39 46 6
39 59 12
39 94 -9
39 98 10
40 69 26
40 82 -18
40 96 29
41 56 18
41 66 -31
41 72 19
42 45 16
42 46 6
42 65 7
42 82 -30
42 84 -6
42 89 -26
42 91 2
42 96 12
43 48 -28
43 50 30
43 61 9
43 74 15
43 84 -17
43 95 5
43 97 -7
44 54 -17
44 57 18
44 64 -14
44 72 -30
44 77 23
44 96 29
45 56 17
45 57 -6
45 61 5
45 87 10
45 92 14
45 98 -25
46 47 -30
46 63 -29
46 74 -22
46 75 8
46 80 -29
46 85 -16
47 64 23
47 73 11
47 76 -22
47 84 -29
47 89 14
47 95 -22
48 51 29
48 53 -32
48 55 -32
48 74 -2
48 75 7
48 99 -2
49 56 -20
49 65 22
49 71 -11
49 73 24
50 51 3
50 52 14
50 55 7
50 73 25
50 82 -6
50 84 19
50 85 27
50 90 2
50 94 -3
50 99 9
51 63 18
51 64 24
51 82 -27
52 56 12
52 58 -2
52 59 -17
52 66 19
52 76 14
52 81 -23
52 89 13
52 95 -21
53 56 -30
53 61 32
53 71 -25
53 76 15
53 91 -3
53 93 -24
53 94 30
54 60 8
54 66 -16
54 71 -4
54 72 -15
54 75 9
54 95 -23
55 58 -4
55 59 15
55 71 -22
55 76 -19
55 83 -18
55 87 7
55 90 -8
55 91 29
56 63 10
56 77 22
56 79 -26
56 93 -10
57 59 11
57 63 -19
57 73 -25
57 88 9
57 96 -3
57 97 -25
58 73 27
58 91 -27
59 68 32
59 70 16
59 73 -20
60 61 -9
60 68 -6
60 71 19
60 87 28
61 80 29
61 86 -10
62 66 -10
62 67 31
62 74 -14
62 77 -32
62 83 13
62 88 21
62 99 6
63 64 -2
63 66 9
63 73 5
63 84 16
63 97 -13
64 77 27
64 85 15
64 88 -27
65 66 -17
65 77 8
65 94 30
66 78 23
67 77 -16
68 86 21
68 91 -22
68 93 7
69 71 -25
69 86 28
69 93 3
69 94 12
70 75 28
70 88 30
70 89 -8
70 91 -3
70 97 -14
71 72 -16
71 73 24
71 84 -21
71 88 22
72 94 -24
73 76 31
73 87 26
74 85 -29
75 85 4
75 91 -18
76 78 16
76 93 26
76 97 -23
77 96 21
78 90 11
79 84 -31
79 85 5
80 84 -15
80 88 6
80 97 20
82 93 -2
83 89 -10
83 95 -15
84 99 -9
85 93 -18
85 99 19
88 91 -32
88 98 -16
91 94 -26
91 97 14
93 94 27
95 96 17
98 99 -12
-1
-4774
