er_100_12_8
100
-5
-4
-5
-8
4
4
-4
-7
-5
2
7
-4
8
5
-5
3
-4
-3
5
8
-8
6
7
-7
3
3
-5
7
4
8
3
7
5
3
-8
-6
4
-2
3
5
-4
3
7
5
-7
-5
5
7
-8
-3
-6
3
-3
8
-5
-4
-3
-8
-5
-3
-3
-6
7
4
-5
8
7
-8
-4
6
5
7
-4
4
8
-5
5
-4
7
-4
-7
6
5
-6
-7
3
-7
-7
-2
-6
-7
-7
3
-7
-8
4
6
2
4
6
0 26 6
0 42 4
0 49 -7
0 54 4
0 63 -4
0 74 -8
0 75 -3
0 76 -4
0 77 -8
0 97 5
1 2 4
1 4 6
1 19 8
1 21 8
1 26 -5
1 33 -4
1 34 -8
1 52 7
1 56 -3
1 85 -7
1 98 -6
2 4 2
2 6 5
2 19 -7
2 34 -6
2 36 -3
2 57 8
2 61 -4
2 80 -5
2 92 4
2 94 6
3 4 -7
3 20 3
3 21 4
3 30 5
3 35 5
3 45 4
3 51 2
3 67 -6
3 85 5
3 92 3
3 99 2
4 12 -2
4 17 -5
4 29 -4
4 30 4
4 40 -5
4 43 -3
4 58 6
4 70 -6
4 73 -5
4 75 -7
4 77 2
4 80 8
4 85 -5
4 89 7
5 8 -7
5 14 -2
5 53 7
5 74 4
5 80 2
5 85 5
5 86 -3
6 19 7
6 29 -6
6 54 -7
6 62 -8
6 71 5
6 74 3
6 76 4
6 78 7
7 20 6
7 39 2
7 52 -7
7 53 -2
7 54 2
7 62 -5
7 66 -8
7 75 7
7 80 -8
7 85 -4
8 23 2
8 25 5
8 26 3
8 29 -5
8 36 -5
8 37 -7
8 52 2
8 53 -8
8 87 -2
8 89 6
8 91 6
8 99 -6
9 36 -4
9 42 3
9 47 3
9 75 3
10 29 4
10 32 2
10 61 3
10 67 -2
10 69 4
10 73 6
10 74 5
10 77 5
10 82 8
10 86 -2
10 99 -7
11 13 -6
11 30 -4
11 57 6
11 69 -8
11 71 6
11 78 -2
11 96 -7
12 13 8
12 15 8
12 31 -8
12 35 -2
12 41 -3
12 46 2
12 58 6
12 87 3
13 20 -5
13 22 5
13 25 6
13 42 -4
13 56 8
13 68 -6
13 69 5
13 71 -8
13 72 -5
13 78 -7
13 91 4
13 95 8
14 16 8
14 26 -7
14 41 8
14 48 -2
14 50 6
14 63 -6
14 66 6
14 72 6
14 79 6
14 86 2
14 89 -5
14 92 6
14 93 -6
15 18 -8
15 19 -5
15 25 -6
15 30 2
15 32 8
15 53 8
15 56 5
15 58 2
15 64 6
15 70 -5
15 81 8
15 83 3
15 85 6
15 94 3
16 32 2
16 39 7
16 40 4
16 63 7
16 64 2
16 80 3
16 87 2
16 92 -2
16 95 5
17 23 4
17 32 -7
17 34 -6
17 44 8
17 45 8
17 46 -2
17 50 2
17 77 5
17 78 8
17 79 3
17 85 4
17 87 2
18 26 3
18 36 6
18 38 8
18 40 -6
18 47 7
18 51 3
18 53 6
18 56 4
18 66 5
18 68 2
18 73 6
18 76 2
18 84 4
18 86 -8
18 89 -7
18 98 -3
19 37 2
19 38 -4
19 39 -8
19 42 2
19 44 7
19 46 -2
19 48 6
19 52 6
19 55 8
19 60 -8
19 67 -4
19 90 -2
19 98 6
20 24 -2
20 25 3
20 31 -6
20 33 6
20 47 2
20 54 -7
20 56 -6
20 57 2
20 67 7
20 70 5
20 79 -5
20 80 8
20 87 -7
20 88 -6
20 94 7
21 35 7
21 39 6
21 44 -2
21 61 2
21 62 -7
21 76 -3
21 79 4
21 94 -4
21 96 -6
22 28 8
22 37 -7
22 58 -4
22 60 -4
22 79 -7
22 83 -5
22 85 6
23 28 3
23 34 4
23 45 -2
23 47 -8
23 65 -4
23 67 7
23 70 -2
23 81 -4
23 89 -6
24 45 3
24 63 -2
24 73 7
24 75 -3
24 81 7
24 86 4
24 87 -2
24 88 -3
24 90 -7
24 97 -3
25 28 -6
25 30 3
25 37 2
25 40 -4
25 42 4
25 44 3
25 49 3
25 52 -4
25 55 3
25 66 4
25 76 -2
25 85 3
25 86 -7
25 91 6
25 96 -8
25 98 4
26 36 -4
26 75 -2
26 86 -7
26 95 3
27 35 7
27 38 -8
27 40 4
27 49 -6
27 57 5
27 62 8
27 70 3
27 80 -7
27 81 -7
27 86 -3
28 29 -2
28 39 2
28 51 5
28 54 -7
28 60 8
28 63 4
28 83 3
28 99 3
29 39 -2
29 42 -3
29 48 -3
29 54 -4
29 63 -7
29 67 -2
29 71 2
29 81 -6
29 85 7
29 94 6
30 31 -7
30 42 -8
30 44 3
30 51 -6
30 63 -6
30 75 6
30 77 3
30 81 -8
30 90 2
30 98 -6
31 46 -7
31 48 -3
31 63 6
31 64 5
31 67 7
31 77 -6
31 80 2
32 38 -2
32 42 -8
32 53 8
32 60 -8
32 64 5
32 65 4
32 71 6
32 86 2
32 98 8
33 35 -7
33 39 6
33 41 6
33 42 6
33 49 -5
33 65 4
33 70 2
33 87 4
34 37 6
34 41 -4
34 48 -4
34 55 5
34 60 -4
34 63 4
34 68 -3
34 70 6
34 84 6
34 85 4
34 87 3
35 38 -8
35 39 -8
35 40 -8
35 41 2
35 46 7
35 50 -6
35 53 5
35 54 -7
35 58 7
35 62 4
35 63 5
35 67 -7
35 84 -8
35 89 3
35 91 -3
36 49 -6
36 50 -3
36 53 2
36 59 6
36 74 -3
36 77 -8
36 78 -3
37 41 6
37 67 -5
37 68 6
37 82 -2
38 40 -2
38 66 -5
38 67 6
38 76 -7
39 46 -7
39 59 -8
39 72 3
39 94 -5
39 98 -2
40 68 -2
40 69 -6
40 82 6
40 84 7
40 96 -6
41 56 6
41 66 -2
41 72 -8
42 45 8
42 46 8
42 65 2
42 67 6
42 79 -6
42 82 -4
42 84 4
42 89 2
42 91 4
42 96 -5
43 48 -8
43 50 4
43 61 5
43 74 5
43 83 7
43 84 7
43 86 -3
43 95 6
43 97 4
44 54 -3
44 57 -6
44 64 6
44 72 4
44 77 -2
44 91 -4
44 96 -3
45 56 -7
45 57 -3
45 61 8
45 87 3
45 92 -6
45 98 -8
46 47 4
46 57 2
46 63 2
46 68 5
46 74 3
46 75 -2
46 80 4
46 85 -3
47 64 7
47 73 8
47 76 3
47 78 -2
47 84 -8
47 89 3
47 95 8
48 51 5
48 53 2
48 55 -3
48 74 3
48 75 -7
48 91 -7
48 99 8
49 56 -6
49 65 3
49 71 2
49 73 6
50 51 -8
50 52 6
50 55 8
50 73 5
50 82 -2
50 84 8
50 85 3
50 90 -8
50 94 8
50 96 -4
50 99 7
51 63 3
51 64 4
51 78 -5
51 82 -8
52 56 -7
52 58 3
52 59 6
52 66 5
52 76 -7
52 81 -7
52 89 -8
52 93 3
52 95 -2
53 56 -5
53 61 -5
53 71 -5
53 76 -2
53 91 -4
53 93 5
53 94 7
54 60 -7
54 66 6
54 67 8
54 71 4
54 72 -4
54 75 7
54 95 -8
55 58 -8
55 59 -8
55 71 2
55 76 -2
55 83 -6
55 87 -7
55 90 -6
55 91 4
56 63 -7
56 77 4
56 79 6
56 81 7
56 93 3
57 59 2
57 63 3
57 73 5
57 76 -6
57 88 5
57 95 6
57 96 6
57 97 5
58 73 8
58 91 -4
58 98 -6
59 68 -4
59 70 8
59 73 -3
59 83 -2
60 61 2
60 66 4
60 68 8
60 71 3
60 81 -5
60 87 8
61 80 3
61 81 6
61 86 4
62 66 5
62 67 -7
62 74 -6
62 77 -7
62 83 6
62 88 -6
62 99 6
63 64 5
63 66 4
63 73 -3
63 76 -3
63 80 -3
63 84 6
63 89 -3
63 97 4
64 77 -5
64 85 4
64 88 4
64 99 -6
65 66 -3
65 77 -4
65 94 8
66 70 -6
66 78 -6
67 77 -4
68 86 -5
68 91 8
68 93 -4
69 71 5
69 76 2
69 84 -7
69 86 -5
69 90 8
69 93 -8
69 94 7
70 75 6
70 88 -2
70 89 -3
70 91 2
70 97 2
71 72 4
71 73 -7
71 84 8
71 88 5
72 94 8
73 76 -3
73 87 -2
73 99 -5
74 85 -8
75 85 2
75 91 4
76 78 8
76 93 -7
76 97 8
77 96 -3
78 90 3
79 84 -5
79 85 2
80 84 -4
80 88 8
80 94 -4
80 97 8
82 93 -8
83 89 -2
83 95 8
84 99 -8
85 93 -6
85 99 -4
86 91 -2
88 91 8
88 98 -4
90 94 -8
91 94 -8
91 97 -8
93 94 -7
95 96 8
98 99 3
-1
-1490
