er_100_4_4
100
3
-3
-2
2
4
-3
3
3
3
4
3
4
2
-4
2
3
4
-4
4
3
-4
-4
4
-3
2
3
-2
3
2
3
2
-2
-3
4
2
-4
-4
-2
-2
4
3
3
2
-2
-3
-3
3
3
4
-4
2
3
-2
3
-3
-2
4
-4
3
-4
-2
4
4
3
-3
-3
-4
2
-2
2
-4
-2
-2
-4
-2
-2
2
-4
-4
-3
2
2
-3
2
2
-4
4
4
-2
4
-3
4
2
3
-2
-3
4
3
-4
3
0 26 2
0 49 4
0 74 2
1 2 3
1 21 -2
1 56 -2
2 19 -4
2 61 -2
2 80 4
3 21 2
3 99 3
4 12 -4
4 29 -2
4 40 -3
4 85 -4
5 8 4
5 85 2
6 19 2
6 71 3
6 78 3
7 52 2
7 54 2
7 75 3
8 23 3
8 26 -2
8 29 -3
8 36 3
8 52 -2
8 91 -2
9 36 -3
9 47 4
9 75 3
10 67 -4
10 69 2
10 73 2
10 77 4
11 30 -3
11 71 4
11 96 -2
12 15 3
12 35 -4
12 41 -3
12 46 -2
12 58 4
13 22 -4
13 42 -2
13 56 4
13 68 3
13 69 -2
13 78 -4
13 95 3
14 50 2
14 63 4
14 66 -2
14 86 -3
14 93 -2
15 56 -3
15 83 4
15 85 4
16 39 4
17 32 -2
17 44 3
18 36 -4
18 51 3
18 53 2
18 56 -4
18 66 -3
18 68 -4
18 86 -4
19 42 -4
19 46 -3
19 48 -4
19 52 4
20 24 -3
20 31 3
20 33 -4
20 47 -2
20 54 2
20 57 3
20 67 -2
20 70 -3
20 87 -2
21 44 2
21 61 2
21 62 -2
21 79 2
22 28 3
22 83 3
22 85 -3
23 28 3
23 45 2
24 45 -2
24 63 2
24 86 4
24 87 4
24 88 4
24 90 -3
24 97 2
25 49 2
25 52 2
25 76 -4
25 86 -2
26 36 4
26 75 2
26 95 3
27 38 4
27 40 3
27 57 -3
27 62 4
27 80 3
28 51 4
28 60 3
28 83 -2
29 42 2
29 85 3
30 63 -2
30 77 2
31 48 -3
31 80 2
32 38 2
32 64 3
32 65 4
32 71 -4
33 70 -3
34 55 4
34 60 3
34 84 -2
35 38 3
35 46 -2
35 62 -3
35 89 3
36 53 -2
36 78 4
37 41 -2
37 68 -2
37 82 -4
39 46 -3
39 94 -2
39 98 4
40 96 -3
41 66 -3
42 84 -2
42 89 -2
43 84 4
43 95 -3
43 97 3
44 96 -3
45 56 -3
45 61 -3
45 87 2
46 63 -4
46 74 3
46 80 3
46 85 2
47 64 4
47 73 -2
48 53 2
49 73 4
50 73 4
50 84 -3
52 58 -2
52 89 2
52 95 2
53 61 2
53 76 2
53 93 4
53 94 2
54 60 -4
54 75 3
55 58 -3
55 71 -3
55 76 -2
55 83 -4
55 90 -4
56 63 -2
57 73 -2
57 96 -3
58 73 3
59 68 4
60 61 -2
60 71 3
60 87 4
61 80 4
61 86 -2
62 74 -3
62 83 -4
62 88 -2
63 66 -3
64 77 -4
64 88 -2
65 66 4
65 77 3
68 91 4
68 93 -2
69 71 2
70 75 3
71 72 -3
71 73 3
71 84 2
71 88 -4
76 78 3
76 97 3
80 84 -3
80 88 -3
83 89 -3
84 99 -4
88 98 -4
91 97 2
93 94 -4
-1
-522
