er_100_10_8
100
-4
-4
-8
5
-7
-6
-3
-4
-7
8
6
4
-5
-3
-5
3
5
-8
4
5
7
2
8
6
-6
-2
-3
4
3
5
-3
7
-2
-6
6
-8
3
4
-6
-6
-6
-4
3
-3
5
8
4
8
-7
7
2
4
8
3
7
3
-2
-6
-3
3
-6
2
-8
7
-4
7
3
3
-5
7
-8
3
3
3
-2
-4
7
-2
7
5
-8
5
7
-2
-7
-3
-6
-8
-6
3
-8
8
-8
6
2
-4
-4
2
5
-3
0 26 5
0 42 -5
0 49 3
0 54 -5
0 63 -8
0 74 -5
0 76 3
0 77 7
1 2 5
1 4 -2
1 19 2
1 21 -4
1 26 5
1 33 7
1 34 -6
1 56 2
1 98 5
2 6 2
2 19 -6
2 34 8
2 57 7
2 61 -4
2 80 4
2 92 -6
2 94 -2
3 21 -5
3 30 5
3 35 -3
3 45 5
3 51 -3
3 67 -2
3 85 8
3 92 -4
3 99 7
4 12 -6
4 17 6
4 29 -7
4 30 2
4 40 5
4 70 -8
4 73 8
4 75 -6
4 77 6
4 85 -8
4 89 -5
5 8 6
5 14 6
5 74 8
5 85 4
5 86 -7
6 19 -2
6 29 3
6 54 -5
6 62 2
6 71 -4
6 78 -7
7 39 3
7 52 4
7 53 5
7 54 6
7 66 -5
7 75 4
7 80 -4
7 85 -5
8 23 -8
8 25 6
8 26 4
8 29 -8
8 36 -7
8 37 -4
8 52 -4
8 53 2
8 87 -2
8 89 7
8 91 -5
8 99 -2
9 36 8
9 42 8
9 47 -8
9 75 3
10 29 -5
10 32 -4
10 67 -3
10 69 -2
10 73 7
10 77 -2
10 82 6
10 86 5
10 99 7
11 30 -8
11 69 -4
11 71 -4
11 78 7
11 96 7
12 15 8
12 31 4
12 35 -6
12 41 8
12 46 3
12 58 4
13 20 -7
13 22 -5
13 25 2
13 42 2
13 56 3
13 68 4
13 69 3
13 71 8
13 72 3
13 78 -3
13 91 -5
13 95 6
14 16 2
14 26 6
14 41 -8
14 48 -2
14 50 -6
14 63 4
14 66 -2
14 86 -2
14 89 3
14 92 -4
14 93 -5
15 18 -6
15 25 4
15 30 3
15 32 -4
15 53 -7
15 56 6
15 58 -5
15 64 -2
15 70 4
15 81 -7
15 83 4
15 85 -6
16 32 -4
16 39 5
16 40 -6
16 80 6
16 92 5
16 95 -6
17 23 -5
17 32 -8
17 34 6
17 44 -7
17 45 5
17 46 2
17 50 -3
17 77 -7
17 78 3
17 79 3
17 85 6
17 87 -7
18 26 5
18 36 5
18 38 7
18 47 3
18 51 -5
18 53 6
18 56 -4
18 66 -6
18 68 -8
18 73 6
18 76 7
18 86 6
18 89 5
18 98 -8
19 38 7
19 42 8
19 44 -6
19 46 -3
19 48 3
19 52 3
19 60 5
19 90 6
19 98 8
20 24 -3
20 31 3
20 33 3
20 47 2
20 54 7
20 56 -8
20 57 -3
20 67 2
20 70 -6
20 80 6
20 87 -8
20 88 5
20 94 -7
21 39 6
21 44 5
21 61 -3
21 62 -8
21 76 -7
21 79 -4
21 94 -4
21 96 -8
22 28 8
22 37 -8
22 79 -8
22 83 -6
22 85 -7
23 28 -4
23 34 -5
23 45 8
23 47 -8
23 65 -3
23 70 6
23 81 6
23 89 8
24 45 6
24 63 7
24 75 -2
24 81 -7
24 86 -5
24 87 -7
24 88 4
24 90 -7
24 97 -7
25 30 4
25 37 -7
25 40 -4
25 42 5
25 44 7
25 49 4
25 52 4
25 55 -8
25 76 5
25 85 -8
25 86 7
25 96 -3
25 98 -2
26 36 4
26 75 6
26 86 -6
26 95 3
27 38 2
27 40 7
27 49 5
27 57 -6
27 62 2
27 70 5
27 80 4
27 81 -5
27 86 -3
28 29 -6
28 39 5
28 51 -2
28 60 -3
28 63 6
28 83 4
28 99 -3
29 39 3
29 42 2
29 48 8
29 54 7
29 67 2
29 71 3
29 81 -3
29 85 7
29 94 7
30 31 6
30 42 -5
30 51 4
30 63 -5
30 75 -5
30 77 -7
30 81 7
30 90 -8
30 98 7
31 48 -7
31 63 7
31 64 3
31 67 -2
31 77 6
31 80 4
32 38 5
32 42 4
32 60 -8
32 64 4
32 65 -3
32 71 6
32 86 5
32 98 -6
33 35 -7
33 41 -6
33 49 -8
33 70 4
33 87 -4
34 41 6
34 55 -2
34 60 -6
34 63 -5
34 68 -4
34 70 -8
34 84 -3
34 85 -7
34 87 -7
35 38 5
35 40 -6
35 46 -4
35 50 -7
35 53 -3
35 54 7
35 58 2
35 62 -8
35 63 -3
35 84 -2
35 89 -3
36 49 -4
36 50 -2
36 53 8
36 74 -8
36 77 5
36 78 -8
37 41 -6
37 68 -8
37 82 2
38 40 2
38 76 -5
39 46 -8
39 59 -6
39 94 4
39 98 -7
40 69 -3
40 82 -8
40 96 7
41 56 -6
41 66 -2
41 72 -7
42 45 -4
42 46 7
42 65 -3
42 82 -3
42 84 7
42 89 -2
42 91 -6
42 96 4
43 48 -8
43 50 -6
43 61 -4
43 74 5
43 84 8
43 95 4
43 97 3
44 54 -3
44 57 -7
44 64 -8
44 72 -2
44 77 -6
44 96 -2
45 56 -5
45 57 -3
45 61 6
45 87 -2
45 92 -3
45 98 8
46 47 -2
46 63 -3
46 74 3
46 75 -8
46 80 -6
46 85 -3
47 64 -7
47 73 3
47 76 -2
47 84 7
47 89 -7
47 95 -6
48 51 4
48 53 -7
48 55 -4
48 74 -3
48 75 -6
48 99 -8
49 56 2
49 65 7
49 71 -6
49 73 -4
50 51 -4
50 52 -3
50 55 8
50 73 -4
50 82 4
50 84 4
50 85 6
50 90 -5
50 94 6
50 99 2
51 63 -7
51 64 5
51 82 3
52 56 6
52 58 -3
52 59 3
52 66 2
52 76 -6
52 81 -5
52 89 -2
52 95 3
53 56 -8
53 61 7
53 71 -3
53 76 6
53 91 -5
53 93 -3
53 94 4
54 60 -4
54 66 6
54 71 -6
54 72 -6
54 75 -4
54 95 -7
55 58 5
55 59 3
55 71 2
55 76 7
55 83 -6
55 87 6
55 90 -5
55 91 5
56 63 7
56 77 -7
56 79 2
56 93 -8
57 59 4
57 63 -7
57 73 8
57 88 4
57 96 7
57 97 4
58 73 -3
58 91 -3
59 68 -2
59 70 -4
59 73 -5
60 61 6
60 68 -8
60 71 -6
60 87 -8
61 80 -2
61 86 -3
62 66 -4
62 67 -5
62 74 5
62 77 -2
62 83 -3
62 88 -5
62 99 -8
63 64 2
63 66 -4
63 73 5
63 84 7
63 97 8
64 77 -7
64 85 6
64 88 2
65 66 8
65 77 -4
65 94 7
66 78 6
67 77 -3
68 86 -6
68 91 8
68 93 4
69 71 -5
69 86 5
69 93 3
69 94 -7
70 75 -6
70 88 4
70 89 8
70 91 6
70 97 3
71 72 5
71 73 7
71 84 -3
71 88 -2
72 94 -6
73 76 -3
73 87 -6
74 85 -5
75 85 5
75 91 3
76 78 4
76 93 7
76 97 8
77 96 -4
78 90 -5
79 84 -5
79 85 4
80 84 -3
80 88 7
80 97 -7
82 93 -7
83 89 -3
83 95 -6
84 99 8
85 93 -8
85 99 3
88 91 -5
88 98 -5
91 94 -3
91 97 5
93 94 8
95 96 4
98 99 6
-1
-1323
