er_100_12_32
100
32
24
-7
-23
-10
18
3
-21
-11
19
-3
18
-28
32
-14
-12
-9
6
-29
25
-17
5
6
12
7
-30
-21
-22
-16
-27
24
32
-5
2
14
22
26
-30
-4
11
23
31
-12
17
10
25
-4
22
-6
-14
-10
17
-8
12
5
-32
21
15
18
-4
19
-17
5
7
-21
-23
-27
21
-8
-23
-16
31
23
-17
21
29
22
23
-30
21
6
-18
29
13
-14
28
-6
-25
9
11
5
30
-5
15
9
26
-7
14
-2
-12
0 26 12
0 42 -14
0 49 -4
0 54 10
0 63 -22
0 74 -22
0 75 -21
0 76 -9
0 77 22
0 97 -17
1 2 14
1 4 -32
1 19 -3
1 21 -4
1 26 -29
1 33 -18
1 34 11
1 52 12
1 56 -3
1 85 -23
1 98 -29
2 4 -26
2 6 -32
2 19 14
2 34 2
2 36 12
2 57 13
2 61 26
2 80 18
2 92 -25
2 94 -23
3 4 28
3 20 -6
3 21 -29
3 30 21
3 35 14
3 45 -15
3 51 16
3 67 -18
3 85 26
3 92 -18
3 99 9
4 12 -19
4 17 -25
4 29 32
4 30 32
4 40 -5
4 43 30
4 58 -25
4 70 -16
4 73 11
4 75 -14
4 77 -16
4 80 13
4 85 24
4 89 -11
5 8 2
5 14 13
5 53 12
5 74 -16
5 80 -15
5 85 -7
5 86 -15
6 19 -16
6 29 12
6 54 -23
6 62 -18
6 71 9
6 74 24
6 76 10
6 78 28
7 20 5
7 39 -14
7 52 23
7 53 13
7 54 -10
7 62 -14
7 66 -27
7 75 23
7 80 3
7 85 -6
8 23 -22
8 25 4
8 26 -2
8 29 -8
8 36 15
8 37 -3
8 52 26
8 53 29
8 87 5
8 89 22
8 91 19
8 99 -14
9 36 23
9 42 8
9 47 -18
9 75 27
10 29 -5
10 32 -32
10 61 2
10 67 26
10 69 2
10 73 24
10 74 24
10 77 -3
10 82 8
10 86 20
10 99 22
11 13 -23
11 30 18
11 57 22
11 69 15
11 71 19
11 78 -4
11 96 26
12 13 11
12 15 -5
12 31 13
12 35 -17
12 41 3
12 46 -25
12 58 -21
12 87 -25
13 20 -29
13 22 -8
13 25 21
13 42 -19
13 56 11
13 68 5
13 69 9
13 71 17
13 72 27
13 78 25
13 91 9
13 95 10
14 16 26
14 26 -10
14 41 29
14 48 16
14 50 -28
14 63 5
14 66 27
14 72 -13
14 79 -5
14 86 -22
14 89 14
14 92 -23
14 93 -8
15 18 -32
15 19 -26
15 25 11
15 30 20
15 32 -28
15 53 4
15 56 16
15 58 -16
15 64 -19
15 70 -13
15 81 19
15 83 -3
15 85 21
15 94 -26
16 32 4
16 39 22
16 40 31
16 63 5
16 64 -15
16 80 -9
16 87 -29
16 92 18
16 95 28
17 23 19
17 32 -16
17 34 -30
17 44 12
17 45 28
17 46 23
17 50 7
17 77 25
17 78 -15
17 79 10
17 85 -24
17 87 -15
18 26 9
18 36 -18
18 38 -21
18 40 -15
18 47 7
18 51 -6
18 53 25
18 56 9
18 66 -29
18 68 -17
18 73 30
18 76 28
18 84 5
18 86 12
18 89 12
18 98 19
19 37 11
19 38 -8
19 39 -2
19 42 -18
19 44 7
19 46 26
19 48 -7
19 52 -25
19 55 13
19 60 -28
19 67 28
19 90 -29
19 98 18
20 24 19
20 25 24
20 31 -13
20 33 -23
20 47 -32
20 54 6
20 56 -7
20 57 15
20 67 -19
20 70 -11
20 79 9
20 80 -32
20 87 15
20 88 -11
20 94 25
21 35 -22
21 39 27
21 44 14
21 61 6
21 62 23
21 76 22
21 79 6
21 94 6
21 96 -29
22 28 10
22 37 7
22 58 15
22 60 20
22 79 22
22 83 -28
22 85 15
23 28 -4
23 34 -10
23 45 4
23 47 -8
23 65 -31
23 67 -32
23 70 -8
23 81 -8
23 89 -13
24 45 8
24 63 7
24 73 17
24 75 -17
24 81 -28
24 86 8
24 87 -22
24 88 -14
24 90 25
24 97 -20
25 28 19
25 30 -14
25 37 -19
25 40 3
25 42 -31
25 44 -20
25 49 28
25 52 6
25 55 -7
25 66 -23
25 76 23
25 85 30
25 86 -26
25 91 24
25 96 -21
25 98 2
26 36 -28
26 75 -32
26 86 32
26 95 -32
27 35 31
27 38 -8
27 40 31
27 49 -32
27 57 32
27 62 -10
27 70 -19
27 80 27
27 81 9
27 86 -22
28 29 -2
28 39 -24
28 51 27
28 54 -27
28 60 12
28 63 -25
28 83 -26
28 99 28
29 39 -12
29 42 27
29 48 -30
29 54 -2
29 63 26
29 67 -10
29 71 7
29 81 6
29 85 -6
29 94 12
30 31 18
30 42 -17
30 44 -17
30 51 -24
30 63 -12
30 75 25
30 77 -27
30 81 -30
30 90 -28
30 98 -19
31 46 -7
31 48 9
31 63 22
31 64 -3
31 67 -14
31 77 -26
31 80 -22
32 38 -3
32 42 -15
32 53 28
32 60 5
32 64 10
32 65 2
32 71 10
32 86 -24
32 98 15
33 35 -13
33 39 -5
33 41 -32
33 42 9
33 49 19
33 65 -22
33 70 17
33 87 6
34 37 -31
34 41 -11
34 48 -32
34 55 -10
34 60 14
34 63 9
34 68 23
34 70 7
34 84 -16
34 85 -21
34 87 30
35 38 -18
35 39 -15
35 40 31
35 41 30
35 46 -15
35 50 8
35 53 -12
35 54 -5
35 58 12
35 62 -2
35 63 27
35 67 -32
35 84 2
35 89 -21
35 91 3
36 49 -32
36 50 15
36 53 2
36 59 -21
36 74 -21
36 77 -16
36 78 -13
37 41 -15
37 67 -14
37 68 -16
37 82 12
38 40 24
38 66 -18
38 67 4
38 76 -20
39 46 -25
39 59 23
39 72 -27
39 94 -7
39 98 25
40 68 -19
40 69 -28
40 82 10
40 84 -29
40 96 -31
41 56 -8
41 66 -12
41 72 17
42 45 22
42 46 29
42 65 -8
42 67 17
42 79 15
42 82 27
42 84 20
42 89 -10
42 91 16
42 96 -23
43 48 31
43 50 -9
43 61 -22
43 74 8
43 83 13
43 84 -26
43 86 10
43 95 10
43 97 12
44 54 -10
44 57 -10
44 64 24
44 72 -30
44 77 -28
44 91 -16
44 96 27
45 56 -5
45 57 -22
45 61 6
45 87 30
45 92 -16
45 98 -23
46 47 7
46 57 -20
46 63 8
46 68 -23
46 74 -15
46 75 9
46 80 -27
46 85 -11
47 64 -21
47 73 -20
47 76 -24
47 78 4
47 84 -12
47 89 -23
47 95 20
48 51 14
48 53 28
48 55 20
48 74 -5
48 75 -16
48 91 -24
48 99 13
49 56 4
49 65 -15
49 71 -13
49 73 22
50 51 -2
50 52 -7
50 55 -31
50 73 -24
50 82 -20
50 84 -19
50 85 23
50 90 -29
50 94 21
50 96 15
50 99 12
51 63 -26
51 64 6
51 78 -13
51 82 -17
52 56 -14
52 58 -31
52 59 -13
52 66 4
52 76 2
52 81 11
52 89 2
52 93 2
52 95 -2
53 56 26
53 61 -2
53 71 -17
53 76 -25
53 91 19
53 93 -19
53 94 -4
54 60 8
54 66 -17
54 67 -10
54 71 -3
54 72 29
54 75 -31
54 95 28
55 58 -7
55 59 22
55 71 -31
55 76 23
55 83 10
55 87 18
55 90 -6
55 91 -9
56 63 -32
56 77 31
56 79 -25
56 81 14
56 93 -10
57 59 14
57 63 -8
57 73 -22
57 76 14
57 88 21
57 95 -2
57 96 6
57 97 20
58 73 -9
58 91 -20
58 98 -5
59 68 -6
59 70 16
59 73 -13
59 83 22
60 61 -24
60 66 23
60 68 10
60 71 8
60 81 32
60 87 14
61 80 -25
61 81 -25
61 86 10
62 66 -9
62 67 -16
62 74 -29
62 77 -17
62 83 -17
62 88 -15
62 99 -11
63 64 26
63 66 -8
63 73 -14
63 76 16
63 80 9
63 84 25
63 89 26
63 97 -17
64 77 -17
64 85 -6
64 88 -6
64 99 30
65 66 7
65 77 24
65 94 28
66 70 -9
66 78 10
67 77 -20
68 86 32
68 91 -5
68 93 -3
69 71 -5
69 76 31
69 84 14
69 86 -10
69 90 -28
69 93 12
69 94 -8
70 75 22
70 88 -9
70 89 -30
70 91 -31
70 97 -16
71 72 -25
71 73 18
71 84 -14
71 88 26
72 94 3
73 76 -9
73 87 32
73 99 -20
74 85 -2
75 85 22
75 91 -22
76 78 -26
76 93 -6
76 97 17
77 96 -9
78 90 -7
79 84 -22
79 85 9
80 84 -31
80 88 12
80 94 11
80 97 3
82 93 -21
83 89 -24
83 95 21
84 99 -5
85 93 -31
85 99 -12
86 91 16
88 91 23
88 98 -10
90 94 -29
91 94 -30
91 97 -5
93 94 -28
95 96 -32
98 99 9
-1
-5348
