er_100_6_4
100
-2
3
-4
4
-4
3
-4
-3
-2
-3
-2
-3
-3
3
4
4
3
3
2
-4
2
2
3
3
2
-2
-3
4
2
-3
-4
2
-2
-2
4
-3
-4
4
-4
-4
-3
3
2
2
-2
3
2
4
4
-4
3
2
-4
-4
3
-2
-3
3
4
4
-2
-2
2
2
2
3
4
-2
-4
3
-4
2
3
4
-4
2
-3
2
-2
4
4
2
3
3
-2
3
-3
-2
-4
3
-4
3
-4
3
4
-4
3
3
3
-4
0 26 4
0 42 -2
0 49 3
0 63 2
0 74 2
0 77 2
1 2 -3
1 4 -2
1 21 -2
1 56 4
2 19 3
2 57 -3
2 61 4
2 80 3
2 94 4
3 21 -3
3 35 2
3 45 3
3 85 2
3 99 -3
4 12 -2
4 17 3
4 29 -4
4 30 4
4 40 -2
4 77 -2
4 85 -3
5 8 4
5 85 -4
6 19 2
6 29 2
6 54 -3
6 71 -2
6 78 3
7 52 3
7 54 -2
7 75 -4
7 80 2
7 85 -3
8 23 2
8 26 4
8 29 3
8 36 4
8 52 -2
8 91 -4
9 36 3
9 42 -2
9 47 -4
9 75 -4
10 29 4
10 32 2
10 67 2
10 69 2
10 73 2
10 77 -2
10 86 4
10 99 2
11 30 -4
11 71 -4
11 96 4
12 15 4
12 35 -4
12 41 2
12 46 -2
12 58 3
13 22 3
13 42 -2
13 56 -3
13 68 4
13 69 -3
13 71 -4
13 78 -3
13 95 -3
14 26 -4
14 50 2
14 63 -2
14 66 -3
14 86 3
14 89 -3
14 92 -2
14 93 2
15 25 -3
15 56 3
15 70 -2
15 83 -4
15 85 -4
16 32 -3
16 39 4
16 95 -3
17 32 2
17 44 3
17 45 -2
17 50 2
18 26 -4
18 36 2
18 47 -3
18 51 -2
18 53 -4
18 56 -4
18 66 -2
18 68 2
18 86 2
18 89 -2
19 38 -3
19 42 4
19 46 -3
19 48 -2
19 52 2
19 98 3
20 24 -3
20 31 -2
20 33 3
20 47 -3
20 54 2
20 56 3
20 57 2
20 67 4
20 70 -3
20 87 4
20 94 2
21 44 3
21 61 3
21 62 4
21 76 4
21 79 -4
22 28 -3
22 83 4
22 85 -3
23 28 -4
23 45 -3
23 81 -2
23 89 3
24 45 -2
24 63 -3
24 75 3
24 86 -4
24 87 4
24 88 4
24 90 3
24 97 2
25 49 2
25 52 3
25 76 2
25 86 -4
25 96 -4
26 36 -4
26 75 -3
26 86 4
26 95 3
27 38 -4
27 40 -2
27 57 -2
27 62 -3
27 80 3
27 86 -2
28 51 -3
28 60 -4
28 83 -2
29 42 -3
29 85 -3
30 42 2
30 63 -2
30 77 -2
31 48 3
31 63 -3
31 80 4
32 38 -3
32 64 2
32 65 -3
32 71 3
32 86 3
33 70 2
34 41 -2
34 55 3
34 60 2
34 84 -3
34 87 2
35 38 -3
35 40 -3
35 46 -4
35 53 -3
35 62 4
35 63 -4
35 89 4
36 53 3
36 78 -4
37 41 4
37 68 -4
37 82 -2
39 46 2
39 59 -3
39 94 -4
39 98 -4
40 82 3
40 96 -3
41 66 2
41 72 -2
42 84 3
42 89 -2
43 50 3
43 74 -2
43 84 -3
43 95 3
43 97 3
44 54 -3
44 57 -4
44 77 4
44 96 3
45 56 2
45 57 -2
45 61 3
45 87 3
45 92 -4
46 63 -3
46 74 -4
46 80 2
46 85 2
47 64 -2
47 73 2
48 51 2
48 53 -2
48 55 3
48 74 4
48 75 3
48 99 -3
49 65 4
49 73 -4
50 51 -4
50 52 -2
50 73 -3
50 84 3
50 85 -4
50 99 -3
51 82 -4
52 58 2
52 81 2
52 89 -2
52 95 -4
53 56 2
53 61 3
53 76 -4
53 93 2
53 94 4
54 60 4
54 75 3
55 58 -4
55 71 4
55 76 3
55 83 -3
55 87 4
55 90 -2
56 63 -3
56 77 -2
56 93 4
57 59 2
57 73 -2
57 96 3
58 73 -3
58 91 3
59 68 3
59 73 -4
60 61 -4
60 68 3
60 71 -3
60 87 4
61 80 -3
61 86 -2
62 74 -3
62 77 2
62 83 4
62 88 -3
63 66 2
64 77 3
64 88 2
65 66 -2
65 77 -3
68 91 3
68 93 -2
69 71 2
69 86 2
70 75 -3
70 91 -3
71 72 -3
71 73 2
71 84 4
71 88 -2
74 85 -3
76 78 -3
76 97 3
77 96 -3
79 84 2
80 84 3
80 88 -3
83 89 2
84 99 -4
85 99 -3
88 91 2
88 98 -2
91 94 2
91 97 3
93 94 4
-1
-606
