er_100_6_16
100
13
10
3
-4
14
13
-10
16
-6
-14
9
-11
2
9
14
-5
8
10
-3
-14
5
-7
7
8
3
8
-15
-16
7
-2
-5
14
12
9
11
4
-12
2
-14
4
12
-10
8
7
14
15
9
3
-14
-5
-4
-16
10
-15
-9
-6
4
10
2
-15
-9
2
3
16
4
-14
2
5
16
9
-12
-9
-13
-11
-15
-7
-3
-12
-11
-14
-3
-11
-8
-13
11
12
12
7
14
-16
4
-12
-5
-16
16
4
-5
-12
-15
3
0 26 4
0 42 -2
0 49 -12
0 63 11
0 74 6
0 77 11
1 2 -10
1 4 -14
1 21 9
1 56 16
2 19 -9
2 57 8
2 61 5
2 80 9
2 94 -6
3 21 -3
3 35 12
3 45 -2
3 85 -5
3 99 -13
4 12 10
4 17 -16
4 29 16
4 30 13
4 40 4
4 77 11
4 85 -4
5 8 16
5 85 13
6 19 -16
6 29 12
6 54 -13
6 71 -6
6 78 8
7 52 2
7 54 9
7 75 6
7 80 4
7 85 -11
8 23 -15
8 26 -3
8 29 -2
8 36 5
8 52 -16
8 91 -8
9 36 -15
9 42 -2
9 47 -12
9 75 -6
10 29 4
10 32 10
10 67 3
10 69 3
10 73 10
10 77 -7
10 86 -15
10 99 7
11 30 -13
11 71 -5
11 96 16
12 15 2
12 35 -6
12 41 6
12 46 10
12 58 -13
13 22 3
13 42 6
13 56 -7
13 68 -3
13 69 -12
13 71 -13
13 78 -7
13 95 -7
14 26 -2
14 50 -12
14 63 2
14 66 13
14 86 16
14 89 -9
14 92 -13
14 93 15
15 25 -8
15 56 -10
15 70 -6
15 83 -5
15 85 12
16 32 -14
16 39 5
16 95 5
17 32 -7
17 44 5
17 45 4
17 50 -8
18 26 -5
18 36 13
18 47 -8
18 51 2
18 53 -13
18 56 -2
18 66 11
18 68 3
18 86 -6
18 89 13
19 38 -14
19 42 16
19 46 -11
19 48 16
19 52 -15
19 98 10
20 24 9
20 31 3
20 33 -6
20 47 -11
20 54 14
20 56 -8
20 57 10
20 67 6
20 70 -8
20 87 -6
20 94 14
21 44 9
21 61 -2
21 62 16
21 76 6
21 79 10
22 28 -16
22 83 7
22 85 -10
23 28 -12
23 45 7
23 81 -9
23 89 -11
24 45 6
24 63 4
24 75 15
24 86 16
24 87 13
24 88 -8
24 90 2
24 97 -5
25 49 -13
25 52 12
25 76 -5
25 86 -14
25 96 -9
26 36 -8
26 75 6
26 86 2
26 95 3
27 38 -15
27 40 9
27 57 4
27 62 2
27 80 -8
27 86 -10
28 51 9
28 60 6
28 83 -13
29 42 -10
29 85 2
30 42 3
30 63 2
30 77 -11
31 48 -3
31 63 -15
31 80 6
32 38 -4
32 64 -13
32 65 15
32 71 5
32 86 -6
33 70 -5
34 41 13
34 55 14
34 60 15
34 84 -7
34 87 5
35 38 -3
35 40 -7
35 46 12
35 53 12
35 62 -13
35 63 12
35 89 -16
36 53 9
36 78 5
37 41 6
37 68 -3
37 82 9
39 46 10
39 59 6
39 94 -13
39 98 -6
40 82 11
40 96 3
41 66 2
41 72 3
42 84 5
42 89 12
43 50 9
43 74 14
43 84 4
43 95 -16
43 97 -11
44 54 -8
44 57 12
44 77 13
44 96 16
45 56 -15
45 57 11
45 61 -14
45 87 -16
45 92 -11
46 63 5
46 74 -4
46 80 12
46 85 13
47 64 -3
47 73 -15
48 51 -12
48 53 6
48 55 -9
48 74 -5
48 75 -4
48 99 -8
49 65 -4
49 73 -2
50 51 -2
50 52 -14
50 73 -9
50 84 4
50 85 2
50 99 -7
51 82 -15
52 58 -10
52 81 15
52 89 6
52 95 4
53 56 6
53 61 -16
53 76 8
53 93 -13
53 94 -8
54 60 -16
54 75 -5
55 58 -15
55 71 6
55 76 12
55 83 12
55 87 2
55 90 -2
56 63 7
56 77 9
56 93 8
57 59 -14
57 73 10
57 96 15
58 73 4
58 91 12
59 68 16
59 73 -5
60 61 -8
60 68 15
60 71 -4
60 87 -3
61 80 8
61 86 -6
62 74 4
62 77 -9
62 83 -6
62 88 8
63 66 7
64 77 14
64 88 -7
65 66 -14
65 77 -8
68 91 14
68 93 7
69 71 -5
69 86 -2
70 75 16
70 91 16
71 72 -5
71 73 -7
71 84 16
71 88 4
74 85 -6
76 78 2
76 97 14
77 96 -9
79 84 -3
80 84 9
80 88 -15
83 89 -6
84 99 14
85 99 16
88 91 -11
88 98 3
91 94 5
91 97 -12
93 94 -4
-1
-1993
