er_100_4_8
100
-8
-7
-4
-4
-6
2
4
-8
-5
4
-6
4
7
5
7
2
6
-6
-6
-8
5
5
2
6
6
-5
-6
5
-7
6
7
2
7
-6
-8
-4
-3
2
-5
8
7
-5
3
7
-8
6
4
-3
8
-6
7
3
-2
2
7
8
-3
2
4
5
-4
-4
2
-3
-7
-2
-5
8
-2
-4
3
-5
-6
-5
-7
8
-7
2
-5
-8
-8
3
-5
2
-3
-3
-7
-2
4
-5
-2
-6
4
-5
-4
-6
5
8
-3
7
0 26 -7
0 49 7
0 74 -6
1 2 -5
1 21 -3
1 56 -2
2 19 -8
2 61 -5
2 80 6
3 21 -8
3 99 7
4 12 6
4 29 5
4 40 2
4 85 8
5 8 2
5 85 -6
6 19 -3
6 71 3
6 78 -6
7 52 5
7 54 5
7 75 -4
8 23 -5
8 26 -8
8 29 6
8 36 -5
8 52 3
8 91 -8
9 36 3
9 47 -8
9 75 -4
10 67 3
10 69 7
10 73 -7
10 77 3
11 30 -8
11 71 5
11 96 -6
12 15 2
12 35 4
12 41 -8
12 46 -6
12 58 -7
13 22 3
13 42 -5
13 56 6
13 68 2
13 69 7
13 78 -2
13 95 -4
14 50 6
14 63 4
14 66 7
14 86 6
14 93 8
15 56 3
15 83 4
15 85 -7
16 39 -7
17 32 6
17 44 7
18 36 -6
18 51 8
18 53 -5
18 56 4
18 66 -5
18 68 -5
18 86 8
19 42 3
19 46 -4
19 48 -4
19 52 5
20 24 -4
20 31 -7
20 33 5
20 47 -3
20 54 3
20 57 3
20 67 -8
20 70 8
20 87 -4
21 44 5
21 61 5
21 62 -3
21 79 8
22 28 -6
22 83 -7
22 85 6
23 28 -8
23 45 7
24 45 4
24 63 -2
24 86 7
24 87 -3
24 88 -6
24 90 8
24 97 -3
25 49 8
25 52 5
25 76 4
25 86 -6
26 36 4
26 75 4
26 95 -5
27 38 8
27 40 4
27 57 -4
27 62 -5
27 80 -2
28 51 -7
28 60 -4
28 83 8
29 42 -7
29 85 2
30 63 -7
30 77 -2
31 48 -7
31 80 -2
32 38 -6
32 64 -8
32 65 7
32 71 -3
33 70 -2
34 55 8
34 60 -7
34 84 -5
35 38 -6
35 46 3
35 62 -5
35 89 8
36 53 -7
36 78 8
37 41 -2
37 68 8
37 82 -3
39 46 -6
39 94 -6
39 98 -3
40 96 6
41 66 -8
42 84 -2
42 89 -5
43 84 -6
43 95 3
43 97 3
44 96 -3
45 56 -7
45 61 -8
45 87 7
46 63 -4
46 74 -7
46 80 4
46 85 -8
47 64 2
47 73 7
48 53 7
49 73 -7
50 73 -6
50 84 -5
52 58 -6
52 89 6
52 95 -5
53 61 7
53 76 6
53 93 4
53 94 -5
54 60 6
54 75 4
55 58 8
55 71 -5
55 76 6
55 83 -6
55 90 6
56 63 -5
57 73 -4
57 96 -4
58 73 -3
59 68 -3
60 61 -7
60 71 -4
60 87 6
61 80 -4
61 86 -4
62 74 4
62 83 8
62 88 5
63 66 4
64 77 5
64 88 3
65 66 7
65 77 -7
68 91 -6
68 93 5
69 71 -5
70 75 -6
71 72 -4
71 73 -7
71 84 2
71 88 4
76 78 5
76 97 -7
80 84 -5
80 88 8
83 89 -5
84 99 7
88 98 -3
91 97 7
93 94 3
-1
-965
