er_100_10_16
100
16
8
15
11
-4
15
-8
-8
-14
-5
8
-12
5
10
-4
8
3
-8
-13
14
-15
-10
8
12
-2
12
-14
9
9
13
-16
8
4
-9
-11
12
-10
-11
16
-9
-13
-9
-11
-10
13
16
3
2
7
9
-14
5
9
-9
2
12
-15
15
-3
6
-14
-10
-6
-15
-14
15
-9
3
-12
-15
3
-13
-3
-9
-6
-16
-12
-9
16
-16
4
2
-13
3
2
-10
9
14
-7
15
6
-13
4
14
-4
16
-10
-6
-4
-16
0 26 -8
0 42 -15
0 49 3
0 54 -13
0 63 2
0 74 16
0 76 -5
0 77 -2
1 2 9
1 4 -3
1 19 -16
1 21 10
1 26 -4
1 33 -6
1 34 12
1 56 3
1 98 -16
2 6 10
2 19 -6
2 34 -2
2 57 9
2 61 -12
2 80 16
2 92 -10
2 94 -13
3 21 11
3 30 -12
3 35 -2
3 45 -13
3 51 -7
3 67 -4
3 85 2
3 92 4
3 99 -10
4 12 7
4 17 16
4 29 13
4 30 7
4 40 8
4 70 -7
4 73 2
4 75 -8
4 77 -8
4 85 -16
4 89 -9
5 8 -5
5 14 13
5 74 -5
5 85 3
5 86 -8
6 19 3
6 29 14
6 54 11
6 62 -5
6 71 3
6 78 12
7 39 9
7 52 6
7 53 -2
7 54 2
7 66 11
7 75 12
7 80 3
7 85 11
8 23 -4
8 25 6
8 26 15
8 29 3
8 36 2
8 37 7
8 52 -3
8 53 9
8 87 -10
8 89 11
8 91 9
8 99 -15
9 36 -11
9 42 5
9 47 -15
9 75 7
10 29 -3
10 32 10
10 67 -6
10 69 11
10 73 13
10 77 15
10 82 14
10 86 16
10 99 -12
11 30 3
11 69 -2
11 71 -13
11 78 10
11 96 -8
12 15 -9
12 31 7
12 35 -7
12 41 -14
12 46 9
12 58 15
13 20 -14
13 22 11
13 25 11
13 42 -2
13 56 -8
13 68 6
13 69 -12
13 71 10
13 72 11
13 78 4
13 91 -10
13 95 -9
14 16 14
14 26 4
14 41 10
14 48 -8
14 50 -16
14 63 4
14 66 -14
14 86 -15
14 89 10
14 92 9
14 93 8
15 18 -14
15 25 -13
15 30 14
15 32 4
15 53 -6
15 56 5
15 58 16
15 64 4
15 70 15
15 81 12
15 83 9
15 85 16
16 32 -13
16 39 -10
16 40 -10
16 80 3
16 92 14
16 95 -10
17 23 13
17 32 2
17 34 4
17 44 -8
17 45 10
17 46 -2
17 50 -4
17 77 -11
17 78 8
17 79 5
17 85 10
17 87 -12
18 26 6
18 36 5
18 38 -2
18 47 5
18 51 -7
18 53 -2
18 56 -15
18 66 -8
18 68 -6
18 73 12
18 76 8
18 86 10
18 89 2
18 98 -12
19 38 13
19 42 -8
19 44 11
19 46 3
19 48 14
19 52 -3
19 60 7
19 90 13
19 98 14
20 24 10
20 31 -7
20 33 -10
20 47 4
20 54 -5
20 56 -10
20 57 -15
20 67 -7
20 70 -9
20 80 -14
20 87 -3
20 88 -5
20 94 16
21 39 -5
21 44 10
21 61 -14
21 62 -2
21 76 -6
21 79 2
21 94 3
21 96 -9
22 28 6
22 37 -5
22 79 8
22 83 7
22 85 -3
23 28 -2
23 34 -7
23 45 14
23 47 5
23 65 -16
23 70 11
23 81 9
23 89 15
24 45 10
24 63 5
24 75 -8
24 81 -16
24 86 7
24 87 6
24 88 2
24 90 -9
24 97 13
25 30 8
25 37 2
25 40 16
25 42 -6
25 44 4
25 49 -10
25 52 -15
25 55 7
25 76 14
25 85 16
25 86 5
25 96 7
25 98 -3
26 36 -10
26 75 -16
26 86 -15
26 95 3
27 38 13
27 40 -3
27 49 11
27 57 13
27 62 -13
27 70 12
27 80 -14
27 81 3
27 86 7
28 29 -8
28 39 3
28 51 15
28 60 -6
28 63 -16
28 83 -2
28 99 -14
29 39 -9
29 42 -13
29 48 2
29 54 -6
29 67 -7
29 71 8
29 81 2
29 85 -10
29 94 -16
30 31 4
30 42 -2
30 51 7
30 63 12
30 75 11
30 77 -9
30 81 -10
30 90 11
30 98 -13
31 48 3
31 63 4
31 64 13
31 67 -13
31 77 -6
31 80 -11
32 38 -6
32 42 8
32 60 3
32 64 -11
32 65 7
32 71 3
32 86 -7
32 98 8
33 35 14
33 41 15
33 49 -5
33 70 -13
33 87 -10
34 41 6
34 55 -12
34 60 -14
34 63 5
34 68 11
34 70 -6
34 84 8
34 85 -5
34 87 -11
35 38 -16
35 40 -2
35 46 -9
35 50 -15
35 53 -14
35 54 -3
35 58 -7
35 62 -8
35 63 5
35 84 -7
35 89 -14
36 49 -8
36 50 -6
36 53 2
36 74 12
36 77 5
36 78 -7
37 41 15
37 68 6
37 82 3
38 40 -5
38 76 -15
39 46 15
39 59 -8
39 94 -3
39 98 -9
40 69 5
40 82 11
40 96 -4
41 56 -5
41 66 11
41 72 9
42 45 -16
42 46 8
42 65 2
42 82 8
42 84 3
42 89 2
42 91 -6
42 96 13
43 48 16
43 50 5
43 61 10
43 74 12
43 84 13
43 95 11
43 97 -11
44 54 -12
44 57 -8
44 64 -15
44 72 15
44 77 10
44 96 -16
45 56 6
45 57 13
45 61 -16
45 87 -15
45 92 -6
45 98 13
46 47 -13
46 63 3
46 74 -2
46 75 -16
46 80 -12
46 85 -10
47 64 14
47 73 11
47 76 -8
47 84 11
47 89 -4
47 95 -14
48 51 16
48 53 12
48 55 2
48 74 -5
48 75 2
48 99 -6
49 56 9
49 65 -14
49 71 -3
49 73 11
50 51 11
50 52 -12
50 55 9
50 73 3
50 82 -4
50 84 14
50 85 13
50 90 12
50 94 16
50 99 14
51 63 15
51 64 -15
51 82 -16
52 56 9
52 58 -10
52 59 -16
52 66 -14
52 76 -16
52 81 -14
52 89 9
52 95 -4
53 56 16
53 61 11
53 71 -13
53 76 5
53 91 -12
53 93 -15
53 94 -14
54 60 14
54 66 -15
54 71 16
54 72 3
54 75 -4
54 95 -11
55 58 -6
55 59 7
55 71 -10
55 76 3
55 83 -12
55 87 8
55 90 5
55 91 11
56 63 -15
56 77 10
56 79 -6
56 93 7
57 59 7
57 63 -14
57 73 6
57 88 4
57 96 -7
57 97 11
58 73 16
58 91 -3
59 68 3
59 70 -11
59 73 -2
60 61 12
60 68 -12
60 71 16
60 87 16
61 80 15
61 86 -3
62 66 14
62 67 5
62 74 14
62 77 -8
62 83 -8
62 88 14
62 99 5
63 64 5
63 66 -11
63 73 15
63 84 -3
63 97 -8
64 77 -12
64 85 5
64 88 -16
65 66 7
65 77 11
65 94 -10
66 78 3
67 77 -7
68 86 -4
68 91 10
68 93 -14
69 71 -6
69 86 16
69 93 -8
69 94 -4
70 75 -16
70 88 11
70 89 -5
70 91 -15
70 97 8
71 72 6
71 73 -15
71 84 13
71 88 -9
72 94 16
73 76 -14
73 87 3
74 85 12
75 85 2
75 91 14
76 78 8
76 93 2
76 97 13
77 96 15
78 90 -7
79 84 13
79 85 -13
80 84 -8
80 88 -3
80 97 5
82 93 10
83 89 -13
83 95 -12
84 99 16
85 93 -3
85 99 4
88 91 4
88 98 -7
91 94 4
91 97 11
93 94 -8
95 96 -3
98 99 13
-1
-2478
