er_100_10_64
100
-43
-36
30
60
14
15
-57
-49
-47
54
46
5
23
23
44
-8
-2
-34
2
-31
-37
6
-35
-58
-9
8
-21
-27
11
-42
-53
-53
59
-40
18
-40
20
52
-22
-26
-59
-35
38
-16
38
58
-61
-12
7
-15
48
44
12
-3
15
4
34
-30
-40
-13
58
-41
-51
45
40
57
-8
-60
31
-27
64
38
43
49
-53
57
-12
18
-38
13
-51
11
63
21
-24
-5
-45
63
63
-19
39
55
61
-6
24
58
31
-64
12
-22
0 26 -50
0 42 64
0 49 -62
0 54 -28
0 63 -55
0 74 8
0 76 46
0 77 26
1 2 -55
1 4 26
1 19 26
1 21 -45
1 26 49
1 33 -61
1 34 22
1 56 51
1 98 44
2 6 38
2 19 21
2 34 46
2 57 10
2 61 35
2 80 58
2 92 25
2 94 -29
3 21 -29
3 30 63
3 35 -32
3 45 30
3 51 40
3 67 56
3 85 54
3 92 -38
3 99 -59
4 12 -12
4 17 -18
4 29 16
4 30 -57
4 40 -37
4 70 13
4 73 -29
4 75 47
4 77 56
4 85 53
4 89 -5
5 8 35
5 14 13
5 74 -5
5 85 -25
5 86 52
6 19 -5
6 29 -60
6 54 -59
6 62 -34
6 71 -40
6 78 -16
7 39 20
7 52 61
7 53 -52
7 54 33
7 66 52
7 75 -39
7 80 47
7 85 38
8 23 -36
8 25 46
8 26 16
8 29 -20
8 36 -47
8 37 42
8 52 -27
8 53 13
8 87 -63
8 89 18
8 91 5
8 99 48
9 36 16
9 42 -34
9 47 -3
9 75 -12
10 29 18
10 32 59
10 67 4
10 69 -21
10 73 -51
10 77 -41
10 82 -25
10 86 41
10 99 35
11 30 9
11 69 39
11 71 37
11 78 46
11 96 -39
12 15 32
12 31 -15
12 35 35
12 41 -59
12 46 61
12 58 -33
13 20 -30
13 22 -53
13 25 -37
13 42 13
13 56 -17
13 68 45
13 69 -40
13 71 6
13 72 21
13 78 14
13 91 43
13 95 44
14 16 30
14 26 55
14 41 -32
14 48 7
14 50 -9
14 63 -57
14 66 -32
14 86 22
14 89 -25
14 92 -60
14 93 31
15 18 28
15 25 25
15 30 18
15 32 10
15 53 27
15 56 36
15 58 -46
15 64 2
15 70 -40
15 81 -16
15 83 -33
15 85 -27
16 32 -45
16 39 13
16 40 -60
16 80 6
16 92 38
16 95 44
17 23 63
17 32 12
17 34 -32
17 44 -64
17 45 -62
17 46 2
17 50 -26
17 77 53
17 78 -33
17 79 -18
17 85 19
17 87 49
18 26 57
18 36 -52
18 38 -18
18 47 -18
18 51 -5
18 53 -58
18 56 5
18 66 -10
18 68 41
18 73 49
18 76 -43
18 86 -13
18 89 -34
18 98 64
19 38 39
19 42 -8
19 44 -18
19 46 -55
19 48 -10
19 52 -11
19 60 -41
19 90 -36
19 98 64
20 24 -22
20 31 29
20 33 13
20 47 -63
20 54 -48
20 56 48
20 57 45
20 67 23
20 70 -34
20 80 19
20 87 -23
20 88 -40
20 94 -57
21 39 48
21 44 61
21 61 -48
21 62 4
21 76 48
21 79 6
21 94 38
21 96 -48
22 28 15
22 37 53
22 79 64
22 83 -29
22 85 12
23 28 42
23 34 14
23 45 15
23 47 -63
23 65 7
23 70 -37
23 81 19
23 89 47
24 45 26
24 63 29
24 75 -4
24 81 22
24 86 7
24 87 21
24 88 -56
24 90 -49
24 97 -39
25 30 -53
25 37 48
25 40 38
25 42 28
25 44 33
25 49 -57
25 52 54
25 55 -30
25 76 27
25 85 -54
25 86 3
25 96 -6
25 98 -7
26 36 -23
26 75 -37
26 86 -36
26 95 -61
27 38 15
27 40 -63
27 49 37
27 57 -7
27 62 18
27 70 54
27 80 53
27 81 20
27 86 8
28 29 -27
28 39 -24
28 51 -11
28 60 22
28 63 20
28 83 56
28 99 5
29 39 23
29 42 46
29 48 -3
29 54 28
29 67 -22
29 71 -49
29 81 -3
29 85 -25
29 94 -61
30 31 14
30 42 -32
30 51 -56
30 63 52
30 75 45
30 77 56
30 81 26
30 90 -31
30 98 25
31 48 47
31 63 -63
31 64 60
31 67 -51
31 77 29
31 80 44
32 38 47
32 42 52
32 60 47
32 64 -10
32 65 -27
32 71 -3
32 86 24
32 98 -33
33 35 -44
33 41 -44
33 49 17
33 70 11
33 87 44
34 41 -28
34 55 -40
34 60 -39
34 63 21
34 68 16
34 70 -35
34 84 -54
34 85 -18
34 87 -21
35 38 -29
35 40 9
35 46 -4
35 50 -13
35 53 50
35 54 15
35 58 -56
35 62 -60
35 63 55
35 84 3
35 89 -8
36 49 -42
36 50 -14
36 53 -16
36 74 16
36 77 62
36 78 -35
37 41 -51
37 68 -11
37 82 4
38 40 -44
38 76 19
39 46 36
39 59 49
39 94 33
39 98 -64
40 69 -55
40 82 -21
40 96 -63
41 56 61
41 66 61
41 72 6
42 45 4
42 46 17
42 65 36
42 82 37
42 84 -44
42 89 21
42 91 -26
42 96 41
43 48 56
43 50 -47
43 61 32
43 74 -8
43 84 58
43 95 -52
43 97 50
44 54 15
44 57 21
44 64 51
44 72 43
44 77 -14
44 96 -56
45 56 7
45 57 23
45 61 2
45 87 -7
45 92 -39
45 98 -4
46 47 25
46 63 37
46 74 -62
46 75 -3
46 80 -58
46 85 35
47 64 -5
47 73 32
47 76 -14
47 84 -48
47 89 17
47 95 -39
48 51 53
48 53 -31
48 55 7
48 74 -60
48 75 -8
48 99 11
49 56 -17
49 65 2
49 71 -30
49 73 13
50 51 19
50 52 2
50 55 -62
50 73 22
50 82 55
50 84 26
50 85 46
50 90 -32
50 94 -30
50 99 35
51 63 -40
51 64 -42
51 82 -14
52 56 61
52 58 13
52 59 46
52 66 30
52 76 45
52 81 -37
52 89 11
52 95 -46
53 56 44
53 61 27
53 71 56
53 76 -47
53 91 -43
53 93 38
53 94 49
54 60 40
54 66 -39
54 71 -12
54 72 7
54 75 50
54 95 23
55 58 15
55 59 6
55 71 24
55 76 -4
55 83 -63
55 87 45
55 90 59
55 91 60
56 63 -34
56 77 36
56 79 -29
56 93 43
57 59 -7
57 63 60
57 73 -32
57 88 39
57 96 -40
57 97 24
58 73 -38
58 91 31
59 68 -20
59 70 -56
59 73 53
60 61 -3
60 68 20
60 71 8
60 87 4
61 80 25
61 86 46
62 66 7
62 67 32
62 74 30
62 77 43
62 83 -36
62 88 45
62 99 -45
63 64 39
63 66 -35
63 73 -61
63 84 28
63 97 -43
64 77 14
64 85 -10
64 88 -11
65 66 -55
65 77 -32
65 94 42
66 78 58
67 77 47
68 86 -16
68 91 -49
68 93 36
69 71 -39
69 86 -21
69 93 35
69 94 45
70 75 28
70 88 18
70 89 53
70 91 16
70 97 -60
71 72 15
71 73 -42
71 84 25
71 88 -45
72 94 -27
73 76 -33
73 87 -47
74 85 -45
75 85 55
75 91 16
76 78 -7
76 93 43
76 97 -41
77 96 -9
78 90 7
79 84 27
79 85 -11
80 84 59
80 88 -59
80 97 20
82 93 -16
83 89 -45
83 95 -37
84 99 -59
85 93 -16
85 99 -21
88 91 -23
88 98 37
91 94 13
91 97 49
93 94 -58
95 96 23
98 99 28
-1
-9272
