er_100_10_4
100
-2
2
-4
-3
4
-3
2
-3
-4
3
3
2
3
-2
-4
-4
3
-2
-4
-3
-2
4
-3
-2
-2
4
2
-4
-2
4
-4
2
-2
4
4
-4
2
4
-4
3
-2
4
-4
3
-4
-2
-4
-3
4
4
-4
3
-3
2
3
4
4
-3
2
-3
3
4
3
2
3
-3
-3
4
-4
3
-4
-4
-2
-3
2
4
-4
-3
4
-3
-4
-3
2
-2
3
4
-4
3
-4
3
-3
4
-2
4
4
-4
4
-3
2
3
0 26 -3
0 42 4
0 49 4
0 54 2
0 63 3
0 74 2
0 76 -2
0 77 -3
1 2 -4
1 4 3
1 19 -3
1 21 -3
1 26 2
1 33 4
1 34 -2
1 56 2
1 98 -2
2 6 -3
2 19 -4
2 34 2
2 57 2
2 61 -3
2 80 4
2 92 4
2 94 -2
3 21 3
3 30 3
3 35 -4
3 45 -4
3 51 4
3 67 -4
3 85 2
3 92 4
3 99 3
4 12 -2
4 17 -4
4 29 -3
4 30 -3
4 40 -3
4 70 3
4 73 4
4 75 -2
4 77 -3
4 85 -4
4 89 -4
5 8 -3
5 14 3
5 74 -3
5 85 2
5 86 2
6 19 3
6 29 -2
6 54 -3
6 62 -2
6 71 -4
6 78 -2
7 39 -2
7 52 -2
7 53 4
7 54 3
7 66 4
7 75 -2
7 80 4
7 85 3
8 23 2
8 25 -3
8 26 -3
8 29 4
8 36 3
8 37 -4
8 52 -4
8 53 3
8 87 2
8 89 4
8 91 -2
8 99 -3
9 36 4
9 42 4
9 47 3
9 75 -4
10 29 -2
10 32 2
10 67 -2
10 69 4
10 73 -3
10 77 4
10 82 4
10 86 -2
10 99 -2
11 30 -3
11 69 4
11 71 4
11 78 4
11 96 2
12 15 -2
12 31 4
12 35 3
12 41 -2
12 46 4
12 58 2
13 20 -2
13 22 2
13 25 -4
13 42 -2
13 56 3
13 68 -2
13 69 2
13 71 -2
13 72 2
13 78 -4
13 91 2
13 95 -2
14 16 3
14 26 4
14 41 -4
14 48 -4
14 50 -3
14 63 3
14 66 -4
14 86 -3
14 89 -2
14 92 2
14 93 4
15 18 -4
15 25 -4
15 30 2
15 32 -2
15 53 3
15 56 3
15 58 3
15 64 -3
15 70 4
15 81 2
15 83 -3
15 85 4
16 32 3
16 39 3
16 40 -2
16 80 -4
16 92 -2
16 95 2
17 23 -3
17 32 3
17 34 -3
17 44 -4
17 45 4
17 46 -2
17 50 4
17 77 3
17 78 3
17 79 -4
17 85 2
17 87 3
18 26 -3
18 36 -3
18 38 -2
18 47 -4
18 51 2
18 53 -4
18 56 3
18 66 3
18 68 2
18 73 -3
18 76 -4
18 86 -4
18 89 -4
18 98 4
19 38 4
19 42 -3
19 44 -2
19 46 2
19 48 -2
19 52 4
19 60 -3
19 90 -4
19 98 2
20 24 3
20 31 -2
20 33 2
20 47 -3
20 54 -3
20 56 -4
20 57 2
20 67 -3
20 70 -2
20 80 -3
20 87 2
20 88 -3
20 94 -4
21 39 2
21 44 -3
21 61 2
21 62 2
21 76 2
21 79 3
21 94 -3
21 96 -2
22 28 4
22 37 3
22 79 2
22 83 4
22 85 -3
23 28 -4
23 34 -3
23 45 2
23 47 3
23 65 2
23 70 -3
23 81 -4
23 89 -3
24 45 -4
24 63 -4
24 75 4
24 81 3
24 86 2
24 87 3
24 88 4
24 90 2
24 97 3
25 30 -2
25 37 -2
25 40 -3
25 42 -3
25 44 -3
25 49 4
25 52 2
25 55 -4
25 76 3
25 85 4
25 86 2
25 96 4
25 98 -3
26 36 -2
26 75 2
26 86 -2
26 95 -3
27 38 2
27 40 -4
27 49 -4
27 57 3
27 62 -2
27 70 4
27 80 2
27 81 2
27 86 4
28 29 4
28 39 -2
28 51 -4
28 60 4
28 63 4
28 83 2
28 99 -3
29 39 3
29 42 2
29 48 -3
29 54 2
29 67 -3
29 71 -4
29 81 -4
29 85 4
29 94 4
30 31 -3
30 42 3
30 51 4
30 63 2
30 75 -3
30 77 -3
30 81 4
30 90 4
30 98 -3
31 48 2
31 63 3
31 64 4
31 67 4
31 77 -4
31 80 3
32 38 -4
32 42 4
32 60 3
32 64 -3
32 65 -2
32 71 -4
32 86 4
32 98 2
33 35 -3
33 41 3
33 49 4
33 70 -2
33 87 4
34 41 3
34 55 -2
34 60 -4
34 63 2
34 68 -2
34 70 4
34 84 -4
34 85 -4
34 87 -3
35 38 -2
35 40 4
35 46 3
35 50 -3
35 53 2
35 54 3
35 58 2
35 62 -2
35 63 -4
35 84 2
35 89 -2
36 49 2
36 50 -2
36 53 -4
36 74 -2
36 77 -3
36 78 -4
37 41 4
37 68 2
37 82 -3
38 40 -2
38 76 -3
39 46 -2
39 59 -4
39 94 4
39 98 4
40 69 -2
40 82 2
40 96 -4
41 56 3
41 66 -4
41 72 -2
42 45 -3
42 46 2
42 65 -4
42 82 3
42 84 -2
42 89 -2
42 91 -4
42 96 -3
43 48 3
43 50 2
43 61 4
43 74 -4
43 84 -3
43 95 2
43 97 -3
44 54 2
44 57 2
44 64 2
44 72 -2
44 77 2
44 96 -2
45 56 4
45 57 4
45 61 -4
45 87 3
45 92 -2
45 98 3
46 47 -2
46 63 2
46 74 -3
46 75 4
46 80 -3
46 85 -4
47 64 -2
47 73 2
47 76 4
47 84 -2
47 89 -3
47 95 -2
48 51 4
48 53 2
48 55 3
48 74 3
48 75 -3
48 99 2
49 56 2
49 65 2
49 71 4
49 73 -4
50 51 2
50 52 4
50 55 3
50 73 4
50 82 3
50 84 -4
50 85 -3
50 90 3
50 94 3
50 99 -4
51 63 -4
51 64 4
51 82 -3
52 56 -4
52 58 -2
52 59 2
52 66 4
52 76 -3
52 81 2
52 89 -3
52 95 -4
53 56 -3
53 61 4
53 71 3
53 76 2
53 91 3
53 93 2
53 94 3
54 60 -4
54 66 -2
54 71 -2
54 72 -2
54 75 -2
54 95 3
55 58 2
55 59 3
55 71 3
55 76 4
55 83 3
55 87 -2
55 90 2
55 91 -2
56 63 4
56 77 2
56 79 4
56 93 -2
57 59 -2
57 63 -3
57 73 4
57 88 -4
57 96 -3
57 97 4
58 73 4
58 91 4
59 68 3
59 70 2
59 73 -4
60 61 -3
60 68 3
60 71 4
60 87 -2
61 80 2
61 86 -4
62 66 -4
62 67 -2
62 74 2
62 77 2
62 83 2
62 88 4
62 99 3
63 64 3
63 66 3
63 73 -4
63 84 -3
63 97 -4
64 77 4
64 85 -4
64 88 -4
65 66 3
65 77 -2
65 94 3
66 78 2
67 77 -4
68 86 -3
68 91 -4
68 93 3
69 71 -2
69 86 -2
69 93 -4
69 94 2
70 75 -4
70 88 -4
70 89 4
70 91 -3
70 97 4
71 72 -2
71 73 4
71 84 4
71 88 -3
72 94 -2
73 76 2
73 87 3
74 85 4
75 85 -4
75 91 -3
76 78 3
76 93 2
76 97 -3
77 96 -2
78 90 2
79 84 3
79 85 4
80 84 3
80 88 4
80 97 -3
82 93 2
83 89 2
83 95 3
84 99 3
85 93 4
85 99 -3
88 91 3
88 98 -4
91 94 -2
91 97 -3
93 94 4
95 96 -2
98 99 4
-1
-794
