er_100_6_64
100
-54
-30
-15
12
-9
-63
-39
-14
34
18
-8
16
-41
21
-29
-6
15
3
14
39
-51
15
-36
9
-21
-35
-37
-7
-35
-9
4
-64
-53
-24
52
5
17
50
26
4
35
39
59
-28
-25
15
-11
-29
-25
-9
3
-32
40
41
3
62
17
37
-44
40
10
-34
16
-24
33
61
-45
38
-12
63
-23
51
60
-19
-3
64
-54
54
32
37
-59
2
45
-18
7
6
43
17
39
55
7
15
-50
53
-39
-29
20
7
58
16
0 26 46
0 42 43
0 49 -33
0 63 37
0 74 -34
0 77 9
1 2 -4
1 4 -15
1 21 22
1 56 -22
2 19 64
2 57 49
2 61 -32
2 80 -26
2 94 56
3 21 10
3 35 23
3 45 30
3 85 -29
3 99 -12
4 12 -62
4 17 -44
4 29 20
4 30 -6
4 40 5
4 77 54
4 85 -26
5 8 26
5 85 -26
6 19 -56
6 29 -58
6 54 25
6 71 -55
6 78 15
7 52 63
7 54 63
7 75 -36
7 80 -16
7 85 -38
8 23 52
8 26 46
8 29 19
8 36 -2
8 52 -18
8 91 11
9 36 3
9 42 59
9 47 -31
9 75 -2
10 29 -58
10 32 -42
10 67 -55
10 69 -52
10 73 48
10 77 -52
10 86 37
10 99 42
11 30 55
11 71 -18
11 96 -12
12 15 -27
12 35 -40
12 41 27
12 46 14
12 58 -51
13 22 19
13 42 14
13 56 -37
13 68 16
13 69 13
13 71 51
13 78 -41
13 95 39
14 26 -11
14 50 -57
14 63 -55
14 66 5
14 86 -59
14 89 62
14 92 39
14 93 44
15 25 46
15 56 4
15 70 32
15 83 -12
15 85 -44
16 32 40
16 39 38
16 95 35
17 32 10
17 44 37
17 45 -63
17 50 54
18 26 -59
18 36 -45
18 47 48
18 51 -37
18 53 -46
18 56 49
18 66 -7
18 68 -57
18 86 20
18 89 27
19 38 5
19 42 -11
19 46 64
19 48 22
19 52 -30
19 98 -22
20 24 36
20 31 17
20 33 37
20 47 -2
20 54 2
20 56 4
20 57 -38
20 67 -19
20 70 58
20 87 36
20 94 24
21 44 39
21 61 -34
21 62 -16
21 76 -60
21 79 44
22 28 -54
22 83 6
22 85 -46
23 28 -11
23 45 60
23 81 19
23 89 -58
24 45 -18
24 63 53
24 75 -35
24 86 17
24 87 42
24 88 -40
24 90 14
24 97 33
25 49 -45
25 52 30
25 76 24
25 86 -49
25 96 25
26 36 8
26 75 -27
26 86 -26
26 95 15
27 38 64
27 40 49
27 57 38
27 62 -9
27 80 39
27 86 -24
28 51 4
28 60 -43
28 83 5
29 42 33
29 85 -50
30 42 -51
30 63 46
30 77 39
31 48 -44
31 63 -15
31 80 -42
32 38 -45
32 64 41
32 65 -60
32 71 36
32 86 -44
33 70 -32
34 41 -26
34 55 -38
34 60 -57
34 84 14
34 87 -57
35 38 6
35 40 -33
35 46 20
35 53 13
35 62 2
35 63 6
35 89 18
36 53 -7
36 78 -14
37 41 4
37 68 56
37 82 -41
39 46 -24
39 59 21
39 94 60
39 98 -36
40 82 52
40 96 45
41 66 38
41 72 47
42 84 -22
42 89 42
43 50 -2
43 74 56
43 84 30
43 95 -54
43 97 -45
44 54 6
44 57 -32
44 77 54
44 96 -53
45 56 13
45 57 -47
45 61 -7
45 87 6
45 92 52
46 63 -38
46 74 27
46 80 4
46 85 -63
47 64 3
47 73 -55
48 51 -60
48 53 -23
48 55 18
48 74 44
48 75 -16
48 99 -53
49 65 3
49 73 3
50 51 51
50 52 44
50 73 37
50 84 -57
50 85 55
50 99 -17
51 82 9
52 58 -29
52 81 18
52 89 -35
52 95 -21
53 56 42
53 61 11
53 76 39
53 93 52
53 94 41
54 60 59
54 75 49
55 58 28
55 71 3
55 76 -45
55 83 -42
55 87 -17
55 90 59
56 63 40
56 77 -53
56 93 41
57 59 19
57 73 -52
57 96 -30
58 73 21
58 91 -45
59 68 -63
59 73 -64
60 61 -4
60 68 -35
60 71 16
60 87 10
61 80 -24
61 86 6
62 74 41
62 77 -61
62 83 60
62 88 -43
63 66 -27
64 77 52
64 88 -49
65 66 -29
65 77 -6
68 91 44
68 93 -55
69 71 43
69 86 -49
70 75 5
70 91 51
71 72 -23
71 73 -51
71 84 46
71 88 5
74 85 26
76 78 64
76 97 34
77 96 -22
79 84 55
80 84 7
80 88 42
83 89 -6
84 99 59
85 99 23
88 91 -62
88 98 -13
91 94 36
91 97 5
93 94 -39
-1
-7087
