er_100_8_32
100
-2
-13
-24
9
10
13
22
-11
-22
-8
19
-2
-8
20
23
20
21
-31
-27
-23
-20
-17
23
-22
-29
10
19
-14
7
-4
17
29
13
24
5
-21
-2
14
2
16
27
6
-7
24
28
6
27
8
7
-20
-16
-12
15
9
5
28
12
-16
-32
-5
-29
-16
2
7
26
8
-28
22
-23
19
-30
-14
-17
-23
-21
-29
-22
15
-24
-6
15
-2
-30
-16
12
-23
19
-9
-16
-8
13
-11
-18
8
31
-25
10
-26
27
15
0 26 9
0 42 5
0 49 -31
0 63 4
0 74 -31
0 77 -19
1 2 8
1 4 26
1 19 -13
1 21 7
1 26 -3
1 56 12
1 98 -13
2 6 -9
2 19 -12
2 34 -32
2 57 11
2 61 3
2 80 -23
2 92 7
2 94 26
3 21 4
3 30 15
3 35 3
3 45 28
3 51 -15
3 67 -19
3 85 -24
3 92 6
3 99 7
4 12 -23
4 17 7
4 29 11
4 30 -30
4 40 -4
4 73 -30
4 77 -3
4 85 -20
4 89 -16
5 8 -29
5 74 -18
5 85 -5
6 19 19
6 29 -14
6 54 -19
6 62 12
6 71 8
6 78 -27
7 39 4
7 52 -21
7 53 -9
7 54 14
7 75 -11
7 80 2
7 85 28
8 23 29
8 26 24
8 29 16
8 36 -24
8 52 -27
8 53 -9
8 91 -5
8 99 -29
9 36 -28
9 42 -20
9 47 -29
9 75 14
10 29 25
10 32 -8
10 67 -23
10 69 28
10 73 29
10 77 18
10 86 16
10 99 -14
11 30 -24
11 69 -6
11 71 29
11 96 -23
12 15 30
12 31 -26
12 35 28
12 41 3
12 46 28
12 58 -31
13 20 -15
13 22 -32
13 25 30
13 42 23
13 56 -26
13 68 -12
13 69 23
13 71 4
13 78 -8
13 91 19
13 95 2
14 26 -13
14 50 18
14 63 29
14 66 -10
14 86 -13
14 89 27
14 92 -14
14 93 -25
15 18 25
15 25 -5
15 56 -29
15 70 -16
15 81 -26
15 83 26
15 85 7
16 32 -12
16 39 19
16 80 -3
16 92 -28
16 95 -11
17 23 10
17 32 -31
17 44 27
17 45 -28
17 50 22
17 77 -25
17 78 30
17 85 -22
18 26 -19
18 36 -6
18 47 -16
18 51 -32
18 53 12
18 56 -21
18 66 -25
18 68 18
18 76 19
18 86 28
18 89 16
18 98 27
19 38 15
19 42 -4
19 44 -30
19 46 32
19 48 -9
19 52 3
19 60 -20
19 90 -27
19 98 -18
20 24 -22
20 31 31
20 33 11
20 47 21
20 54 4
20 56 19
20 57 5
20 67 -20
20 70 -15
20 87 -5
20 94 31
21 39 -14
21 44 31
21 61 28
21 62 26
21 76 -22
21 79 -15
21 96 24
22 28 8
22 79 -16
22 83 -4
22 85 -21
23 28 -28
23 34 -21
23 45 -32
23 65 -24
23 70 -18
23 81 -7
23 89 -9
24 45 16
24 63 -30
24 75 7
24 81 29
24 86 -21
24 87 14
24 88 10
24 90 23
24 97 -9
25 30 14
25 40 -18
25 44 -8
25 49 -26
25 52 12
25 76 -28
25 86 3
25 96 11
26 36 26
26 75 2
26 86 -31
26 95 -29
27 38 7
27 40 -29
27 57 -5
27 62 2
27 80 15
27 81 -29
27 86 7
28 51 -29
28 60 -7
28 83 5
29 42 -25
29 81 13
29 85 32
30 31 -9
30 42 -17
30 51 14
30 63 25
30 77 15
30 90 6
30 98 24
31 48 -3
31 63 12
31 64 -17
31 67 5
31 80 25
32 38 32
32 60 -7
32 64 -7
32 65 17
32 71 27
32 86 17
32 98 5
33 35 -28
33 41 -6
33 49 -23
33 70 -26
34 41 31
34 55 -18
34 60 25
34 63 -28
34 68 12
34 70 -6
34 84 16
34 85 -9
34 87 2
35 38 -17
35 40 26
35 46 -17
35 50 -31
35 53 -6
35 62 -23
35 63 15
35 84 32
35 89 30
36 49 14
36 53 -3
36 77 -25
36 78 -12
37 41 21
37 68 -5
37 82 25
38 76 -9
39 46 -6
39 59 -31
39 94 3
39 98 -22
40 82 -31
40 96 3
41 66 -30
41 72 29
42 45 22
42 65 -12
42 82 -14
42 84 -28
42 89 -14
42 91 -29
42 96 27
43 50 -3
43 74 -32
43 84 -31
43 95 27
43 97 -22
44 54 3
44 57 -28
44 64 9
44 72 -10
44 77 -28
44 96 -8
45 56 7
45 57 17
45 61 8
45 87 28
45 92 9
46 47 19
46 63 -10
46 74 3
46 80 19
46 85 -24
47 64 -32
47 73 11
47 89 -25
48 51 -22
48 53 -30
48 55 2
48 74 29
48 75 6
48 99 3
49 65 3
49 73 7
50 51 -7
50 52 -27
50 55 -15
50 73 12
50 84 -17
50 85 -9
50 94 -15
50 99 26
51 82 16
52 58 28
52 66 -21
52 76 -17
52 81 30
52 89 13
52 95 3
53 56 -30
53 61 9
53 71 -24
53 76 -28
53 91 16
53 93 -16
53 94 -7
54 60 2
54 72 -14
54 75 30
54 95 28
55 58 6
55 59 -25
55 71 -10
55 76 -10
55 83 20
55 87 -24
55 90 -27
56 63 -15
56 77 -3
56 79 -2
56 93 -21
57 59 -24
57 73 17
57 88 -28
57 96 25
58 73 -21
58 91 -4
59 68 -5
59 73 -2
60 61 32
60 68 -9
60 71 -20
60 87 -15
61 80 16
61 86 -28
62 66 6
62 74 -7
62 77 -15
62 83 -21
62 88 -5
63 64 17
63 66 17
64 77 -8
64 85 -16
64 88 -15
65 66 7
65 77 -21
66 78 -16
68 86 13
68 91 -14
68 93 -14
69 71 14
69 86 7
69 94 -16
70 75 -23
70 89 -24
70 91 -9
70 97 18
71 72 -7
71 73 -16
71 84 25
71 88 10
72 94 12
74 85 -10
75 85 -26
75 91 -11
76 78 -9
76 97 15
77 96 -26
78 90 -26
79 84 -6
80 84 23
80 88 -4
80 97 2
83 89 -15
84 99 -28
85 99 -13
88 91 -16
88 98 -12
91 94 21
91 97 -27
93 94 11
-1
-4149
