er_100_12_4
100
2
2
2
-3
2
-4
4
2
-3
2
3
2
-3
-3
2
-4
-2
-2
-2
-4
-3
-2
3
-2
3
2
-4
4
-3
-3
4
2
-3
4
-3
-2
-4
3
2
2
-3
4
4
3
4
4
3
3
4
-2
-2
2
-4
2
2
3
4
-3
-4
-4
-3
4
-2
-4
4
3
4
-4
2
-2
-4
3
-3
-3
2
-4
-4
3
-3
-2
-2
4
3
2
-2
2
-4
-4
2
3
-4
3
2
-4
-2
2
-3
3
-3
-2
0 26 -4
0 42 -4
0 49 2
0 54 3
0 63 2
0 74 3
0 75 -3
0 76 -4
0 77 4
0 97 3
1 2 3
1 4 2
1 19 -3
1 21 3
1 26 4
1 33 3
1 34 4
1 52 -3
1 56 -4
1 85 4
1 98 -2
2 4 -3
2 6 -3
2 19 3
2 34 -4
2 36 -4
2 57 4
2 61 4
2 80 -4
2 92 3
2 94 2
3 4 -3
3 20 -3
3 21 2
3 30 3
3 35 -3
3 45 -3
3 51 -3
3 67 3
3 85 3
3 92 -4
3 99 -3
4 12 4
4 17 -4
4 29 4
4 30 3
4 40 4
4 43 -3
4 58 4
4 70 -3
4 73 -2
4 75 -3
4 77 -3
4 80 4
4 85 -4
4 89 3
5 8 2
5 14 2
5 53 3
5 74 4
5 80 -2
5 85 -3
5 86 -4
6 19 4
6 29 -3
6 54 2
6 62 4
6 71 4
6 74 4
6 76 2
6 78 -4
7 20 2
7 39 -4
7 52 -2
7 53 -2
7 54 4
7 62 -4
7 66 2
7 75 -3
7 80 -2
7 85 4
8 23 4
8 25 -4
8 26 -4
8 29 -2
8 36 -2
8 37 4
8 52 -2
8 53 4
8 87 4
8 89 3
8 91 4
8 99 -4
9 36 -4
9 42 -4
9 47 3
9 75 2
10 29 4
10 32 -4
10 61 2
10 67 -4
10 69 -4
10 73 -2
10 74 2
10 77 2
10 82 -3
10 86 -2
10 99 -3
11 13 -2
11 30 -3
11 57 3
11 69 -3
11 71 3
11 78 3
11 96 4
12 13 3
12 15 -4
12 31 3
12 35 4
12 41 3
12 46 2
12 58 -4
12 87 -2
13 20 4
13 22 -4
13 25 -4
13 42 -3
13 56 -2
13 68 2
13 69 -2
13 71 3
13 72 4
13 78 4
13 91 4
13 95 -3
14 16 -3
14 26 -2
14 41 -4
14 48 -4
14 50 -3
14 63 -3
14 66 2
14 72 3
14 79 -3
14 86 -4
14 89 3
14 92 -4
14 93 -2
15 18 -2
15 19 2
15 25 3
15 30 2
15 32 -3
15 53 -4
15 56 3
15 58 3
15 64 -3
15 70 -2
15 81 4
15 83 3
15 85 -2
15 94 3
16 32 2
16 39 3
16 40 2
16 63 3
16 64 -4
16 80 2
16 87 -2
16 92 -3
16 95 -4
17 23 -4
17 32 2
17 34 -3
17 44 4
17 45 3
17 46 -4
17 50 2
17 77 -4
17 78 -3
17 79 2
17 85 4
17 87 -2
18 26 3
18 36 3
18 38 -4
18 40 2
18 47 -3
18 51 3
18 53 2
18 56 4
18 66 4
18 68 -3
18 73 -3
18 76 4
18 84 3
18 86 2
18 89 3
18 98 2
19 37 4
19 38 -4
19 39 -2
19 42 2
19 44 3
19 46 -3
19 48 2
19 52 -4
19 55 -4
19 60 -3
19 67 4
19 90 -2
19 98 -4
20 24 -2
20 25 4
20 31 -3
20 33 -3
20 47 3
20 54 -4
20 56 2
20 57 3
20 67 3
20 70 -2
20 79 -3
20 80 3
20 87 3
20 88 2
20 94 2
21 35 -3
21 39 2
21 44 -4
21 61 4
21 62 -3
21 76 4
21 79 3
21 94 2
21 96 4
22 28 3
22 37 -4
22 58 3
22 60 4
22 79 -3
22 83 -2
22 85 -4
23 28 -3
23 34 -2
23 45 4
23 47 2
23 65 4
23 67 2
23 70 -2
23 81 3
23 89 -3
24 45 -4
24 63 -2
24 73 3
24 75 -4
24 81 4
24 86 -4
24 87 3
24 88 2
24 90 -4
24 97 3
25 28 -3
25 30 -3
25 37 2
25 40 4
25 42 3
25 44 -2
25 49 -3
25 52 2
25 55 4
25 66 4
25 76 3
25 85 4
25 86 3
25 91 2
25 96 -4
25 98 2
26 36 3
26 75 -4
26 86 -4
26 95 -2
27 35 4
27 38 4
27 40 2
27 49 -4
27 57 -3
27 62 -3
27 70 3
27 80 -2
27 81 -4
27 86 -4
28 29 3
28 39 -2
28 51 3
28 54 3
28 60 3
28 63 -3
28 83 -4
28 99 2
29 39 3
29 42 4
29 48 -4
29 54 -3
29 63 -4
29 67 2
29 71 -2
29 81 3
29 85 -4
29 94 -4
30 31 4
30 42 -3
30 44 -3
30 51 -3
30 63 -2
30 75 -4
30 77 4
30 81 -2
30 90 -3
30 98 3
31 46 2
31 48 -4
31 63 2
31 64 2
31 67 2
31 77 -3
31 80 4
32 38 -4
32 42 -3
32 53 3
32 60 2
32 64 3
32 65 4
32 71 3
32 86 -3
32 98 3
33 35 2
33 39 2
33 41 -2
33 42 4
33 49 -3
33 65 -2
33 70 -3
33 87 3
34 37 3
34 41 -4
34 48 3
34 55 -4
34 60 3
34 63 2
34 68 4
34 70 4
34 84 -4
34 85 3
34 87 2
35 38 3
35 39 -4
35 40 -3
35 41 -2
35 46 -4
35 50 4
35 53 -3
35 54 2
35 58 3
35 62 2
35 63 4
35 67 -4
35 84 -3
35 89 2
35 91 2
36 49 -3
36 50 4
36 53 -4
36 59 -4
36 74 4
36 77 -3
36 78 -4
37 41 2
37 67 -2
37 68 2
37 82 4
38 40 3
38 66 2
38 67 -2
38 76 -3
39 46 -2
39 59 4
39 72 2
39 94 -2
39 98 -3
40 68 -2
40 69 -4
40 82 4
40 84 2
40 96 2
41 56 3
41 66 -2
41 72 -3
42 45 4
42 46 4
42 65 -2
42 67 3
42 79 -4
42 82 -4
42 84 2
42 89 4
42 91 2
42 96 3
43 48 -2
43 50 4
43 61 3
43 74 3
43 83 4
43 84 -3
43 86 -4
43 95 4
43 97 2
44 54 -4
44 57 -2
44 64 -3
44 72 -2
44 77 4
44 91 2
44 96 -2
45 56 -4
45 57 -3
45 61 3
45 87 -3
45 92 -4
45 98 -3
46 47 -2
46 57 -4
46 63 3
46 68 -4
46 74 -2
46 75 -4
46 80 4
46 85 3
47 64 -4
47 73 -4
47 76 -2
47 78 -3
47 84 3
47 89 -2
47 95 4
48 51 3
48 53 -4
48 55 -3
48 74 -3
48 75 -4
48 91 -4
48 99 -4
49 56 4
49 65 3
49 71 -3
49 73 -4
50 51 -4
50 52 -4
50 55 -4
50 73 4
50 82 4
50 84 -3
50 85 -4
50 90 2
50 94 -3
50 96 -2
50 99 3
51 63 -3
51 64 -2
51 78 -4
51 82 -4
52 56 -3
52 58 -2
52 59 2
52 66 -4
52 76 3
52 81 4
52 89 -4
52 93 -2
52 95 -3
53 56 -3
53 61 -2
53 71 -4
53 76 2
53 91 4
53 93 4
53 94 -4
54 60 -4
54 66 -4
54 67 2
54 71 3
54 72 3
54 75 -4
54 95 -4
55 58 -3
55 59 3
55 71 -4
55 76 3
55 83 -2
55 87 -2
55 90 4
55 91 3
56 63 3
56 77 3
56 79 3
56 81 -4
56 93 4
57 59 -3
57 63 -2
57 73 3
57 76 4
57 88 -4
57 95 -4
57 96 -4
57 97 3
58 73 -3
58 91 3
58 98 2
59 68 -2
59 70 -4
59 73 -2
59 83 2
60 61 -3
60 66 4
60 68 -4
60 71 -4
60 81 2
60 87 -4
61 80 2
61 81 -4
61 86 3
62 66 3
62 67 -2
62 74 4
62 77 3
62 83 4
62 88 -2
62 99 -4
63 64 -3
63 66 -4
63 73 4
63 76 -4
63 80 4
63 84 -3
63 89 -4
63 97 3
64 77 -4
64 85 2
64 88 4
64 99 -2
65 66 -3
65 77 -3
65 94 2
66 70 -2
66 78 -4
67 77 -4
68 86 4
68 91 2
68 93 4
69 71 2
69 76 4
69 84 -4
69 86 -3
69 90 -4
69 93 3
69 94 -2
70 75 -4
70 88 4
70 89 2
70 91 4
70 97 -2
71 72 -3
71 73 3
71 84 3
71 88 -4
72 94 3
73 76 -3
73 87 2
73 99 3
74 85 -2
75 85 3
75 91 -4
76 78 -2
76 93 -3
76 97 3
77 96 -2
78 90 -2
79 84 -4
79 85 -3
80 84 -4
80 88 4
80 94 -2
80 97 -4
82 93 -2
83 89 -2
83 95 3
84 99 -2
85 93 -2
85 99 -4
86 91 -2
88 91 -3
88 98 4
90 94 3
91 94 2
91 97 -4
93 94 -2
95 96 4
98 99 -2
-1
-883
