er_100_8_4
100
-3
-4
-4
4
-4
3
2
4
2
-3
-3
4
2
-3
-3
-4
-2
-2
-3
-4
-3
3
-4
3
2
-4
3
-4
3
3
2
3
-2
-2
-2
-3
3
3
2
4
2
4
-2
-2
-2
4
-3
4
-2
3
2
2
-2
4
-4
-3
-3
-3
-2
3
-2
2
3
4
-3
3
-3
3
-4
3
4
-2
-3
4
4
-2
2
-2
4
-3
-2
2
2
-2
-3
4
4
-2
-4
3
-2
2
-2
-2
2
-4
-2
-4
-3
4
0 26 2
0 42 2
0 49 -3
0 63 4
0 74 3
0 77 -2
1 2 3
1 4 4
1 19 3
1 21 -2
1 26 -2
1 56 -3
1 98 3
2 6 -3
2 19 -3
2 34 -4
2 57 -4
2 61 -4
2 80 3
2 92 2
2 94 3
3 21 -2
3 30 -3
3 35 -2
3 45 3
3 51 3
3 67 -4
3 85 -4
3 92 -3
3 99 4
4 12 -3
4 17 2
4 29 -4
4 30 2
4 40 -2
4 73 4
4 77 -2
4 85 -2
4 89 -4
5 8 3
5 74 -3
5 85 3
6 19 -4
6 29 -4
6 54 2
6 62 -4
6 71 4
6 78 4
7 39 2
7 52 2
7 53 -3
7 54 2
7 75 4
7 80 2
7 85 4
8 23 -3
8 26 -4
8 29 -3
8 36 2
8 52 -3
8 53 -4
8 91 -3
8 99 -4
9 36 2
9 42 3
9 47 2
9 75 2
10 29 -4
10 32 -4
10 67 -2
10 69 -4
10 73 -4
10 77 -4
10 86 2
10 99 4
11 30 3
11 69 -3
11 71 -4
11 96 3
12 15 3
12 31 -4
12 35 -2
12 41 -3
12 46 -3
12 58 -4
13 20 4
13 22 3
13 25 2
13 42 2
13 56 2
13 68 -4
13 69 4
13 71 -4
13 78 3
13 91 2
13 95 -3
14 26 -2
14 50 2
14 63 -3
14 66 3
14 86 2
14 89 3
14 92 2
14 93 -2
15 18 2
15 25 3
15 56 2
15 70 3
15 81 4
15 83 -3
15 85 -2
16 32 4
16 39 3
16 80 -2
16 92 -4
16 95 -3
17 23 3
17 32 -4
17 44 -3
17 45 4
17 50 -2
17 77 -2
17 78 4
17 85 4
18 26 -4
18 36 2
18 47 3
18 51 -4
18 53 3
18 56 3
18 66 -2
18 68 3
18 76 -2
18 86 4
18 89 -3
18 98 3
19 38 -4
19 42 -2
19 44 -2
19 46 -3
19 48 -3
19 52 4
19 60 3
19 90 -4
19 98 -3
20 24 2
20 31 -4
20 33 -3
20 47 3
20 54 -4
20 56 -3
20 57 3
20 67 4
20 70 -3
20 87 -3
20 94 2
21 39 2
21 44 -3
21 61 2
21 62 2
21 76 -4
21 79 2
21 96 -2
22 28 -2
22 79 -3
22 83 -3
22 85 3
23 28 -4
23 34 2
23 45 -2
23 65 3
23 70 -4
23 81 -2
23 89 2
24 45 3
24 63 -3
24 75 3
24 81 2
24 86 -2
24 87 -2
24 88 -4
24 90 -2
24 97 -3
25 30 3
25 40 -4
25 44 3
25 49 4
25 52 -2
25 76 2
25 86 3
25 96 4
26 36 -2
26 75 -4
26 86 -2
26 95 -4
27 38 2
27 40 4
27 57 -4
27 62 2
27 80 -3
27 81 4
27 86 2
28 51 -3
28 60 2
28 83 -3
29 42 -3
29 81 -3
29 85 4
30 31 3
30 42 2
30 51 -2
30 63 4
30 77 2
30 90 3
30 98 -3
31 48 -3
31 63 -4
31 64 -2
31 67 3
31 80 -4
32 38 -4
32 60 2
32 64 -3
32 65 4
32 71 -3
32 86 3
32 98 -2
33 35 3
33 41 -4
33 49 3
33 70 3
34 41 2
34 55 4
34 60 4
34 63 -2
34 68 2
34 70 -4
34 84 3
34 85 -4
34 87 -2
35 38 -4
35 40 3
35 46 3
35 50 2
35 53 2
35 62 -2
35 63 -4
35 84 -3
35 89 -2
36 49 -2
36 53 -3
36 77 -4
36 78 -4
37 41 4
37 68 4
37 82 3
38 76 4
39 46 3
39 59 -3
39 94 2
39 98 2
40 82 4
40 96 3
41 66 3
41 72 -4
42 45 4
42 65 2
42 82 -2
42 84 -2
42 89 -2
42 91 -4
42 96 -3
43 50 -3
43 74 -4
43 84 -3
43 95 4
43 97 -4
44 54 2
44 57 3
44 64 3
44 72 2
44 77 -3
44 96 2
45 56 -4
45 57 4
45 61 3
45 87 -3
45 92 4
46 47 2
46 63 -2
46 74 3
46 80 -3
46 85 -4
47 64 -4
47 73 -2
47 89 2
48 51 -2
48 53 2
48 55 -4
48 74 2
48 75 -2
48 99 -2
49 65 2
49 73 3
50 51 3
50 52 -2
50 55 -3
50 73 2
50 84 -4
50 85 3
50 94 2
50 99 -2
51 82 2
52 58 4
52 66 3
52 76 3
52 81 -4
52 89 -4
52 95 -2
53 56 -2
53 61 3
53 71 -4
53 76 -2
53 91 -2
53 93 -2
53 94 -2
54 60 -3
54 72 -2
54 75 -4
54 95 -4
55 58 3
55 59 2
55 71 -2
55 76 -4
55 83 -4
55 87 -3
55 90 2
56 63 -3
56 77 2
56 79 4
56 93 3
57 59 4
57 73 2
57 88 -2
57 96 -4
58 73 4
58 91 -2
59 68 -3
59 73 -2
60 61 -3
60 68 -2
60 71 2
60 87 2
61 80 3
61 86 2
62 66 2
62 74 4
62 77 4
62 83 -3
62 88 4
63 64 -3
63 66 2
64 77 3
64 85 -3
64 88 -3
65 66 -2
65 77 3
66 78 -2
68 86 -3
68 91 -4
68 93 3
69 71 3
69 86 3
69 94 2
70 75 -4
70 89 2
70 91 -4
70 97 -2
71 72 4
71 73 2
71 84 3
71 88 3
72 94 -4
74 85 -2
75 85 -2
75 91 2
76 78 -4
76 97 3
77 96 -2
78 90 -2
79 84 3
80 84 -3
80 88 3
80 97 -3
83 89 -2
84 99 -4
85 99 -2
88 91 4
88 98 3
91 94 -2
91 97 4
93 94 4
-1
-696
