er_100_8_8
100
3
8
-6
6
3
4
-6
-6
-7
-4
7
-6
-6
6
-7
-3
2
6
6
2
2
-7
-3
5
-6
-5
6
2
6
5
4
7
5
4
6
-6
5
2
4
7
2
5
-3
-2
-5
-2
-6
5
-5
-3
4
-8
7
-2
4
-8
-6
-4
-4
3
-5
6
-3
-8
-7
-4
6
-6
2
-6
2
-8
-4
2
-5
-5
7
-8
5
-2
-7
6
8
2
-2
4
-2
-6
5
2
-3
3
-8
-6
-4
-3
-2
7
8
7
0 26 4
0 42 6
0 49 -6
0 63 2
0 74 -4
0 77 8
1 2 8
1 4 5
1 19 -2
1 21 -3
1 26 4
1 56 -5
1 98 6
2 6 -3
2 19 8
2 34 7
2 57 6
2 61 6
2 80 -2
2 92 3
2 94 -5
3 21 -6
3 30 -5
3 35 -5
3 45 6
3 51 2
3 67 8
3 85 5
3 92 3
3 99 3
4 12 -4
4 17 3
4 29 -5
4 30 8
4 40 -8
4 73 -3
4 77 -4
4 85 3
4 89 -4
5 8 3
5 74 8
5 85 5
6 19 6
6 29 -4
6 54 -4
6 62 4
6 71 -4
6 78 -4
7 39 -3
7 52 3
7 53 -7
7 54 3
7 75 -5
7 80 5
7 85 3
8 23 -8
8 26 -6
8 29 -2
8 36 8
8 52 -6
8 53 5
8 91 -6
8 99 -8
9 36 -3
9 42 -7
9 47 2
9 75 -3
10 29 -2
10 32 2
10 67 5
10 69 -2
10 73 -8
10 77 5
10 86 7
10 99 2
11 30 2
11 69 7
11 71 6
11 96 7
12 15 6
12 31 2
12 35 5
12 41 2
12 46 -6
12 58 -6
13 20 -8
13 22 8
13 25 -5
13 42 -5
13 56 -8
13 68 2
13 69 3
13 71 -3
13 78 -4
13 91 -2
13 95 4
14 26 6
14 50 2
14 63 -7
14 66 8
14 86 7
14 89 -6
14 92 -8
14 93 -2
15 18 6
15 25 3
15 56 3
15 70 -5
15 81 -6
15 83 4
15 85 6
16 32 -6
16 39 2
16 80 -4
16 92 -7
16 95 -2
17 23 -8
17 32 4
17 44 4
17 45 -3
17 50 6
17 77 -2
17 78 5
17 85 5
18 26 -8
18 36 8
18 47 -4
18 51 -6
18 53 6
18 56 5
18 66 -3
18 68 3
18 76 -8
18 86 2
18 89 -3
18 98 5
19 38 -5
19 42 -7
19 44 -5
19 46 -7
19 48 -2
19 52 4
19 60 -7
19 90 -6
19 98 7
20 24 -7
20 31 -2
20 33 -3
20 47 8
20 54 4
20 56 6
20 57 -5
20 67 4
20 70 -2
20 87 -6
20 94 -3
21 39 7
21 44 -3
21 61 -5
21 62 -8
21 76 -4
21 79 -8
21 96 8
22 28 -2
22 79 6
22 83 -6
22 85 5
23 28 -6
23 34 5
23 45 8
23 65 -7
23 70 4
23 81 -8
23 89 -8
24 45 8
24 63 6
24 75 -3
24 81 3
24 86 7
24 87 -7
24 88 -2
24 90 -3
24 97 7
25 30 8
25 40 8
25 44 2
25 49 -7
25 52 -7
25 76 -2
25 86 -5
25 96 6
26 36 -2
26 75 -2
26 86 -6
26 95 -6
27 38 -3
27 40 -7
27 57 -8
27 62 -2
27 80 -4
27 81 8
27 86 -3
28 51 -8
28 60 -5
28 83 -3
29 42 2
29 81 -5
29 85 2
30 31 7
30 42 -4
30 51 -4
30 63 6
30 77 4
30 90 2
30 98 3
31 48 7
31 63 2
31 64 -2
31 67 -3
31 80 -6
32 38 -2
32 60 7
32 64 8
32 65 -6
32 71 -5
32 86 -8
32 98 7
33 35 -3
33 41 5
33 49 -7
33 70 -4
34 41 8
34 55 -7
34 60 2
34 63 2
34 68 2
34 70 4
34 84 3
34 85 6
34 87 -2
35 38 -8
35 40 6
35 46 5
35 50 5
35 53 4
35 62 -5
35 63 3
35 84 -2
35 89 3
36 49 3
36 53 3
36 77 -8
36 78 -4
37 41 4
37 68 8
37 82 4
38 76 5
39 46 3
39 59 5
39 94 3
39 98 5
40 82 4
40 96 -6
41 66 -7
41 72 -4
42 45 -6
42 65 -6
42 82 -6
42 84 -6
42 89 -4
42 91 -4
42 96 2
43 50 -7
43 74 8
43 84 8
43 95 4
43 97 7
44 54 3
44 57 2
44 64 4
44 72 -2
44 77 7
44 96 7
45 56 -7
45 57 -6
45 61 -6
45 87 -4
45 92 -2
46 47 3
46 63 -3
46 74 -6
46 80 -7
46 85 -3
47 64 -6
47 73 4
47 89 -5
48 51 -5
48 53 2
48 55 6
48 74 5
48 75 -3
48 99 -6
49 65 6
49 73 7
50 51 5
50 52 -6
50 55 -6
50 73 -7
50 84 -7
50 85 -4
50 94 2
50 99 8
51 82 -6
52 58 6
52 66 -6
52 76 -6
52 81 5
52 89 -4
52 95 -5
53 56 2
53 61 4
53 71 -3
53 76 -3
53 91 -7
53 93 -5
53 94 3
54 60 -6
54 72 6
54 75 -3
54 95 7
55 58 -3
55 59 -4
55 71 8
55 76 -6
55 83 3
55 87 -2
55 90 -7
56 63 3
56 77 -4
56 79 3
56 93 2
57 59 -8
57 73 6
57 88 -2
57 96 6
58 73 -2
58 91 -4
59 68 7
59 73 -3
60 61 -8
60 68 -7
60 71 2
60 87 5
61 80 3
61 86 -2
62 66 -5
62 74 4
62 77 6
62 83 -7
62 88 7
63 64 -6
63 66 -4
64 77 7
64 85 -2
64 88 6
65 66 7
65 77 5
66 78 7
68 86 3
68 91 4
68 93 4
69 71 7
69 86 3
69 94 7
70 75 -8
70 89 -5
70 91 2
70 97 7
71 72 -2
71 73 5
71 84 -6
71 88 8
72 94 4
74 85 3
75 85 7
75 91 -8
76 78 3
76 97 -7
77 96 3
78 90 4
79 84 8
80 84 7
80 88 2
80 97 -8
83 89 -4
84 99 -3
85 99 2
88 91 5
88 98 5
91 94 6
91 97 -4
93 94 -8
-1
-1170
