er_100_6_32
100
25
-7
6
-17
-3
-18
3
16
-5
-6
3
18
-17
31
-23
28
-14
18
-32
-31
-14
-7
-9
9
-32
27
-2
-15
32
-13
15
-10
9
-11
-5
-5
13
4
-14
-26
13
-26
-9
7
16
17
15
-4
-32
23
-12
-9
8
-24
-11
-25
-22
-28
2
11
12
-23
-32
31
10
-2
-25
12
-20
-32
-24
-2
15
-14
20
-5
-17
-5
20
6
25
24
28
-24
32
21
18
-6
-26
-25
-30
-3
-21
17
12
-24
26
-9
-10
-23
0 26 29
0 42 -28
0 49 23
0 63 -29
0 74 3
0 77 -23
1 2 -32
1 4 27
1 21 -3
1 56 12
2 19 20
2 57 3
2 61 -24
2 80 6
2 94 23
3 21 -19
3 35 8
3 45 25
3 85 -8
3 99 -19
4 12 21
4 17 14
4 29 5
4 30 -9
4 40 6
4 77 24
4 85 25
5 8 7
5 85 -9
6 19 31
6 29 11
6 54 -18
6 71 13
6 78 -29
7 52 9
7 54 11
7 75 30
7 80 -29
7 85 -3
8 23 -26
8 26 -8
8 29 -17
8 36 28
8 52 7
8 91 -22
9 36 -16
9 42 -4
9 47 13
9 75 19
10 29 -10
10 32 5
10 67 -15
10 69 2
10 73 -25
10 77 28
10 86 10
10 99 20
11 30 26
11 71 29
11 96 -22
12 15 7
12 35 -18
12 41 -20
12 46 26
12 58 12
13 22 15
13 42 -24
13 56 15
13 68 5
13 69 -17
13 71 -6
13 78 19
13 95 12
14 26 8
14 50 13
14 63 -24
14 66 -21
14 86 29
14 89 -11
14 92 16
14 93 3
15 25 -31
15 56 25
15 70 -9
15 83 -22
15 85 -26
16 32 25
16 39 28
16 95 13
17 32 14
17 44 -7
17 45 8
17 50 24
18 26 12
18 36 20
18 47 -16
18 51 26
18 53 13
18 56 26
18 66 -10
18 68 -24
18 86 25
18 89 -16
19 38 -30
19 42 22
19 46 28
19 48 2
19 52 -3
19 98 -22
20 24 -28
20 31 28
20 33 23
20 47 20
20 54 -14
20 56 -28
20 57 24
20 67 27
20 70 -29
20 87 24
20 94 8
21 44 -20
21 61 6
21 62 25
21 76 -3
21 79 19
22 28 28
22 83 3
22 85 -8
23 28 30
23 45 -31
23 81 -16
23 89 -27
24 45 13
24 63 6
24 75 -4
24 86 17
24 87 6
24 88 32
24 90 -10
24 97 30
25 49 -7
25 52 21
25 76 -9
25 86 3
25 96 -16
26 36 23
26 75 25
26 86 6
26 95 -3
27 38 -20
27 40 -22
27 57 -6
27 62 11
27 80 -13
27 86 13
28 51 -4
28 60 -29
28 83 -19
29 42 -29
29 85 32
30 42 32
30 63 32
30 77 4
31 48 12
31 63 -29
31 80 18
32 38 -12
32 64 -5
32 65 14
32 71 -9
32 86 17
33 70 17
34 41 9
34 55 -10
34 60 -25
34 84 -26
34 87 7
35 38 -22
35 40 -5
35 46 -32
35 53 -14
35 62 -17
35 63 6
35 89 -13
36 53 -13
36 78 14
37 41 12
37 68 -4
37 82 -9
39 46 -17
39 59 17
39 94 9
39 98 13
40 82 -31
40 96 -26
41 66 -6
41 72 -14
42 84 -3
42 89 5
43 50 15
43 74 -24
43 84 -9
43 95 25
43 97 27
44 54 -15
44 57 -29
44 77 -15
44 96 7
45 56 17
45 57 32
45 61 -19
45 87 -19
45 92 -26
46 63 31
46 74 -9
46 80 -32
46 85 27
47 64 -17
47 73 -2
48 51 -3
48 53 28
48 55 7
48 74 -6
48 75 23
48 99 20
49 65 -15
49 73 15
50 51 12
50 52 15
50 73 17
50 84 6
50 85 17
50 99 7
51 82 -2
52 58 -11
52 81 -27
52 89 -30
52 95 30
53 56 -10
53 61 27
53 76 12
53 93 18
53 94 15
54 60 -2
54 75 16
55 58 -25
55 71 -8
55 76 -22
55 83 2
55 87 -18
55 90 -26
56 63 -32
56 77 -15
56 93 -24
57 59 24
57 73 24
57 96 -26
58 73 -26
58 91 -28
59 68 12
59 73 -3
60 61 -5
60 68 -9
60 71 27
60 87 -27
61 80 -7
61 86 5
62 74 4
62 77 -30
62 83 -15
62 88 -15
63 66 26
64 77 19
64 88 -30
65 66 24
65 77 -27
68 91 26
68 93 15
69 71 4
69 86 30
70 75 -27
70 91 -22
71 72 -20
71 73 -17
71 84 28
71 88 -24
74 85 -9
76 78 -24
76 97 2
77 96 12
79 84 6
80 84 -9
80 88 26
83 89 31
84 99 -15
85 99 14
88 91 -21
88 98 -25
91 94 -8
91 97 14
93 94 27
-1
-3833
