er_100_4_64
100
-11
-60
28
36
-42
-56
61
43
41
-15
3
41
-32
28
-49
-59
-49
-8
41
-61
-47
59
-10
18
56
-11
-8
-53
-11
-3
24
-34
29
-33
33
46
30
61
-15
-51
-9
-7
-33
-27
-23
-18
-17
-53
28
-27
-19
56
46
-56
-5
-27
-20
5
-14
2
-46
-32
-34
-52
55
41
-17
-35
-41
-50
-34
17
48
-35
-43
-34
-27
-13
-33
9
-15
-27
-17
40
-50
28
7
-51
45
57
-49
32
43
49
-3
-46
-6
-54
57
-6
0 26 -38
0 49 10
0 74 57
1 2 46
1 21 53
1 56 62
2 19 33
2 61 58
2 80 -15
3 21 45
3 99 -7
4 12 -5
4 29 -49
4 40 -18
4 85 17
5 8 38
5 85 -35
6 19 7
6 71 63
6 78 19
7 52 25
7 54 -44
7 75 5
8 23 60
8 26 4
8 29 7
8 36 -41
8 52 -22
8 91 -10
9 36 53
9 47 -39
9 75 14
10 67 -39
10 69 43
10 73 9
10 77 -39
11 30 62
11 71 25
11 96 13
12 15 -44
12 35 -12
12 41 -47
12 46 29
12 58 31
13 22 17
13 42 -17
13 56 -33
13 68 8
13 69 50
13 78 11
13 95 -40
14 50 -23
14 63 -9
14 66 30
14 86 33
14 93 -63
15 56 22
15 83 -55
15 85 33
16 39 64
17 32 37
17 44 50
18 36 -19
18 51 -41
18 53 64
18 56 11
18 66 35
18 68 -6
18 86 2
19 42 51
19 46 -11
19 48 9
19 52 -24
20 24 -37
20 31 23
20 33 52
20 47 -18
20 54 -11
20 57 46
20 67 11
20 70 -63
20 87 28
21 44 31
21 61 -62
21 62 21
21 79 -28
22 28 -2
22 83 9
22 85 61
23 28 -44
23 45 -36
24 45 55
24 63 17
24 86 -57
24 87 53
24 88 -4
24 90 43
24 97 -20
25 49 -36
25 52 61
25 76 -21
25 86 63
26 36 55
26 75 -18
26 95 59
27 38 4
27 40 39
27 57 -19
27 62 54
27 80 13
28 51 -49
28 60 7
28 83 -11
29 42 18
29 85 -10
30 63 2
30 77 -45
31 48 -62
31 80 -38
32 38 -55
32 64 -49
32 65 31
32 71 7
33 70 25
34 55 6
34 60 26
34 84 -31
35 38 12
35 46 -56
35 62 -15
35 89 -11
36 53 -60
36 78 -35
37 41 -39
37 68 -27
37 82 31
39 46 13
39 94 27
39 98 -49
40 96 -46
41 66 -13
42 84 51
42 89 14
43 84 30
43 95 -23
43 97 -9
44 96 -21
45 56 26
45 61 -18
45 87 45
46 63 -39
46 74 -25
46 80 38
46 85 -15
47 64 35
47 73 -34
48 53 22
49 73 -4
50 73 -58
50 84 -57
52 58 -54
52 89 11
52 95 44
53 61 -47
53 76 -17
53 93 44
53 94 16
54 60 -19
54 75 -41
55 58 46
55 71 30
55 76 16
55 83 -12
55 90 51
56 63 -15
57 73 15
57 96 -63
58 73 62
59 68 18
60 61 -55
60 71 -37
60 87 -33
61 80 -3
61 86 22
62 74 23
62 83 44
62 88 -8
63 66 19
64 77 16
64 88 19
65 66 57
65 77 -62
68 91 30
68 93 17
69 71 2
70 75 14
71 72 52
71 73 -53
71 84 9
71 88 -27
76 78 -14
76 97 48
80 84 -58
80 88 19
83 89 -6
84 99 -4
88 98 15
91 97 -16
93 94 -21
-1
-5872
