er_100_8_16
100
15
14
-3
14
-3
13
5
2
11
-6
4
10
10
15
-9
6
-16
-12
7
7
-5
9
11
-15
13
-3
-12
-16
-5
13
11
15
14
-16
16
16
-10
-14
-10
14
-6
-13
-10
-12
15
8
-11
14
-13
-15
-11
4
12
14
11
-15
-12
4
3
5
-13
-13
10
-6
-15
-5
-10
12
11
-11
-3
-8
-8
-14
-16
9
9
13
3
15
5
9
-11
16
3
5
3
-12
14
13
10
-5
-3
-4
-4
-13
6
8
-13
-13
0 26 12
0 42 5
0 49 11
0 63 -11
0 74 16
0 77 4
1 2 -3
1 4 5
1 19 10
1 21 8
1 26 -14
1 56 8
1 98 7
2 6 7
2 19 2
2 34 11
2 57 5
2 61 -4
2 80 -11
2 92 16
2 94 13
3 21 -9
3 30 -8
3 35 6
3 45 10
3 51 15
3 67 -9
3 85 2
3 92 -13
3 99 -15
4 12 -5
4 17 4
4 29 9
4 30 9
4 40 10
4 73 -15
4 77 11
4 85 -12
4 89 -16
5 8 -9
5 74 -6
5 85 3
6 19 -10
6 29 -9
6 54 -3
6 62 10
6 71 -9
6 78 14
7 39 -16
7 52 -8
7 53 15
7 54 12
7 75 8
7 80 -6
7 85 -16
8 23 11
8 26 7
8 29 3
8 36 -16
8 52 -11
8 53 6
8 91 -12
8 99 -6
9 36 12
9 42 -11
9 47 7
9 75 6
10 29 -4
10 32 -8
10 67 14
10 69 -9
10 73 16
10 77 9
10 86 -7
10 99 -5
11 30 -4
11 69 -7
11 71 -3
11 96 -2
12 15 -4
12 31 9
12 35 12
12 41 15
12 46 10
12 58 -9
13 20 -11
13 22 -4
13 25 -16
13 42 10
13 56 12
13 68 -4
13 69 -15
13 71 -3
13 78 5
13 91 -12
13 95 -11
14 26 -9
14 50 -14
14 63 -12
14 66 -12
14 86 13
14 89 5
14 92 -3
14 93 -15
15 18 -5
15 25 -13
15 56 9
15 70 5
15 81 -8
15 83 -12
15 85 -3
16 32 -10
16 39 8
16 80 16
16 92 -12
16 95 10
17 23 -8
17 32 12
17 44 11
17 45 -2
17 50 -5
17 77 16
17 78 16
17 85 13
18 26 10
18 36 13
18 47 -16
18 51 -10
18 53 -14
18 56 -14
18 66 2
18 68 -5
18 76 -3
18 86 -9
18 89 7
18 98 -9
19 38 6
19 42 4
19 44 15
19 46 14
19 48 -6
19 52 -14
19 60 -5
19 90 15
19 98 5
20 24 -2
20 31 -10
20 33 7
20 47 7
20 54 13
20 56 7
20 57 15
20 67 13
20 70 12
20 87 10
20 94 -9
21 39 -11
21 44 -7
21 61 15
21 62 15
21 76 8
21 79 -5
21 96 6
22 28 -9
22 79 -9
22 83 13
22 85 -5
23 28 -8
23 34 5
23 45 4
23 65 4
23 70 -5
23 81 11
23 89 6
24 45 6
24 63 11
24 75 3
24 81 -13
24 86 -15
24 87 -10
24 88 11
24 90 8
24 97 -15
25 30 -11
25 40 9
25 44 -8
25 49 2
25 52 10
25 76 -2
25 86 -15
25 96 -10
26 36 16
26 75 -16
26 86 -4
26 95 -4
27 38 -9
27 40 -9
27 57 -4
27 62 -2
27 80 7
27 81 -16
27 86 -8
28 51 -14
28 60 11
28 83 -5
29 42 9
29 81 -13
29 85 7
30 31 -5
30 42 -5
30 51 -11
30 63 2
30 77 6
30 90 -5
30 98 5
31 48 6
31 63 8
31 64 13
31 67 -10
31 80 9
32 38 -15
32 60 6
32 64 -3
32 65 11
32 71 16
32 86 13
32 98 15
33 35 7
33 41 -9
33 49 6
33 70 7
34 41 -13
34 55 13
34 60 7
34 63 -10
34 68 -15
34 70 11
34 84 12
34 85 -9
34 87 15
35 38 9
35 40 -6
35 46 -4
35 50 -10
35 53 -15
35 62 16
35 63 13
35 84 8
35 89 14
36 49 3
36 53 -2
36 77 -2
36 78 -3
37 41 7
37 68 -11
37 82 2
38 76 13
39 46 -10
39 59 -14
39 94 -11
39 98 5
40 82 11
40 96 -6
41 66 10
41 72 -5
42 45 8
42 65 -5
42 82 6
42 84 9
42 89 3
42 91 -2
42 96 -11
43 50 11
43 74 -11
43 84 13
43 95 -15
43 97 10
44 54 7
44 57 16
44 64 11
44 72 2
44 77 -13
44 96 6
45 56 14
45 57 10
45 61 15
45 87 16
45 92 -3
46 47 -9
46 63 2
46 74 7
46 80 -8
46 85 -11
47 64 11
47 73 2
47 89 13
48 51 11
48 53 10
48 55 -14
48 74 -3
48 75 -11
48 99 4
49 65 12
49 73 -5
50 51 -12
50 52 -10
50 55 -14
50 73 7
50 84 8
50 85 -6
50 94 5
50 99 -10
51 82 -12
52 58 -9
52 66 10
52 76 -13
52 81 -6
52 89 3
52 95 12
53 56 -2
53 61 -11
53 71 -14
53 76 7
53 91 -16
53 93 9
53 94 -15
54 60 -14
54 72 -9
54 75 2
54 95 -11
55 58 -6
55 59 9
55 71 2
55 76 15
55 83 16
55 87 2
55 90 5
56 63 -16
56 77 -15
56 79 -9
56 93 3
57 59 16
57 73 2
57 88 8
57 96 4
58 73 9
58 91 -7
59 68 -12
59 73 14
60 61 2
60 68 16
60 71 12
60 87 2
61 80 -11
61 86 9
62 66 -5
62 74 15
62 77 -10
62 83 -2
62 88 2
63 64 -10
63 66 8
64 77 -10
64 85 -15
64 88 -5
65 66 10
65 77 -8
66 78 4
68 86 10
68 91 -12
68 93 11
69 71 13
69 86 11
69 94 -5
70 75 -13
70 89 11
70 91 6
70 97 -12
71 72 13
71 73 -15
71 84 -4
71 88 -4
72 94 -8
74 85 -4
75 85 11
75 91 -13
76 78 -4
76 97 10
77 96 5
78 90 15
79 84 -16
80 84 15
80 88 -3
80 97 2
83 89 -2
84 99 15
85 99 -13
88 91 -11
88 98 -12
91 94 -16
91 97 -2
93 94 6
-1
-2366
