er_100_6_8
100
4
-3
6
-8
2
-6
-3
3
-6
7
4
5
-2
-6
-6
3
2
-2
-6
2
-6
5
2
4
2
-7
2
6
4
2
-4
-8
-5
-5
-6
-2
-2
8
-4
-2
7
5
5
-5
3
7
-7
-7
-6
8
-5
-6
-8
3
-8
-3
-2
-3
-4
-5
8
8
-7
8
4
8
-2
-2
-7
-4
-5
2
5
6
-2
-3
-7
7
6
-4
3
3
5
-8
3
-8
-6
4
4
5
-8
-2
6
-3
-6
-6
-2
3
6
-6
0 26 -3
0 42 -8
0 49 8
0 63 6
0 74 -3
0 77 4
1 2 7
1 4 3
1 21 -6
1 56 8
2 19 5
2 57 7
2 61 -4
2 80 -4
2 94 -2
3 21 -6
3 35 -6
3 45 3
3 85 -4
3 99 -5
4 12 -3
4 17 -5
4 29 8
4 30 -2
4 40 2
4 77 -4
4 85 -2
5 8 -8
5 85 -5
6 19 6
6 29 2
6 54 -2
6 71 -4
6 78 -2
7 52 -6
7 54 -6
7 75 3
7 80 2
7 85 -4
8 23 -4
8 26 8
8 29 2
8 36 -8
8 52 4
8 91 3
9 36 -8
9 42 -5
9 47 -3
9 75 2
10 29 -4
10 32 -4
10 67 -8
10 69 -7
10 73 -4
10 77 3
10 86 -4
10 99 7
11 30 -8
11 71 8
11 96 -3
12 15 6
12 35 2
12 41 3
12 46 -5
12 58 -5
13 22 6
13 42 4
13 56 5
13 68 5
13 69 5
13 71 4
13 78 -4
13 95 8
14 26 -7
14 50 6
14 63 3
14 66 -8
14 86 -4
14 89 4
14 92 6
14 93 -3
15 25 7
15 56 -6
15 70 -7
15 83 6
15 85 -8
16 32 -7
16 39 3
16 95 7
17 32 -4
17 44 4
17 45 8
17 50 -6
18 26 2
18 36 8
18 47 -4
18 51 -5
18 53 8
18 56 -4
18 66 -6
18 68 7
18 86 -6
18 89 -6
19 38 3
19 42 -3
19 46 -2
19 48 4
19 52 -3
19 98 -2
20 24 4
20 31 6
20 33 -3
20 47 -2
20 54 4
20 56 7
20 57 8
20 67 8
20 70 -2
20 87 8
20 94 6
21 44 -6
21 61 -7
21 62 -8
21 76 2
21 79 -8
22 28 6
22 83 2
22 85 -6
23 28 7
23 45 2
23 81 -6
23 89 -2
24 45 -6
24 63 -6
24 75 -2
24 86 -4
24 87 -4
24 88 3
24 90 -3
24 97 5
25 49 -4
25 52 -5
25 76 -6
25 86 -5
25 96 -3
26 36 -2
26 75 8
26 86 7
26 95 3
27 38 2
27 40 -7
27 57 -8
27 62 5
27 80 2
27 86 4
28 51 5
28 60 -2
28 83 -5
29 42 -2
29 85 -7
30 42 4
30 63 4
30 77 -2
31 48 -3
31 63 6
31 80 -5
32 38 7
32 64 7
32 65 5
32 71 3
32 86 4
33 70 4
34 41 7
34 55 -5
34 60 -5
34 84 -8
34 87 -5
35 38 -5
35 40 2
35 46 -7
35 53 -3
35 62 -7
35 63 7
35 89 -5
36 53 7
36 78 -5
37 41 -6
37 68 8
37 82 4
39 46 -7
39 59 -4
39 94 2
39 98 5
40 82 -7
40 96 -2
41 66 -3
41 72 -6
42 84 -8
42 89 -6
43 50 2
43 74 -3
43 84 -3
43 95 7
43 97 6
44 54 -8
44 57 8
44 77 3
44 96 -3
45 56 7
45 57 2
45 61 7
45 87 4
45 92 5
46 63 -2
46 74 7
46 80 4
46 85 3
47 64 -3
47 73 -3
48 51 7
48 53 -2
48 55 4
48 74 -2
48 75 4
48 99 -5
49 65 -8
49 73 -4
50 51 4
50 52 -2
50 73 2
50 84 -6
50 85 8
50 99 -6
51 82 -8
52 58 -2
52 81 -8
52 89 -4
52 95 -6
53 56 -4
53 61 5
53 76 -5
53 93 -8
53 94 -8
54 60 4
54 75 3
55 58 -4
55 71 -5
55 76 6
55 83 -6
55 87 -4
55 90 2
56 63 8
56 77 5
56 93 -6
57 59 -2
57 73 -5
57 96 -2
58 73 -7
58 91 5
59 68 8
59 73 -5
60 61 -4
60 68 -7
60 71 -8
60 87 3
61 80 -4
61 86 7
62 74 2
62 77 -4
62 83 -7
62 88 7
63 66 -3
64 77 7
64 88 -8
65 66 -6
65 77 3
68 91 -3
68 93 -7
69 71 -7
69 86 2
70 75 8
70 91 5
71 72 2
71 73 4
71 84 -4
71 88 2
74 85 -8
76 78 2
76 97 -2
77 96 3
79 84 8
80 84 8
80 88 3
83 89 3
84 99 7
85 99 6
88 91 5
88 98 4
91 94 -3
91 97 2
93 94 -4
-1
-1031
