er_100_8_64
100
60
-26
-11
-9
11
-51
2
-22
-11
-60
-61
23
-18
-32
-36
-41
52
16
29
-20
-13
-23
-11
48
-21
-57
64
5
-17
34
12
-44
-10
-15
-64
-64
57
-15
-21
-54
64
-11
11
-11
-29
36
47
-60
-18
64
-64
-51
-6
-55
61
23
44
-56
-14
6
-46
-40
39
45
22
-25
-16
-8
-2
-12
-26
6
36
-61
36
53
13
-4
57
24
64
22
-5
5
-21
49
-57
-55
61
-60
-25
-53
25
36
-19
-2
-30
-21
-41
-28
0 26 -46
0 42 23
0 49 -60
0 63 -17
0 74 -42
0 77 30
1 2 10
1 4 29
1 19 -25
1 21 12
1 26 -62
1 56 -42
1 98 -47
2 6 40
2 19 -31
2 34 -47
2 57 -4
2 61 45
2 80 -42
2 92 17
2 94 -47
3 21 -24
3 30 59
3 35 20
3 45 -41
3 51 -59
3 67 45
3 85 62
3 92 -31
3 99 25
4 12 -27
4 17 -35
4 29 4
4 30 -6
4 40 -42
4 73 11
4 77 8
4 85 -37
4 89 -27
5 8 -2
5 74 -64
5 85 -27
6 19 27
6 29 -12
6 54 40
6 62 -60
6 71 12
6 78 -6
7 39 50
7 52 -28
7 53 -21
7 54 35
7 75 9
7 80 -47
7 85 54
8 23 -8
8 26 -31
8 29 -34
8 36 21
8 52 55
8 53 37
8 91 -8
8 99 -9
9 36 23
9 42 2
9 47 11
9 75 -40
10 29 -28
10 32 -10
10 67 23
10 69 -8
10 73 59
10 77 2
10 86 -10
10 99 54
11 30 -54
11 69 -59
11 71 15
11 96 13
12 15 25
12 31 15
12 35 -8
12 41 -9
12 46 32
12 58 2
13 20 -38
13 22 19
13 25 -18
13 42 2
13 56 -45
13 68 -33
13 69 6
13 71 30
13 78 53
13 91 -37
13 95 -3
14 26 -13
14 50 -3
14 63 63
14 66 -40
14 86 -27
14 89 -11
14 92 39
14 93 30
15 18 -41
15 25 23
15 56 -17
15 70 -52
15 81 -17
15 83 -51
15 85 -64
16 32 -5
16 39 -18
16 80 38
16 92 -16
16 95 56
17 23 -34
17 32 -27
17 44 -53
17 45 39
17 50 54
17 77 61
17 78 -48
17 85 30
18 26 51
18 36 40
18 47 -47
18 51 14
18 53 -3
18 56 -35
18 66 -5
18 68 56
18 76 38
18 86 -26
18 89 4
18 98 62
19 38 -12
19 42 59
19 44 -47
19 46 28
19 48 22
19 52 31
19 60 58
19 90 -32
19 98 -26
20 24 -54
20 31 42
20 33 -57
20 47 -57
20 54 -7
20 56 -18
20 57 -31
20 67 -31
20 70 46
20 87 -12
20 94 -35
21 39 33
21 44 -13
21 61 23
21 62 23
21 76 -10
21 79 42
21 96 -50
22 28 43
22 79 27
22 83 49
22 85 4
23 28 -33
23 34 10
23 45 -56
23 65 29
23 70 -37
23 81 39
23 89 -20
24 45 -45
24 63 59
24 75 -38
24 81 16
24 86 50
24 87 -36
24 88 15
24 90 -39
24 97 -59
25 30 7
25 40 34
25 44 -7
25 49 -36
25 52 19
25 76 32
25 86 12
25 96 -36
26 36 -17
26 75 -54
26 86 -44
26 95 -16
27 38 -18
27 40 -47
27 57 -44
27 62 10
27 80 -19
27 81 45
27 86 -3
28 51 49
28 60 -45
28 83 54
29 42 44
29 81 -10
29 85 -46
30 31 38
30 42 -60
30 51 -4
30 63 33
30 77 -39
30 90 -35
30 98 -29
31 48 33
31 63 -57
31 64 52
31 67 -16
31 80 -13
32 38 -11
32 60 34
32 64 -29
32 65 19
32 71 50
32 86 20
32 98 -23
33 35 2
33 41 -17
33 49 23
33 70 -54
34 41 56
34 55 37
34 60 7
34 63 -63
34 68 33
34 70 63
34 84 -19
34 85 46
34 87 45
35 38 -10
35 40 -15
35 46 -27
35 50 -63
35 53 23
35 62 -10
35 63 -18
35 84 -49
35 89 61
36 49 39
36 53 12
36 77 42
36 78 -20
37 41 -20
37 68 34
37 82 -60
38 76 -61
39 46 -43
39 59 25
39 94 23
39 98 -61
40 82 -34
40 96 37
41 66 -63
41 72 41
42 45 57
42 65 12
42 82 6
42 84 -61
42 89 -17
42 91 -24
42 96 35
43 50 60
43 74 -3
43 84 45
43 95 -44
43 97 5
44 54 9
44 57 -61
44 64 -4
44 72 -33
44 77 -7
44 96 -5
45 56 -57
45 57 11
45 61 -34
45 87 -36
45 92 -54
46 47 -15
46 63 36
46 74 -5
46 80 -12
46 85 -6
47 64 -5
47 73 -8
47 89 62
48 51 37
48 53 -9
48 55 20
48 74 59
48 75 -62
48 99 55
49 65 49
49 73 34
50 51 58
50 52 -55
50 55 33
50 73 63
50 84 -11
50 85 62
50 94 34
50 99 -53
51 82 49
52 58 29
52 66 -56
52 76 21
52 81 42
52 89 -60
52 95 -20
53 56 -48
53 61 33
53 71 -11
53 76 61
53 91 23
53 93 -53
53 94 61
54 60 -32
54 72 -51
54 75 7
54 95 37
55 58 13
55 59 -49
55 71 2
55 76 7
55 83 -49
55 87 -44
55 90 -13
56 63 40
56 77 61
56 79 -54
56 93 -27
57 59 49
57 73 -35
57 88 -50
57 96 -62
58 73 -62
58 91 -24
59 68 -3
59 73 8
60 61 -34
60 68 47
60 71 42
60 87 60
61 80 -7
61 86 -25
62 66 -15
62 74 60
62 77 -52
62 83 -7
62 88 61
63 64 -47
63 66 -18
64 77 -43
64 85 48
64 88 -16
65 66 2
65 77 -6
66 78 17
68 86 15
68 91 -18
68 93 58
69 71 34
69 86 42
69 94 17
70 75 35
70 89 14
70 91 30
70 97 -41
71 72 -60
71 73 -18
71 84 -19
71 88 38
72 94 29
74 85 5
75 85 -24
75 91 37
76 78 -12
76 97 -10
77 96 52
78 90 -13
79 84 -41
80 84 -19
80 88 -11
80 97 -42
83 89 14
84 99 -10
85 99 -12
88 91 20
88 98 -29
91 94 50
91 97 16
93 94 -34
-1
-7821
