er_20_10_16
20
10
-7
16
14
-15
7
10
-4
-4
-11
-15
-15
3
7
-7
-13
-3
7
-14
-11
0 1 -14
0 2 11
0 3 7
0 5 9
0 7 8
0 8 16
0 10 -16
0 14 -8
0 19 10
1 2 4
1 3 11
1 5 11
1 6 9
1 8 13
1 10 9
1 13 -3
1 16 -14
1 17 6
1 18 15
2 4 10
2 7 12
2 11 8
2 13 15
2 14 9
2 16 -2
2 17 2
2 19 -9
3 4 8
3 5 -13
3 6 -3
3 7 -12
3 9 3
3 10 4
3 11 -9
3 12 4
3 14 8
4 7 -4
4 8 -5
4 9 -3
4 10 2
4 11 15
4 15 9
4 16 10
5 8 9
5 10 16
5 13 5
5 14 -14
5 15 9
5 16 7
5 17 5
5 18 5
5 19 -3
6 7 3
6 9 6
6 11 2
6 12 -13
6 15 -5
6 17 3
6 19 -3
7 8 5
7 9 -10
7 10 -3
7 11 -11
7 12 10
7 14 -8
7 18 15
7 19 -11
8 9 13
8 10 3
8 11 15
8 13 12
8 14 -14
8 15 4
8 16 -3
8 17 12
8 18 -9
8 19 13
9 10 2
9 12 11
9 13 3
10 12 12
10 14 8
10 15 -8
10 17 4
10 19 -3
11 13 -8
11 15 15
11 19 -13
12 13 11
12 15 14
12 19 7
13 18 -8
14 15 5
14 16 14
15 16 -9
15 18 -14
16 17 -4
16 19 -10
17 18 4
17 19 7
18 19 -4
-1
-499
