er_20_6_8
20
-4
-5
-4
-7
3
-4
-2
8
4
-3
-7
-8
-4
4
8
2
-5
-8
8
-7
0 2 8
0 3 3
0 5 -5
0 7 8
0 14 6
1 2 4
1 5 3
1 6 -8
1 8 -5
1 10 -3
1 13 -7
1 16 -2
2 4 2
2 7 -7
2 11 -3
2 13 -8
2 14 -8
2 16 7
2 19 -5
3 4 -6
3 5 5
3 7 -4
3 9 2
3 10 5
3 11 2
3 12 6
3 14 -6
4 7 -2
4 8 -5
4 9 6
4 10 6
4 11 2
4 15 7
5 8 7
5 14 -7
5 15 -6
5 16 -8
5 17 2
5 18 4
5 19 -6
6 7 3
6 9 5
6 15 -6
6 19 2
7 8 8
7 9 6
7 10 -3
7 11 8
7 12 7
7 14 3
7 18 -5
7 19 -6
8 11 2
8 13 8
8 15 6
8 16 -4
8 18 -3
9 10 -7
9 13 6
10 14 -8
10 15 -6
10 19 8
11 13 6
11 19 -8
12 15 -5
12 19 2
14 16 -6
15 16 5
15 18 -2
16 19 -5
17 18 3
-1
-239
