er_20_8_32
20
-19
6
16
-16
26
-14
10
13
2
-13
-10
12
-27
18
-23
-22
-3
11
8
-30
0 1 -19
0 2 31
0 3 26
0 5 -20
0 7 -17
0 8 5
0 14 -14
0 19 -11
1 2 3
1 3 -19
1 5 -15
1 6 28
1 8 -29
1 10 19
1 13 24
1 16 22
1 17 -6
1 18 -15
2 4 -32
2 7 -20
2 11 22
2 13 3
2 14 9
2 16 -23
2 19 -25
3 4 -30
3 5 22
3 7 -6
3 9 -7
3 10 -7
3 11 12
3 12 -18
3 14 -13
4 7 14
4 8 -23
4 9 14
4 10 14
4 11 -11
4 15 7
4 16 -4
5 8 -7
5 14 31
5 15 -14
5 16 -17
5 17 9
5 18 -18
5 19 -21
6 7 21
6 9 10
6 15 28
6 19 -27
7 8 -10
7 9 28
7 10 -12
7 11 -29
7 12 5
7 14 16
7 18 -6
7 19 19
8 9 28
8 10 -3
8 11 4
8 13 -27
8 15 4
8 16 23
8 17 23
8 18 -6
8 19 32
9 10 -21
9 13 18
10 12 25
10 14 24
10 15 32
10 17 11
10 19 9
11 13 -16
11 15 15
11 19 -4
12 13 -18
12 15 -31
12 19 25
14 15 19
14 16 -12
15 16 7
15 18 26
16 17 16
16 19 -22
17 18 -30
17 19 29
-1
-848
