er_20_10_32
20
-6
31
22
31
-9
-17
6
4
-32
-29
-17
-17
4
27
-25
17
29
-32
-20
12
0 1 20
0 2 12
0 3 19
0 5 -13
0 7 -2
0 8 -14
0 10 -8
0 14 -20
0 19 21
1 2 -16
1 3 21
1 5 25
1 6 -23
1 8 28
1 10 -20
1 13 -5
1 16 -21
1 17 -9
1 18 6
2 4 -14
2 7 -12
2 11 5
2 13 -32
2 14 -28
2 16 15
2 17 -19
2 19 -26
3 4 -4
3 5 -28
3 6 18
3 7 18
3 9 -30
3 10 20
3 11 18
3 12 -5
3 14 19
4 7 -30
4 8 19
4 9 -16
4 10 -7
4 11 25
4 15 7
4 16 17
5 8 22
5 10 -29
5 13 5
5 14 -20
5 15 31
5 16 21
5 17 -22
5 18 19
5 19 -24
6 7 10
6 9 -30
6 11 -29
6 12 -32
6 15 10
6 17 22
6 19 -16
7 8 -20
7 9 15
7 10 7
7 11 28
7 12 -22
7 14 -5
7 18 -2
7 19 12
8 9 -14
8 10 -19
8 11 -11
8 13 25
8 14 16
8 15 -17
8 16 -2
8 17 -22
8 18 -6
8 19 -15
9 10 25
9 12 -18
9 13 7
10 12 25
10 14 13
10 15 -9
10 17 -15
10 19 -19
11 13 -14
11 15 -20
11 19 8
12 13 -7
12 15 -13
12 19 12
13 18 26
14 15 32
14 16 17
15 16 29
15 18 -2
16 17 -28
16 19 14
17 18 -26
17 19 7
18 19 14
-1
-932
