er_20_12_16
20
-13
12
4
15
-7
-13
-5
3
10
-9
10
-12
-2
-13
15
-13
-12
-16
10
12
0 1 -15
0 2 -7
0 3 -2
0 5 -15
0 7 -11
0 8 -7
0 10 -11
0 14 13
0 17 10
0 19 15
1 2 -2
1 3 -10
1 4 16
1 5 -11
1 6 15
1 7 12
1 8 14
1 10 -8
1 13 6
1 15 6
1 16 -4
1 17 -2
1 18 -2
2 4 -12
2 7 15
2 9 9
2 11 8
2 13 -9
2 14 -15
2 16 -4
2 17 14
2 19 9
3 4 -4
3 5 2
3 6 11
3 7 -2
3 9 10
3 10 4
3 11 -7
3 12 -11
3 14 10
3 18 -10
4 7 6
4 8 4
4 9 -3
4 10 -12
4 11 -6
4 13 8
4 15 -15
4 16 -13
5 8 8
5 10 9
5 13 -13
5 14 -10
5 15 -6
5 16 8
5 17 -12
5 18 3
5 19 12
6 7 8
6 9 6
6 11 13
6 12 -9
6 15 -6
6 17 -10
6 19 -4
7 8 -11
7 9 -16
7 10 4
7 11 -5
7 12 6
7 14 -9
7 18 12
7 19 3
8 9 -7
8 10 15
8 11 -10
8 13 9
8 14 -9
8 15 -4
8 16 -7
8 17 -13
8 18 -15
8 19 -8
9 10 -6
9 12 16
9 13 9
10 12 -10
10 14 9
10 15 6
10 17 -14
10 19 12
11 13 13
11 15 3
11 18 -8
11 19 -15
12 13 15
12 15 6
12 18 -3
12 19 6
13 18 14
14 15 -8
14 16 -11
14 19 11
15 16 10
15 18 -16
16 17 10
16 19 12
17 18 -9
17 19 -14
18 19 -2
-1
-479
