er_20_8_8
20
5
8
7
7
8
-6
2
-8
-5
3
2
-2
3
8
4
-5
7
-2
5
5
0 1 7
0 2 6
0 3 5
0 5 6
0 7 -6
0 8 -3
0 14 6
0 19 6
1 2 8
1 3 5
1 5 -3
1 6 -3
1 8 8
1 10 5
1 13 -6
1 16 -4
1 17 -4
1 18 -7
2 4 -6
2 7 4
2 11 6
2 13 -2
2 14 8
2 16 -6
2 19 4
3 4 8
3 5 -2
3 7 -3
3 9 -7
3 10 -6
3 11 -5
3 12 7
3 14 -3
4 7 7
4 8 -4
4 9 -4
4 10 6
4 11 7
4 15 -5
4 16 -5
5 8 2
5 14 -8
5 15 4
5 16 -8
5 17 -7
5 18 -6
5 19 6
6 7 6
6 9 5
6 15 -6
6 19 -5
7 8 -7
7 9 4
7 10 -8
7 11 -2
7 12 -2
7 14 -8
7 18 -6
7 19 3
8 9 8
8 10 -2
8 11 -5
8 13 -7
8 15 6
8 16 -3
8 17 3
8 18 3
8 19 8
9 10 -6
9 13 -2
10 12 -3
10 14 8
10 15 -3
10 17 3
10 19 -3
11 13 -6
11 15 8
11 19 -3
12 13 -3
12 15 -5
12 19 -2
14 15 7
14 16 -5
15 16 3
15 18 7
16 17 -2
16 19 6
17 18 4
17 19 -7
-1
-239
