er_20_12_64
20
50
14
48
-5
-2
40
13
-20
13
-48
16
27
59
-39
34
56
-6
-2
-3
-63
0 1 28
0 2 14
0 3 -8
0 5 -55
0 7 -27
0 8 2
0 10 16
0 14 7
0 17 -23
0 19 -45
1 2 16
1 3 10
1 4 -8
1 5 -64
1 6 45
1 7 -23
1 8 -47
1 10 39
1 13 50
1 15 -39
1 16 -19
1 17 -5
1 18 -13
2 4 -37
2 7 -57
2 9 2
2 11 62
2 13 -51
2 14 56
2 16 -44
2 17 -5
2 19 58
3 4 -45
3 5 -62
3 6 -15
3 7 57
3 9 38
3 10 -58
3 11 -39
3 12 53
3 14 64
3 18 -59
4 7 51
4 8 6
4 9 -45
4 10 20
4 11 -23
4 13 -38
4 15 26
4 16 -23
5 8 29
5 10 51
5 13 61
5 14 -6
5 15 -52
5 16 27
5 17 11
5 18 33
5 19 2
6 7 -34
6 9 3
6 11 -55
6 12 26
6 15 15
6 17 6
6 19 8
7 8 -12
7 9 4
7 10 -19
7 11 -64
7 12 -29
7 14 20
7 18 8
7 19 63
8 9 4
8 10 -11
8 11 31
8 13 42
8 14 29
8 15 -60
8 16 42
8 17 13
8 18 17
8 19 -46
9 10 -41
9 12 -22
9 13 10
10 12 17
10 14 -20
10 15 25
10 17 -3
10 19 -63
11 13 38
11 15 45
11 18 51
11 19 -55
12 13 27
12 15 -35
12 18 45
12 19 50
13 18 -36
14 15 -28
14 16 -21
14 19 30
15 16 -19
15 18 -28
16 17 -60
16 19 -6
17 18 28
17 19 -63
18 19 -38
-1
-1942
