er_20_8_64
20
42
28
-57
39
24
-54
48
7
54
37
-6
-54
-41
-15
19
-63
-5
-26
17
-60
0 1 -54
0 2 -30
0 3 -63
0 5 -59
0 7 40
0 8 26
0 14 -23
0 19 -35
1 2 -44
1 3 28
1 5 21
1 6 5
1 8 -7
1 10 47
1 13 53
1 16 33
1 17 -56
1 18 -22
2 4 15
2 7 -43
2 11 -39
2 13 62
2 14 50
2 16 22
2 19 -8
3 4 -27
3 5 -18
3 7 19
3 9 48
3 10 -17
3 11 -31
3 12 16
3 14 -37
4 7 -39
4 8 -43
4 9 -8
4 10 -11
4 11 21
4 15 44
4 16 25
5 8 -26
5 14 -21
5 15 -7
5 16 47
5 17 -53
5 18 19
5 19 8
6 7 20
6 9 45
6 15 33
6 19 6
7 8 -51
7 9 20
7 10 -24
7 11 -30
7 12 -35
7 14 -18
7 18 -7
7 19 -20
8 9 -31
8 10 -43
8 11 50
8 13 57
8 15 -26
8 16 -16
8 17 32
8 18 -32
8 19 -56
9 10 3
9 13 49
10 12 38
10 14 -17
10 15 -19
10 17 19
10 19 -35
11 13 -18
11 15 -18
11 19 -28
12 13 -19
12 15 -46
12 19 32
14 15 -48
14 16 64
15 16 -51
15 18 -41
16 17 5
16 19 -20
17 18 32
17 19 -16
-1
-1560
