er_20_6_16
20
-4
4
-16
10
10
-11
-10
-4
7
-16
-14
10
-10
14
8
-14
9
10
-4
-14
0 2 2
0 3 13
0 5 9
0 7 -7
0 14 3
1 2 -8
1 5 -4
1 6 13
1 8 7
1 10 3
1 13 -15
1 16 -3
2 4 -5
2 7 14
2 11 6
2 13 -9
2 14 4
2 16 -7
2 19 12
3 4 10
3 5 3
3 7 14
3 9 13
3 10 9
3 11 15
3 12 -12
3 14 -13
4 7 -4
4 8 -11
4 9 -2
4 10 -8
4 11 -5
4 15 -2
5 8 8
5 14 -12
5 15 -4
5 16 -10
5 17 11
5 18 -13
5 19 -12
6 7 -8
6 9 -7
6 15 -8
6 19 13
7 8 6
7 9 2
7 10 -8
7 11 10
7 12 12
7 14 13
7 18 13
7 19 -5
8 11 14
8 13 -10
8 15 -13
8 16 15
8 18 12
9 10 -8
9 13 10
10 14 3
10 15 16
10 19 -8
11 13 4
11 19 -14
12 15 -12
12 19 -11
14 16 3
15 16 14
15 18 -9
16 19 15
17 18 15
-1
-439
