er_20_6_64
20
-31
35
-12
64
-59
-39
-8
20
-29
19
-22
7
35
47
4
37
26
-16
5
-64
0 2 -63
0 3 64
0 5 21
0 7 52
0 14 35
1 2 -34
1 5 16
1 6 -34
1 8 -10
1 10 -2
1 13 43
1 16 26
2 4 19
2 7 6
2 11 -35
2 13 -15
2 14 29
2 16 38
2 19 15
3 4 -64
3 5 9
3 7 28
3 9 45
3 10 58
3 11 -6
3 12 63
3 14 8
4 7 10
4 8 14
4 9 21
4 10 -49
4 11 24
4 15 -4
5 8 -60
5 14 43
5 15 15
5 16 -60
5 17 44
5 18 -45
5 19 -5
6 7 21
6 9 14
6 15 3
6 19 44
7 8 46
7 9 28
7 10 11
7 11 -18
7 12 -21
7 14 -22
7 18 -12
7 19 32
8 11 46
8 13 -30
8 15 3
8 16 2
8 18 -59
9 10 -53
9 13 42
10 14 33
10 15 -11
10 19 -61
11 13 30
11 19 -45
12 15 51
12 19 -28
14 16 -11
15 16 59
15 18 -6
16 19 -20
17 18 41
-1
-1462
