er_20_10_8
20
2
-8
-3
8
-2
-7
4
-4
8
3
8
2
-4
3
-6
-6
-7
5
-7
5
0 1 -6
0 2 6
0 3 8
0 5 6
0 7 -5
0 8 8
0 10 4
0 14 5
0 19 -7
1 2 -4
1 3 3
1 5 -5
1 6 6
1 8 3
1 10 -8
1 13 4
1 16 -2
1 17 6
1 18 4
2 4 4
2 7 -6
2 11 -5
2 13 3
2 14 7
2 16 -8
2 17 -7
2 19 -2
3 4 6
3 5 -6
3 6 -6
3 7 -6
3 9 -5
3 10 3
3 11 -2
3 12 -7
3 14 3
4 7 -2
4 8 -4
4 9 3
4 10 3
4 11 -3
4 15 -8
4 16 -3
5 8 -6
5 10 -6
5 13 -6
5 14 3
5 15 5
5 16 -6
5 17 -6
5 18 3
5 19 4
6 7 6
6 9 4
6 11 -7
6 12 5
6 15 -5
6 17 3
6 19 2
7 8 -4
7 9 -5
7 10 -7
7 11 2
7 12 8
7 14 8
7 18 7
7 19 4
8 9 5
8 10 3
8 11 6
8 13 3
8 14 3
8 15 8
8 16 2
8 17 3
8 18 5
8 19 -4
9 10 7
9 12 -6
9 13 4
10 12 -7
10 14 -8
10 15 -6
10 17 8
10 19 2
11 13 4
11 15 7
11 19 2
12 13 -4
12 15 7
12 19 -6
13 18 6
14 15 2
14 16 -4
15 16 7
15 18 -3
16 17 3
16 19 5
17 18 7
17 19 5
18 19 -6
-1
-236
