er_20_6_4
20
3
3
4
3
3
-3
-2
4
2
-2
2
-2
4
4
-2
4
-4
3
-4
-4
0 2 -4
0 3 2
0 5 4
0 7 4
0 14 -3
1 2 -2
1 5 4
1 6 3
1 8 4
1 10 -2
1 13 3
1 16 -4
2 4 -2
2 7 2
2 11 -2
2 13 -3
2 14 -4
2 16 -4
2 19 3
3 4 2
3 5 -3
3 7 4
3 9 3
3 10 -4
3 11 4
3 12 -2
3 14 -2
4 7 2
4 8 -2
4 9 3
4 10 -2
4 11 4
4 15 2
5 8 -4
5 14 -3
5 15 4
5 16 -3
5 17 -4
5 18 -2
5 19 2
6 7 -3
6 9 -2
6 15 4
6 19 -4
7 8 2
7 9 3
7 10 4
7 11 -4
7 12 4
7 14 4
7 18 -3
7 19 -2
8 11 4
8 13 2
8 15 -2
8 16 -2
8 18 -4
9 10 2
9 13 3
10 14 -2
10 15 -2
10 19 4
11 13 -2
11 19 -2
12 15 4
12 19 -2
14 16 2
15 16 3
15 18 3
16 19 3
17 18 -4
-1
-149
