er_20_12_4
20
-2
2
2
4
3
2
2
-2
4
-4
4
-4
-2
2
-2
-2
2
2
-4
3
0 1 -3
0 2 -3
0 3 4
0 5 4
0 7 2
0 8 2
0 10 -3
0 14 4
0 17 -3
0 19 -3
1 2 3
1 3 -4
1 4 -3
1 5 -3
1 6 -2
1 7 -2
1 8 -4
1 10 -3
1 13 3
1 15 4
1 16 -2
1 17 4
1 18 -4
2 4 4
2 7 3
2 9 -2
2 11 -4
2 13 2
2 14 -3
2 16 3
2 17 -2
2 19 2
3 4 -3
3 5 -3
3 6 3
3 7 4
3 9 -3
3 10 2
3 11 2
3 12 4
3 14 -3
3 18 -3
4 7 -3
4 8 4
4 9 2
4 10 2
4 11 -3
4 13 2
4 15 3
4 16 -3
5 8 2
5 10 -3
5 13 2
5 14 3
5 15 -2
5 16 4
5 17 -3
5 18 3
5 19 2
6 7 -3
6 9 -2
6 11 -4
6 12 4
6 15 4
6 17 4
6 19 3
7 8 3
7 9 4
7 10 2
7 11 -2
7 12 -4
7 14 4
7 18 -2
7 19 3
8 9 -2
8 10 -3
8 11 2
8 13 -3
8 14 2
8 15 -2
8 16 3
8 17 3
8 18 -2
8 19 -3
9 10 -2
9 12 -3
9 13 3
10 12 -4
10 14 4
10 15 4
10 17 3
10 19 2
11 13 -4
11 15 3
11 18 -2
11 19 3
12 13 4
12 15 -2
12 18 -4
12 19 3
13 18 -3
14 15 4
14 16 3
14 19 4
15 16 -4
15 18 -4
16 17 -2
16 19 -3
17 18 -4
17 19 4
18 19 -2
-1
-137
