er_20_6_32
20
-2
-29
-17
29
19
8
-29
27
25
-11
7
-27
-12
-6
-15
-15
5
20
29
17
0 2 -23
0 3 20
0 5 22
0 7 10
0 14 27
1 2 -5
1 5 -27
1 6 -26
1 8 28
1 10 5
1 13 19
1 16 -28
2 4 30
2 7 -19
2 11 7
2 13 13
2 14 17
2 16 -19
2 19 -2
3 4 25
3 5 -32
3 7 -31
3 9 29
3 10 -14
3 11 5
3 12 -32
3 14 31
4 7 -30
4 8 4
4 9 20
4 10 32
4 11 -6
4 15 18
5 8 -2
5 14 -17
5 15 28
5 16 -27
5 17 12
5 18 -26
5 19 -6
6 7 -29
6 9 10
6 15 31
6 19 19
7 8 29
7 9 21
7 10 -23
7 11 23
7 12 -30
7 14 -24
7 18 -31
7 19 12
8 11 -21
8 13 -20
8 15 -2
8 16 -7
8 18 18
9 10 -12
9 13 3
10 14 -19
10 15 -21
10 19 9
11 13 -32
11 19 8
12 15 32
12 19 -26
14 16 -4
15 16 5
15 18 15
16 19 -31
17 18 -31
-1
-1011
