er_20_8_16
20
11
-11
-8
-15
16
2
-5
6
6
-4
8
-5
13
-11
-9
-2
12
2
-15
12
0 1 14
0 2 -12
0 3 -16
0 5 9
0 7 -4
0 8 -16
0 14 -15
0 19 11
1 2 -5
1 3 -15
1 5 -16
1 6 7
1 8 9
1 10 -15
1 13 15
1 16 10
1 17 -4
1 18 11
2 4 -2
2 7 9
2 11 2
2 13 10
2 14 2
2 16 12
2 19 -13
3 4 -14
3 5 -5
3 7 14
3 9 12
3 10 8
3 11 14
3 12 -2
3 14 16
4 7 11
4 8 11
4 9 8
4 10 -7
4 11 -13
4 15 -12
4 16 15
5 8 -12
5 14 -5
5 15 7
5 16 -9
5 17 -5
5 18 3
5 19 -12
6 7 -9
6 9 5
6 15 -10
6 19 16
7 8 3
7 9 -6
7 10 4
7 11 3
7 12 -2
7 14 -12
7 18 10
7 19 -10
8 9 13
8 10 11
8 11 5
8 13 2
8 15 -6
8 16 4
8 17 16
8 18 7
8 19 -10
9 10 2
9 13 -15
10 12 15
10 14 16
10 15 7
10 17 -11
10 19 -2
11 13 14
11 15 -4
11 19 -14
12 13 6
12 15 -11
12 19 -7
14 15 -4
14 16 -2
15 16 -11
15 18 16
16 17 -7
16 19 4
17 18 3
17 19 2
-1
-473
