er_20_10_64
20
-48
51
-23
-25
-61
36
-25
-38
30
-61
-14
48
26
-6
-45
-48
-33
28
-58
8
0 1 -8
0 2 -61
0 3 14
0 5 -51
0 7 57
0 8 -14
0 10 -47
0 14 -2
0 19 2
1 2 -45
1 3 -54
1 5 45
1 6 34
1 8 -34
1 10 -27
1 13 15
1 16 -34
1 17 -14
1 18 4
2 4 56
2 7 42
2 11 61
2 13 -38
2 14 -26
2 16 18
2 17 -50
2 19 4
3 4 -32
3 5 -48
3 6 -63
3 7 -34
3 9 46
3 10 -10
3 11 63
3 12 -43
3 14 43
4 7 -45
4 8 -16
4 9 12
4 10 -36
4 11 5
4 15 43
4 16 -36
5 8 18
5 10 -32
5 13 -55
5 14 56
5 15 58
5 16 42
5 17 38
5 18 54
5 19 57
6 7 3
6 9 62
6 11 -20
6 12 43
6 15 -30
6 17 -42
6 19 -45
7 8 2
7 9 -18
7 10 -53
7 11 -36
7 12 25
7 14 -51
7 18 -29
7 19 60
8 9 -46
8 10 -41
8 11 -55
8 13 -6
8 14 -64
8 15 -11
8 16 29
8 17 57
8 18 23
8 19 48
9 10 -9
9 12 -61
9 13 33
10 12 38
10 14 -54
10 15 3
10 17 -57
10 19 20
11 13 -20
11 15 -13
11 19 3
12 13 40
12 15 -47
12 19 10
13 18 -8
14 15 44
14 16 -23
15 16 26
15 18 34
16 17 53
16 19 -9
17 18 21
17 19 -34
18 19 27
-1
-1804
