er_20_12_8
20
3
-7
5
-4
-6
-2
7
2
2
-2
4
5
-8
-7
-7
-8
-8
-5
4
6
0 1 -6
0 2 3
0 3 7
0 5 -6
0 7 7
0 8 -7
0 10 -3
0 14 2
0 17 7
0 19 8
1 2 8
1 3 6
1 4 2
1 5 2
1 6 -4
1 7 -6
1 8 -7
1 10 -5
1 13 -2
1 15 -5
1 16 4
1 17 6
1 18 6
2 4 6
2 7 7
2 9 -2
2 11 -6
2 13 -2
2 14 6
2 16 -5
2 17 2
2 19 5
3 4 7
3 5 4
3 6 4
3 7 -7
3 9 -2
3 10 8
3 11 -4
3 12 7
3 14 -6
3 18 -7
4 7 2
4 8 5
4 9 7
4 10 -4
4 11 7
4 13 8
4 15 7
4 16 -4
5 8 5
5 10 -7
5 13 -2
5 14 5
5 15 -7
5 16 8
5 17 8
5 18 -5
5 19 -3
6 7 -3
6 9 -4
6 11 2
6 12 -3
6 15 8
6 17 -3
6 19 -6
7 8 8
7 9 4
7 10 -8
7 11 8
7 12 -2
7 14 6
7 18 -4
7 19 -4
8 9 -7
8 10 5
8 11 4
8 13 -5
8 14 -3
8 15 4
8 16 8
8 17 7
8 18 7
8 19 5
9 10 8
9 12 -3
9 13 -2
10 12 -2
10 14 5
10 15 4
10 17 8
10 19 4
11 13 -6
11 15 -4
11 18 8
11 19 3
12 13 4
12 15 2
12 18 -7
12 19 -4
13 18 -4
14 15 -5
14 16 -3
14 19 5
15 16 -5
15 18 -8
16 17 5
16 19 8
17 18 7
17 19 4
18 19 -5
-1
-329
