er_20_12_32
20
-28
-22
10
11
-24
11
19
-9
31
22
-24
30
-11
-29
-4
-11
18
7
32
5
0 1 28
0 2 31
0 3 27
0 5 20
0 7 -24
0 8 -25
0 10 5
0 14 -9
0 17 -23
0 19 9
1 2 -4
1 3 -12
1 4 15
1 5 -24
1 6 7
1 7 -12
1 8 -3
1 10 27
1 13 15
1 15 5
1 16 11
1 17 22
1 18 14
2 4 5
2 7 9
2 9 17
2 11 15
2 13 -18
2 14 -28
2 16 12
2 17 -31
2 19 19
3 4 19
3 5 27
3 6 -3
3 7 31
3 9 6
3 10 15
3 11 -7
3 12 -15
3 14 -27
3 18 -5
4 7 4
4 8 11
4 9 -21
4 10 24
4 11 26
4 13 -20
4 15 10
4 16 11
5 8 -5
5 10 29
5 13 -13
5 14 -26
5 15 14
5 16 -22
5 17 -10
5 18 29
5 19 32
6 7 -15
6 9 7
6 11 29
6 12 -12
6 15 32
6 17 26
6 19 -27
7 8 5
7 9 -24
7 10 10
7 11 -3
7 12 21
7 14 -11
7 18 22
7 19 -11
8 9 -30
8 10 -14
8 11 -26
8 13 13
8 14 -24
8 15 5
8 16 -25
8 17 -25
8 18 -29
8 19 -32
9 10 -9
9 12 5
9 13 31
10 12 -13
10 14 -31
10 15 -14
10 17 16
10 19 -29
11 13 30
11 15 6
11 18 5
11 19 -23
12 13 -9
12 15 -22
12 18 -3
12 19 13
13 18 24
14 15 19
14 16 -31
14 19 -5
15 16 13
15 18 -3
16 17 18
16 19 8
17 18 28
17 19 -13
18 19 -26
-1
-1069
