er_40_12_32
40
-2
12
4
-8
11
-24
20
10
-23
14
4
31
27
12
28
25
5
-12
32
-16
-26
-32
-25
13
11
20
-8
-26
-31
-17
20
-8
-3
-15
-7
32
-28
30
27
22
0 2 -14
0 3 -32
0 5 -4
0 7 -10
0 14 28
0 20 -23
0 23 -26
0 24 20
0 26 26
0 28 27
0 31 3
0 34 -16
0 39 -32
1 4 27
1 8 19
1 10 21
1 11 -3
1 13 19
1 16 14
1 18 26
1 20 -5
1 22 -17
1 23 8
1 24 -22
1 25 -5
1 27 -23
1 35 -16
1 36 -18
1 37 22
1 38 -30
1 39 13
2 6 -24
2 13 -10
2 19 23
2 20 6
2 21 -21
2 22 13
2 23 20
2 24 -15
2 25 14
2 27 -15
2 33 -18
2 37 6
2 38 17
2 39 -6
3 4 11
3 5 -22
3 6 -23
3 8 11
3 12 -24
3 13 28
3 16 23
3 18 -11
3 20 -27
3 21 23
3 23 -29
3 25 -5
3 28 -16
3 38 18
3 39 -24
4 8 20
4 10 17
4 16 -19
4 19 -7
4 23 -15
4 31 8
4 35 20
4 37 25
5 7 -4
5 8 20
5 14 30
5 16 -19
5 17 13
5 19 -26
5 21 -3
5 23 -4
5 34 -17
5 35 -9
5 37 -29
5 39 -3
6 12 9
6 16 14
6 17 23
6 18 27
6 25 6
6 30 17
6 36 5
6 37 -22
6 39 20
7 8 29
7 11 31
7 15 -18
7 17 13
7 22 25
7 25 -10
7 27 30
7 30 15
8 11 23
8 13 20
8 14 -32
8 15 -23
8 17 14
8 18 -19
8 19 -5
8 32 25
8 35 -26
8 36 -32
9 14 2
9 15 31
9 17 25
9 19 -15
9 20 16
9 26 -8
9 29 -15
9 30 -28
9 36 29
10 16 22
10 18 9
10 19 29
10 23 15
10 25 -12
10 34 18
11 12 -7
11 13 17
11 14 -17
11 16 -6
11 19 -11
11 20 25
11 21 -8
11 27 -22
11 28 -9
11 32 18
11 35 -15
11 39 -17
12 13 -15
12 14 -20
12 15 14
12 25 2
12 26 12
12 35 32
12 36 -28
12 38 12
12 39 -21
13 14 -16
13 28 -32
13 37 25
14 15 21
14 18 27
14 19 12
14 20 -14
14 22 8
14 25 10
14 27 -25
14 30 -27
14 34 19
14 35 27
15 23 -20
15 26 3
15 29 -13
15 31 2
15 32 29
16 32 -23
16 33 14
16 35 25
17 23 -2
17 24 -32
17 32 -6
17 33 16
17 34 -15
17 37 28
18 19 -14
18 21 -26
18 23 -12
18 25 -9
18 28 -20
18 29 27
18 34 -7
18 35 32
19 24 26
19 28 2
19 29 -32
19 31 -12
19 33 -14
19 35 27
20 22 15
20 23 -2
20 31 22
20 32 21
20 33 15
20 36 21
21 28 -4
21 39 3
22 29 19
22 30 13
22 32 -12
22 34 3
22 39 -5
23 26 -20
23 28 18
23 30 2
23 32 18
24 25 -16
24 26 -9
24 29 26
25 27 -10
25 28 -17
25 31 -3
25 35 12
26 36 -15
27 29 -10
27 38 16
28 31 -18
28 32 2
28 33 6
28 37 14
29 30 -9
29 31 -22
29 35 -29
29 36 -12
30 34 2
30 35 23
31 32 -8
31 34 12
31 37 32
31 38 -4
33 38 28
33 39 6
34 37 -16
34 38 28
35 36 24
37 39 -15
-1
-1904
