er_40_10_8
40
-8
3
7
-8
8
-6
-4
8
4
-8
4
2
-2
-3
-7
6
6
2
7
-3
7
-4
-6
-5
8
-7
-5
-6
7
-2
-5
4
-6
3
-7
-2
8
5
-3
3
0 2 -2
0 5 -4
0 20 -4
0 23 6
0 24 6
0 26 -5
0 34 -4
1 4 -5
1 8 4
1 11 8
1 13 2
1 16 3
1 18 -5
1 23 -4
1 25 6
1 27 -8
1 35 -2
1 36 -7
1 37 -5
1 38 4
1 39 -7
2 13 2
2 19 8
2 20 -7
2 21 -6
2 22 3
2 25 -5
2 27 3
2 37 6
2 39 6
3 4 -2
3 5 -6
3 6 -2
3 8 6
3 13 5
3 16 -8
3 18 6
3 20 7
3 21 -2
3 25 -7
3 39 8
4 8 4
4 16 -2
4 19 -2
4 23 8
4 31 -8
4 35 -3
4 37 5
5 7 -8
5 14 -5
5 16 6
5 17 -5
5 19 -8
5 21 -3
5 23 -5
5 34 -6
5 37 5
5 39 -3
6 12 6
6 16 -6
6 18 -8
6 25 -8
6 30 -8
6 36 4
6 37 8
6 39 5
7 8 2
7 11 3
7 15 -2
7 22 4
7 25 -4
7 27 -2
7 30 -7
8 11 -3
8 13 -6
8 15 -2
8 17 3
8 18 -6
8 19 7
8 32 -7
8 35 8
8 36 7
9 14 7
9 15 -7
9 17 6
9 19 3
9 20 -5
9 26 3
9 29 7
9 30 -8
9 36 -6
10 16 -4
10 18 -3
10 19 6
10 23 3
10 34 -7
11 13 -3
11 14 -4
11 19 4
11 20 8
11 21 -4
11 27 -5
11 28 -8
11 32 -7
11 35 -5
12 13 -6
12 15 -6
12 25 -8
12 26 6
12 36 -6
12 38 -5
12 39 -8
13 14 -7
13 28 -7
13 37 5
14 15 3
14 18 8
14 19 2
14 20 8
14 22 2
14 25 5
14 27 3
14 30 4
14 34 -5
14 35 -6
15 23 -8
15 26 -4
15 29 -3
15 32 -7
16 32 -8
16 33 6
16 35 6
17 23 -3
17 24 8
17 32 -6
17 33 4
17 34 -7
17 37 -6
18 19 3
18 21 7
18 23 6
18 25 -8
18 29 8
18 34 -3
18 35 3
19 24 -7
19 28 -4
19 29 -8
19 31 8
19 33 -4
19 35 3
20 22 3
20 23 8
20 32 2
20 33 -3
21 28 7
21 39 6
22 30 -8
22 32 -4
22 34 7
22 39 -5
23 26 7
23 28 -7
23 30 -8
24 25 4
24 26 -6
24 29 -3
25 27 2
25 28 7
25 31 -3
25 35 7
26 36 8
27 29 -4
28 31 -7
28 32 5
28 33 -4
28 37 8
29 30 -2
29 31 -7
29 35 3
29 36 -6
30 34 -6
30 35 7
31 32 -4
31 37 2
33 38 3
33 39 -7
34 37 -7
34 38 -8
35 36 6
37 39 -7
-1
-528
