er_40_8_16
40
-15
14
12
9
-5
16
-8
5
6
12
9
9
-7
-3
-15
-13
16
6
-12
15
-3
7
8
2
-3
-5
8
-10
-3
9
-4
4
-10
4
-14
-10
6
-16
-16
-16
0 2 -9
0 5 -14
0 20 5
0 24 5
0 26 13
1 4 -11
1 8 8
1 11 -13
1 13 -6
1 16 -10
1 18 7
1 23 9
1 25 -9
1 27 15
1 35 -5
1 36 16
1 37 -11
1 38 -15
1 39 2
2 13 8
2 20 -4
2 22 9
2 25 14
2 27 2
3 4 -4
3 6 -2
3 8 11
3 13 -15
3 16 -12
3 20 2
3 21 12
3 25 -4
3 39 -3
4 8 9
4 16 -3
4 19 -2
4 23 13
4 37 -16
5 14 12
5 16 10
5 17 -12
5 19 11
5 21 4
5 23 -8
5 34 -8
5 37 -9
5 39 4
6 12 2
6 16 8
6 18 14
6 25 -3
6 36 -4
6 37 8
6 39 2
7 8 -3
7 11 15
7 22 12
7 25 -14
7 27 -4
7 30 -13
8 11 5
8 13 9
8 19 15
8 35 -4
8 36 10
9 14 8
9 15 -5
9 17 -9
9 19 6
9 20 6
9 26 -7
9 29 13
9 30 -11
9 36 -6
10 16 -6
10 18 -8
10 23 -3
11 13 10
11 14 5
11 20 -7
11 21 -7
11 27 3
11 28 16
11 32 -15
11 35 -6
12 13 8
12 15 -3
12 25 5
12 26 -6
12 36 13
12 39 -16
13 14 -16
13 28 -7
13 37 7
14 15 3
14 18 5
14 19 -12
14 20 -5
14 22 -8
14 25 2
14 30 16
14 34 -4
14 35 6
15 23 14
15 26 10
15 29 2
16 32 8
16 33 13
16 35 -12
17 23 16
17 32 5
17 33 13
17 37 -13
18 19 11
18 21 -3
18 23 12
18 29 -6
18 34 -16
18 35 -4
19 24 3
19 31 7
19 33 14
19 35 -7
20 22 -13
20 23 -16
20 32 12
20 33 -11
21 39 -16
22 30 16
22 34 -10
22 39 4
23 26 12
23 28 -5
23 30 -10
24 25 -15
25 31 -14
25 35 -16
26 36 -8
27 29 -7
28 31 13
28 32 5
28 33 12
29 31 15
29 35 -9
29 36 15
30 35 14
31 32 -14
31 37 -8
33 38 12
33 39 -11
34 37 -6
35 36 2
37 39 2
-1
-827
