er_40_12_16
40
-9
-8
-13
-12
9
2
4
16
10
3
-9
9
-2
-10
-11
-10
4
13
-13
-4
-16
14
-14
9
14
-7
14
-2
5
2
8
13
14
3
4
2
-15
15
4
16
0 2 16
0 3 -10
0 5 2
0 7 -5
0 14 11
0 20 2
0 23 2
0 24 3
0 26 -3
0 28 3
0 31 6
0 34 -9
0 39 14
1 4 -3
1 8 -4
1 10 11
1 11 -3
1 13 -9
1 16 13
1 18 4
1 20 -2
1 22 12
1 23 -11
1 24 -12
1 25 -16
1 27 7
1 35 10
1 36 13
1 37 6
1 38 16
1 39 14
2 6 6
2 13 -14
2 19 16
2 20 10
2 21 -11
2 22 13
2 23 3
2 24 15
2 25 5
2 27 -10
2 33 -2
2 37 8
2 38 -4
2 39 -10
3 4 3
3 5 10
3 6 -13
3 8 -14
3 12 5
3 13 12
3 16 -15
3 18 -15
3 20 -6
3 21 14
3 23 -9
3 25 -2
3 28 -11
3 38 2
3 39 9
4 8 16
4 10 -9
4 16 -10
4 19 10
4 23 -13
4 31 7
4 35 2
4 37 4
5 7 12
5 8 -11
5 14 15
5 16 7
5 17 3
5 19 -15
5 21 3
5 23 -12
5 34 -6
5 35 6
5 37 9
5 39 -2
6 12 -11
6 16 -11
6 17 -5
6 18 -6
6 25 2
6 30 -5
6 36 5
6 37 -4
6 39 14
7 8 4
7 11 15
7 15 -16
7 17 -16
7 22 -9
7 25 -4
7 27 12
7 30 -3
8 11 8
8 13 -2
8 14 -7
8 15 -10
8 17 -5
8 18 -5
8 19 11
8 32 13
8 35 15
8 36 -15
9 14 9
9 15 -13
9 17 -16
9 19 -7
9 20 -5
9 26 12
9 29 -13
9 30 9
9 36 -11
10 16 5
10 18 -15
10 19 -5
10 23 -14
10 25 -7
10 34 8
11 12 -11
11 13 -10
11 14 -3
11 16 -3
11 19 8
11 20 -12
11 21 5
11 27 14
11 28 -4
11 32 2
11 35 12
11 39 4
12 13 -9
12 14 -14
12 15 14
12 25 16
12 26 15
12 35 12
12 36 -13
12 38 -15
12 39 5
13 14 9
13 28 11
13 37 -2
14 15 14
14 18 -16
14 19 11
14 20 -3
14 22 5
14 25 -15
14 27 16
14 30 -10
14 34 14
14 35 10
15 23 -2
15 26 -11
15 29 -4
15 31 4
15 32 -11
16 32 -9
16 33 -15
16 35 11
17 23 -16
17 24 -16
17 32 -16
17 33 4
17 34 -7
17 37 -11
18 19 -9
18 21 2
18 23 10
18 25 11
18 28 16
18 29 -3
18 34 -10
18 35 8
19 24 9
19 28 9
19 29 5
19 31 9
19 33 -14
19 35 3
20 22 -4
20 23 7
20 31 -16
20 32 13
20 33 -5
20 36 -4
21 28 -10
21 39 2
22 29 13
22 30 15
22 32 8
22 34 -16
22 39 -6
23 26 -9
23 28 8
23 30 8
23 32 2
24 25 4
24 26 -15
24 29 6
25 27 13
25 28 13
25 31 -4
25 35 14
26 36 -12
27 29 2
27 38 6
28 31 10
28 32 -7
28 33 -13
28 37 11
29 30 -14
29 31 -5
29 35 15
29 36 15
30 34 12
30 35 4
31 32 4
31 34 -15
31 37 -5
31 38 8
33 38 4
33 39 8
34 37 -8
34 38 14
35 36 10
37 39 16
-1
-1044
