er_40_6_32
40
6
17
2
-8
24
-13
-12
29
-27
-16
-17
-22
-5
11
10
-23
16
8
-24
-16
-19
15
29
-9
27
11
-14
7
8
6
5
22
30
-15
-26
3
26
-16
-14
-24
0 2 25
0 24 -9
0 26 30
1 4 -31
1 8 -31
1 11 16
1 13 -13
1 16 -23
1 18 23
1 25 -4
1 27 -5
1 35 -7
1 36 10
1 37 -9
1 38 25
1 39 -10
2 13 17
2 22 13
2 25 2
2 27 -6
3 6 -3
3 8 -12
3 13 32
3 20 -5
3 21 3
3 39 5
4 8 -23
4 23 3
4 37 -23
5 16 27
5 17 10
5 19 3
5 21 16
5 23 -5
5 34 12
5 37 -5
6 16 15
6 18 -28
6 39 -9
7 11 13
7 30 -18
8 11 -6
8 13 -14
8 19 32
8 35 -26
8 36 -10
9 14 -19
9 15 -9
9 20 -9
9 26 2
9 30 -6
9 36 -24
10 16 24
10 23 -23
11 13 31
11 14 11
11 20 -29
11 27 21
11 35 -12
12 13 -4
12 25 26
12 26 -3
12 36 5
12 39 -5
13 28 -18
14 15 31
14 18 -10
14 20 16
14 22 6
14 25 3
14 30 -18
14 34 10
15 23 7
15 29 21
16 32 -6
17 23 -21
17 37 -13
18 23 -17
18 29 -13
18 34 8
18 35 10
19 31 14
19 35 26
20 22 -13
20 32 18
21 39 25
22 30 18
22 34 5
22 39 -2
23 26 -25
23 28 6
23 30 -31
25 31 21
25 35 10
27 29 27
28 31 -4
28 32 6
28 33 18
29 31 6
29 35 8
30 35 -4
31 32 -24
31 37 8
33 39 21
35 36 9
37 39 -4
-1
-1389
