er_40_10_64
40
22
-31
35
-53
-41
17
-34
-62
23
42
56
43
38
-47
7
-60
30
-5
32
52
18
-41
55
-8
-11
-7
3
64
-44
25
59
4
-61
27
-54
64
56
-36
43
-26
0 2 -17
0 5 28
0 20 -37
0 23 -6
0 24 -42
0 26 -11
0 34 36
1 4 49
1 8 -43
1 11 -8
1 13 41
1 16 42
1 18 3
1 23 49
1 25 -5
1 27 -63
1 35 63
1 36 63
1 37 -19
1 38 45
1 39 47
2 13 -45
2 19 57
2 20 -22
2 21 -38
2 22 9
2 25 -62
2 27 44
2 37 -28
2 39 23
3 4 59
3 5 -46
3 6 -38
3 8 -28
3 13 56
3 16 -43
3 18 11
3 20 54
3 21 -43
3 25 -46
3 39 -47
4 8 -42
4 16 -51
4 19 -61
4 23 53
4 31 7
4 35 -32
4 37 18
5 7 -53
5 14 22
5 16 57
5 17 -64
5 19 60
5 21 39
5 23 -60
5 34 -56
5 37 -20
5 39 -62
6 12 46
6 16 -26
6 18 -2
6 25 59
6 30 -39
6 36 -4
6 37 52
6 39 49
7 8 12
7 11 44
7 15 9
7 22 64
7 25 -14
7 27 -16
7 30 39
8 11 -31
8 13 25
8 15 -54
8 17 -47
8 18 -24
8 19 61
8 32 35
8 35 -56
8 36 -25
9 14 -12
9 15 -21
9 17 -36
9 19 -13
9 20 3
9 26 -2
9 29 2
9 30 -13
9 36 24
10 16 -31
10 18 -6
10 19 61
10 23 34
10 34 -53
11 13 -27
11 14 61
11 19 46
11 20 -9
11 21 -21
11 27 31
11 28 38
11 32 -36
11 35 31
12 13 14
12 15 31
12 25 -59
12 26 12
12 36 36
12 38 32
12 39 47
13 14 62
13 28 -52
13 37 42
14 15 -22
14 18 31
14 19 -16
14 20 -60
14 22 -4
14 25 -19
14 27 13
14 30 -39
14 34 2
14 35 -39
15 23 60
15 26 -10
15 29 -14
15 32 -16
16 32 34
16 33 -18
16 35 -46
17 23 -29
17 24 -8
17 32 29
17 33 3
17 34 23
17 37 31
18 19 7
18 21 8
18 23 11
18 25 -64
18 29 11
18 34 37
18 35 -29
19 24 -18
19 28 -28
19 29 -31
19 31 22
19 33 31
19 35 20
20 22 -54
20 23 -60
20 32 -55
20 33 8
21 28 -10
21 39 4
22 30 -31
22 32 -20
22 34 22
22 39 -15
23 26 -4
23 28 9
23 30 52
24 25 35
24 26 32
24 29 -63
25 27 -2
25 28 14
25 31 -4
25 35 26
26 36 -58
27 29 -38
28 31 57
28 32 -16
28 33 15
28 37 36
29 30 9
29 31 51
29 35 -46
29 36 -26
30 34 47
30 35 -39
31 32 23
31 37 55
33 38 17
33 39 -33
34 37 51
34 38 4
35 36 41
37 39 47
-1
-3514
