er_40_8_64
40
-7
-60
30
-15
40
8
-31
-61
-15
57
23
52
-57
-24
60
-52
33
-7
24
52
22
24
31
62
7
-51
7
-52
41
-38
33
-59
-55
-36
-19
36
-29
32
-61
55
0 2 -46
0 5 54
0 20 43
0 24 64
0 26 -39
1 4 -3
1 8 -25
1 11 -31
1 13 9
1 16 -4
1 18 48
1 23 46
1 25 -35
1 27 13
1 35 58
1 36 -26
1 37 51
1 38 -48
1 39 37
2 13 15
2 20 -16
2 22 -30
2 25 -60
2 27 -50
3 4 -31
3 6 -42
3 8 -20
3 13 -4
3 16 -26
3 20 -26
3 21 -5
3 25 -54
3 39 -39
4 8 14
4 16 14
4 19 28
4 23 58
4 37 -59
5 14 -12
5 16 42
5 17 -43
5 19 7
5 21 -50
5 23 -16
5 34 7
5 37 58
5 39 -24
6 12 52
6 16 12
6 18 3
6 25 25
6 36 27
6 37 2
6 39 47
7 8 -9
7 11 57
7 22 -63
7 25 -20
7 27 -44
7 30 35
8 11 -31
8 13 -18
8 19 -44
8 35 -56
8 36 21
9 14 60
9 15 -58
9 17 -56
9 19 57
9 20 36
9 26 18
9 29 -30
9 30 63
9 36 -15
10 16 5
10 18 19
10 23 24
11 13 -55
11 14 -14
11 20 -37
11 21 -38
11 27 -63
11 28 -24
11 32 -59
11 35 -42
12 13 -5
12 15 33
12 25 -13
12 26 54
12 36 -11
12 39 -52
13 14 -29
13 28 -29
13 37 54
14 15 -46
14 18 -37
14 19 -30
14 20 34
14 22 33
14 25 62
14 30 -56
14 34 40
14 35 56
15 23 -31
15 26 19
15 29 -7
16 32 -10
16 33 47
16 35 43
17 23 17
17 32 52
17 33 11
17 37 -13
18 19 35
18 21 29
18 23 56
18 29 53
18 34 -49
18 35 37
19 24 56
19 31 64
19 33 43
19 35 56
20 22 -5
20 23 42
20 32 -34
20 33 35
21 39 -57
22 30 -39
22 34 60
22 39 48
23 26 63
23 28 -42
23 30 -7
24 25 -9
25 31 -12
25 35 -54
26 36 -28
27 29 59
28 31 27
28 32 48
28 33 -45
29 31 13
29 35 41
29 36 -28
30 35 -53
31 32 10
31 37 41
33 38 -31
33 39 53
34 37 27
35 36 16
37 39 48
-1
-3162
