er_40_10_16
40
7
-9
4
-14
-14
-5
-16
7
-12
11
14
-10
-3
16
8
12
-7
10
13
-5
8
15
16
-15
14
8
16
-2
-9
-15
8
-12
-4
-5
10
-4
-11
6
12
-8
0 2 -7
0 5 -12
0 20 5
0 23 -7
0 24 13
0 26 12
0 34 -6
1 4 -15
1 8 -15
1 11 -7
1 13 11
1 16 -14
1 18 2
1 23 -14
1 25 -5
1 27 16
1 35 -14
1 36 -10
1 37 -6
1 38 10
1 39 11
2 13 14
2 19 -9
2 20 -16
2 21 -11
2 22 -12
2 25 3
2 27 6
2 37 -13
2 39 7
3 4 -14
3 5 -15
3 6 -9
3 8 15
3 13 -14
3 16 15
3 18 -15
3 20 9
3 21 8
3 25 5
3 39 12
4 8 -15
4 16 16
4 19 -10
4 23 9
4 31 -13
4 35 -5
4 37 12
5 7 -13
5 14 -16
5 16 3
5 17 2
5 19 16
5 21 3
5 23 14
5 34 10
5 37 3
5 39 -9
6 12 -11
6 16 14
6 18 8
6 25 2
6 30 3
6 36 3
6 37 -3
6 39 -13
7 8 -13
7 11 -5
7 15 -12
7 22 5
7 25 -2
7 27 -11
7 30 -8
8 11 14
8 13 -6
8 15 -5
8 17 4
8 18 -7
8 19 8
8 32 9
8 35 -12
8 36 -5
9 14 -12
9 15 -16
9 17 -9
9 19 -10
9 20 -11
9 26 8
9 29 14
9 30 -8
9 36 -13
10 16 13
10 18 5
10 19 14
10 23 12
10 34 5
11 13 -14
11 14 -2
11 19 13
11 20 -7
11 21 -14
11 27 -14
11 28 5
11 32 14
11 35 -15
12 13 7
12 15 11
12 25 -15
12 26 -9
12 36 5
12 38 10
12 39 4
13 14 15
13 28 10
13 37 15
14 15 15
14 18 -7
14 19 6
14 20 4
14 22 16
14 25 -10
14 27 9
14 30 -8
14 34 -12
14 35 -16
15 23 6
15 26 -15
15 29 11
15 32 -2
16 32 10
16 33 -13
16 35 16
17 23 8
17 24 -12
17 32 -7
17 33 -12
17 34 -3
17 37 -16
18 19 -5
18 21 -15
18 23 -6
18 25 -5
18 29 12
18 34 -10
18 35 -5
19 24 -11
19 28 -4
19 29 12
19 31 2
19 33 13
19 35 8
20 22 -2
20 23 11
20 32 -12
20 33 -4
21 28 11
21 39 -6
22 30 -11
22 32 -15
22 34 15
22 39 -16
23 26 -11
23 28 -15
23 30 15
24 25 -14
24 26 5
24 29 -11
25 27 9
25 28 -9
25 31 13
25 35 -2
26 36 2
27 29 -16
28 31 -8
28 32 3
28 33 3
28 37 -7
29 30 7
29 31 10
29 35 14
29 36 6
30 34 -2
30 35 -15
31 32 5
31 37 10
33 38 2
33 39 -3
34 37 4
34 38 2
35 36 13
37 39 8
-1
-965
