er_40_8_4
40
-2
3
3
-2
-2
3
-3
3
-3
4
4
3
-3
-4
3
4
-2
-4
2
4
4
-2
-3
-4
-2
-3
4
2
2
3
2
2
-4
-2
2
2
-3
-2
3
2
0 2 -3
0 5 2
0 20 -3
0 24 2
0 26 -3
1 4 2
1 8 -3
1 11 3
1 13 4
1 16 -4
1 18 3
1 23 4
1 25 -3
1 27 4
1 35 -4
1 36 -4
1 37 2
1 38 4
1 39 4
2 13 3
2 20 -3
2 22 4
2 25 2
2 27 -4
3 4 2
3 6 -4
3 8 2
3 13 -3
3 16 -3
3 20 -4
3 21 3
3 25 3
3 39 -2
4 8 2
4 16 -2
4 19 -2
4 23 -2
4 37 -2
5 14 3
5 16 -3
5 17 -3
5 19 -2
5 21 3
5 23 3
5 34 3
5 37 4
5 39 -3
6 12 2
6 16 2
6 18 3
6 25 -4
6 36 -2
6 37 -4
6 39 -2
7 8 2
7 11 4
7 22 -2
7 25 2
7 27 4
7 30 -2
8 11 3
8 13 3
8 19 -2
8 35 -3
8 36 2
9 14 2
9 15 -4
9 17 4
9 19 4
9 20 2
9 26 -3
9 29 -2
9 30 -3
9 36 3
10 16 -4
10 18 3
10 23 -4
11 13 -3
11 14 -4
11 20 -3
11 21 4
11 27 3
11 28 -3
11 32 -4
11 35 -2
12 13 -3
12 15 -3
12 25 -2
12 26 -3
12 36 4
12 39 -4
13 14 -2
13 28 -4
13 37 -2
14 15 3
14 18 -3
14 19 4
14 20 3
14 22 -3
14 25 4
14 30 2
14 34 -3
14 35 -2
15 23 -4
15 26 -3
15 29 -4
16 32 -4
16 33 2
16 35 -4
17 23 -2
17 32 -2
17 33 2
17 37 3
18 19 -2
18 21 2
18 23 3
18 29 2
18 34 -3
18 35 2
19 24 4
19 31 -4
19 33 3
19 35 -4
20 22 -3
20 23 2
20 32 -2
20 33 -3
21 39 -4
22 30 2
22 34 -4
22 39 -2
23 26 3
23 28 -4
23 30 -2
24 25 2
25 31 -4
25 35 -4
26 36 4
27 29 2
28 31 -4
28 32 -2
28 33 -2
29 31 3
29 35 -4
29 36 -4
30 35 -2
31 32 4
31 37 -2
33 38 2
33 39 3
34 37 3
35 36 -3
37 39 4
-1
-260
