er_40_8_32
40
-4
18
-11
11
-27
29
26
-8
30
13
31
-29
17
4
-4
13
-4
23
-19
-30
27
29
5
-27
15
15
4
14
-25
-10
-24
-28
-19
-3
-13
8
25
2
12
-24
0 2 2
0 5 31
0 20 7
0 24 17
0 26 10
1 4 -6
1 8 32
1 11 -18
1 13 23
1 16 18
1 18 -10
1 23 -20
1 25 -28
1 27 13
1 35 -13
1 36 12
1 37 -19
1 38 11
1 39 -12
2 13 -18
2 20 -15
2 22 30
2 25 30
2 27 6
3 4 3
3 6 24
3 8 7
3 13 -21
3 16 18
3 20 -28
3 21 -24
3 25 3
3 39 23
4 8 -21
4 16 -16
4 19 -24
4 23 -6
4 37 -11
5 14 6
5 16 -10
5 17 -24
5 19 -14
5 21 -30
5 23 -26
5 34 3
5 37 -17
5 39 11
6 12 6
6 16 -5
6 18 18
6 25 -11
6 36 -4
6 37 -19
6 39 23
7 8 26
7 11 -16
7 22 24
7 25 16
7 27 -15
7 30 -18
8 11 -8
8 13 -15
8 19 -29
8 35 31
8 36 -6
9 14 20
9 15 3
9 17 -26
9 19 -19
9 20 -11
9 26 -17
9 29 21
9 30 20
9 36 28
10 16 8
10 18 -20
10 23 15
11 13 26
11 14 28
11 20 -22
11 21 12
11 27 7
11 28 -22
11 32 26
11 35 4
12 13 24
12 15 9
12 25 -28
12 26 -20
12 36 17
12 39 -14
13 14 15
13 28 14
13 37 24
14 15 31
14 18 31
14 19 -24
14 20 25
14 22 -21
14 25 -20
14 30 4
14 34 30
14 35 2
15 23 -16
15 26 -18
15 29 5
16 32 23
16 33 29
16 35 -19
17 23 11
17 32 27
17 33 -12
17 37 3
18 19 4
18 21 12
18 23 31
18 29 6
18 34 17
18 35 -21
19 24 -27
19 31 -31
19 33 25
19 35 -5
20 22 2
20 23 -28
20 32 -10
20 33 -20
21 39 24
22 30 -4
22 34 20
22 39 16
23 26 26
23 28 9
23 30 29
24 25 14
25 31 8
25 35 25
26 36 -2
27 29 -24
28 31 -12
28 32 32
28 33 -17
29 31 -28
29 35 29
29 36 27
30 35 22
31 32 -30
31 37 -4
33 38 12
33 39 -26
34 37 8
35 36 -15
37 39 30
-1
-1646
