er_40_8_8
40
2
3
2
-6
-3
2
5
2
6
2
-6
3
6
4
3
6
-5
4
6
-6
4
-2
3
-4
3
6
2
-6
5
-2
4
2
-3
3
2
3
-7
2
8
5
0 2 -8
0 5 -5
0 20 4
0 24 2
0 26 3
1 4 -8
1 8 -7
1 11 -6
1 13 -8
1 16 5
1 18 -7
1 23 -4
1 25 -5
1 27 -4
1 35 4
1 36 2
1 37 -7
1 38 -8
1 39 8
2 13 -6
2 20 8
2 22 -3
2 25 -6
2 27 -8
3 4 -4
3 6 -5
3 8 -6
3 13 -4
3 16 -5
3 20 -6
3 21 3
3 25 -7
3 39 3
4 8 -2
4 16 5
4 19 4
4 23 3
4 37 -5
5 14 -8
5 16 8
5 17 3
5 19 -4
5 21 2
5 23 -2
5 34 4
5 37 -6
5 39 7
6 12 -6
6 16 -8
6 18 2
6 25 2
6 36 2
6 37 -8
6 39 3
7 8 -7
7 11 -4
7 22 7
7 25 -6
7 27 -3
7 30 7
8 11 -4
8 13 -4
8 19 -4
8 35 4
8 36 -7
9 14 4
9 15 -4
9 17 2
9 19 -3
9 20 8
9 26 4
9 29 -2
9 30 6
9 36 5
10 16 -3
10 18 -2
10 23 2
11 13 4
11 14 -8
11 20 2
11 21 -6
11 27 -2
11 28 8
11 32 4
11 35 5
12 13 -4
12 15 -3
12 25 7
12 26 5
12 36 -3
12 39 5
13 14 -4
13 28 -5
13 37 6
14 15 5
14 18 7
14 19 -6
14 20 -7
14 22 6
14 25 4
14 30 -5
14 34 -8
14 35 -7
15 23 -4
15 26 -6
15 29 5
16 32 2
16 33 3
16 35 4
17 23 6
17 32 2
17 33 7
17 37 6
18 19 5
18 21 5
18 23 -3
18 29 -3
18 34 -7
18 35 8
19 24 6
19 31 5
19 33 -8
19 35 4
20 22 7
20 23 8
20 32 8
20 33 5
21 39 -5
22 30 -7
22 34 4
22 39 7
23 26 -2
23 28 -5
23 30 7
24 25 2
25 31 -6
25 35 4
26 36 -4
27 29 -4
28 31 -6
28 32 4
28 33 4
29 31 2
29 35 2
29 36 -6
30 35 -6
31 32 2
31 37 -5
33 38 3
33 39 3
34 37 -4
35 36 7
37 39 7
-1
-450
