er_40_6_64
40
58
46
-4
-62
40
36
4
-26
42
-29
9
-44
57
-29
4
-18
23
12
5
57
51
27
50
-9
-48
34
-58
-9
44
-53
-58
-34
-13
-5
50
58
-35
45
-6
-55
0 2 -46
0 24 13
0 26 42
1 4 20
1 8 63
1 11 12
1 13 25
1 16 -13
1 18 53
1 25 -58
1 27 42
1 35 31
1 36 -37
1 37 -5
1 38 58
1 39 -51
2 13 6
2 22 63
2 25 -24
2 27 6
3 6 32
3 8 31
3 13 -36
3 20 -50
3 21 57
3 39 -39
4 8 -46
4 23 59
4 37 49
5 16 -15
5 17 2
5 19 64
5 21 42
5 23 56
5 34 50
5 37 52
6 16 -39
6 18 -42
6 39 2
7 11 7
7 30 -9
8 11 -62
8 13 -35
8 19 21
8 35 7
8 36 -51
9 14 50
9 15 -9
9 20 -40
9 26 6
9 30 26
9 36 35
10 16 53
10 23 -34
11 13 62
11 14 -18
11 20 22
11 27 24
11 35 7
12 13 38
12 25 25
12 26 -64
12 36 35
12 39 54
13 28 -52
14 15 -20
14 18 -12
14 20 -64
14 22 38
14 25 -42
14 30 45
14 34 -17
15 23 -54
15 29 -16
16 32 48
17 23 17
17 37 -27
18 23 -48
18 29 64
18 34 -52
18 35 56
19 31 -26
19 35 -14
20 22 -2
20 32 37
21 39 -61
22 30 -22
22 34 56
22 39 -2
23 26 -5
23 28 -46
23 30 31
25 31 8
25 35 -39
27 29 -27
28 31 52
28 32 -37
28 33 55
29 31 -43
29 35 -58
30 35 32
31 32 -47
31 37 9
33 39 14
35 36 45
37 39 57
-1
-2803
