er_40_6_16
40
13
-12
9
2
-11
11
-8
3
-6
7
9
-7
-16
-6
-9
10
5
4
-12
-14
16
-4
-13
15
5
-13
-2
4
-13
-15
3
2
-4
-8
9
-3
-15
15
-11
2
0 2 -10
0 24 12
0 26 -13
1 4 -15
1 8 14
1 11 14
1 13 -14
1 16 -10
1 18 7
1 25 -6
1 27 6
1 35 -10
1 36 -3
1 37 4
1 38 -10
1 39 14
2 13 14
2 22 -2
2 25 -10
2 27 8
3 6 -4
3 8 3
3 13 -3
3 20 14
3 21 9
3 39 2
4 8 6
4 23 11
4 37 13
5 16 5
5 17 -13
5 19 -3
5 21 4
5 23 -2
5 34 2
5 37 -11
6 16 15
6 18 -7
6 39 7
7 11 9
7 30 7
8 11 -16
8 13 -5
8 19 13
8 35 4
8 36 6
9 14 12
9 15 3
9 20 -9
9 26 5
9 30 13
9 36 6
10 16 -5
10 23 -9
11 13 -15
11 14 2
11 20 6
11 27 15
11 35 9
12 13 2
12 25 -14
12 26 -9
12 36 -10
12 39 4
13 28 -16
14 15 7
14 18 -11
14 20 4
14 22 -16
14 25 7
14 30 -7
14 34 -2
15 23 -6
15 29 -7
16 32 -13
17 23 14
17 37 -13
18 23 -11
18 29 7
18 34 -15
18 35 3
19 31 -9
19 35 -5
20 22 14
20 32 -5
21 39 -5
22 30 -8
22 34 7
22 39 10
23 26 5
23 28 7
23 30 12
25 31 -3
25 35 -2
27 29 12
28 31 -12
28 32 -8
28 33 3
29 31 11
29 35 -14
30 35 5
31 32 2
31 37 10
33 39 -16
35 36 -10
37 39 -13
-1
-803
