er_40_4_32
40
5
-8
7
-29
8
-8
12
-30
-17
3
-2
7
-14
11
5
16
14
-15
27
-3
-29
-23
-24
-31
14
-7
29
22
9
11
11
-23
6
-6
-17
26
-16
-3
-25
31
0 26 -18
1 4 5
1 11 -12
1 16 13
1 25 -26
1 36 -20
1 38 -19
1 39 8
2 25 -29
2 27 10
3 6 14
3 8 11
3 13 -11
3 20 11
3 21 -17
4 8 19
5 16 -15
5 21 25
5 34 -6
6 16 -9
6 39 -4
7 11 -15
7 30 -22
8 11 19
8 13 -4
8 36 32
9 15 23
9 20 2
9 30 16
9 36 -13
10 23 -6
11 13 22
11 20 -5
11 27 10
11 35 -25
12 13 -13
12 25 23
12 26 -21
12 36 -2
12 39 20
14 15 15
14 18 14
14 20 10
14 22 -9
14 30 -8
14 34 14
15 23 -9
15 29 7
18 23 -31
18 34 12
18 35 11
20 22 12
20 32 -6
21 39 -24
22 30 -8
22 39 30
23 30 -26
27 29 -6
28 31 26
28 32 -24
28 33 -5
29 35 16
30 35 -8
31 32 -13
31 37 -6
37 39 32
-1
-975
