er_40_4_4
40
-4
-3
-3
4
3
-3
3
-2
2
4
4
4
2
3
-2
-2
-2
2
3
-3
-2
-2
3
2
3
4
4
3
4
-4
-4
2
4
3
-4
-4
-2
-2
3
-4
0 26 -4
1 4 -4
1 11 3
1 16 3
1 25 -4
1 36 -3
1 38 -4
1 39 4
2 25 -4
2 27 -2
3 6 -2
3 8 -2
3 13 3
3 20 -4
3 21 4
4 8 4
5 16 -2
5 21 4
5 34 -3
6 16 -3
6 39 4
7 11 4
7 30 2
8 11 -3
8 13 -3
8 36 2
9 15 -3
9 20 -4
9 30 4
9 36 -3
10 23 3
11 13 -3
11 20 2
11 27 3
11 35 -2
12 13 -2
12 25 -4
12 26 3
12 36 3
12 39 3
14 15 4
14 18 4
14 20 2
14 22 -2
14 30 -3
14 34 -4
15 23 4
15 29 2
18 23 -3
18 34 2
18 35 3
20 22 -3
20 32 4
21 39 2
22 30 3
22 39 2
23 30 -3
27 29 -2
28 31 -2
28 32 2
28 33 -2
29 35 -2
30 35 2
31 32 2
31 37 4
37 39 3
-1
-196
