er_40_4_64
40
-48
-25
50
53
-47
-35
43
15
13
50
47
-30
6
-20
20
-61
-6
-40
-9
53
-45
-10
32
-53
-12
46
34
55
12
-55
44
-32
-23
-52
-18
-17
19
20
7
35
0 26 47
1 4 -54
1 11 -25
1 16 -24
1 25 -41
1 36 -63
1 38 62
1 39 32
2 25 -58
2 27 -41
3 6 -31
3 8 23
3 13 64
3 20 52
3 21 37
4 8 -44
5 16 -57
5 21 -10
5 34 15
6 16 7
6 39 -25
7 11 45
7 30 63
8 11 5
8 13 -49
8 36 13
9 15 56
9 20 43
9 30 -28
9 36 -2
10 23 -37
11 13 -24
11 20 -11
11 27 45
11 35 -29
12 13 34
12 25 -13
12 26 43
12 36 -34
12 39 34
14 15 34
14 18 -51
14 20 25
14 22 54
14 30 -51
14 34 -60
15 23 -59
15 29 3
18 23 15
18 34 -39
18 35 -56
20 22 3
20 32 47
21 39 -10
22 30 -50
22 39 54
23 30 -20
27 29 34
28 31 55
28 32 -15
28 33 41
29 35 -43
30 35 25
31 32 13
31 37 27
37 39 49
-1
-2617
