er_40_4_8
40
-6
2
4
-5
6
-8
-4
2
-2
5
4
8
-2
6
3
-4
-8
7
6
6
-3
7
-8
4
-7
-4
-6
2
5
-7
7
-7
-8
-4
5
5
7
-2
-5
7
0 26 -4
1 4 4
1 11 -3
1 16 6
1 25 6
1 36 8
1 38 -7
1 39 2
2 25 2
2 27 -5
3 6 5
3 8 2
3 13 -2
3 20 -2
3 21 -7
4 8 -6
5 16 4
5 21 7
5 34 5
6 16 3
6 39 -2
7 11 2
7 30 7
8 11 -7
8 13 5
8 36 -4
9 15 3
9 20 3
9 30 3
9 36 5
10 23 2
11 13 -2
11 20 -3
11 27 7
11 35 -3
12 13 -5
12 25 -4
12 26 -7
12 36 4
12 39 -6
14 15 -3
14 18 -8
14 20 -7
14 22 4
14 30 -6
14 34 8
15 23 -3
15 29 8
18 23 8
18 34 3
18 35 8
20 22 7
20 32 2
21 39 -5
22 30 -3
22 39 -5
23 30 7
27 29 3
28 31 -6
28 32 7
28 33 -5
29 35 -7
30 35 7
31 32 8
31 37 -6
37 39 6
-1
-304
