er_40_10_32
40
-21
-29
-23
-17
-19
-5
8
-23
-30
-23
21
-14
23
-15
16
15
8
16
29
6
31
22
18
-32
-5
-21
11
10
29
4
-25
-19
16
10
-30
16
4
25
-5
19
0 2 -8
0 5 -12
0 20 12
0 23 -29
0 24 -6
0 26 -2
0 34 26
1 4 13
1 8 22
1 11 4
1 13 -28
1 16 -32
1 18 -13
1 23 9
1 25 -17
1 27 -20
1 35 23
1 36 -15
1 37 -7
1 38 25
1 39 25
2 13 30
2 19 21
2 20 -8
2 21 -12
2 22 6
2 25 22
2 27 22
2 37 -5
2 39 -28
3 4 27
3 5 2
3 6 24
3 8 -23
3 13 15
3 16 -14
3 18 -20
3 20 17
3 21 6
3 25 -26
3 39 -18
4 8 -23
4 16 -27
4 19 -17
4 23 29
4 31 4
4 35 -2
4 37 -30
5 7 30
5 14 26
5 16 7
5 17 -2
5 19 4
5 21 -9
5 23 7
5 34 -16
5 37 5
5 39 -31
6 12 -9
6 16 -10
6 18 21
6 25 -12
6 30 -19
6 36 28
6 37 -8
6 39 30
7 8 -14
7 11 22
7 15 17
7 22 -32
7 25 -24
7 27 -20
7 30 -24
8 11 31
8 13 -19
8 15 13
8 17 11
8 18 6
8 19 8
8 32 -32
8 35 -30
8 36 -8
9 14 -25
9 15 -4
9 17 -7
9 19 19
9 20 -25
9 26 -29
9 29 -11
9 30 29
9 36 24
10 16 24
10 18 -14
10 19 16
10 23 12
10 34 -27
11 13 -16
11 14 -7
11 19 -32
11 20 -26
11 21 9
11 27 -32
11 28 -27
11 32 -26
11 35 -17
12 13 10
12 15 -30
12 25 -26
12 26 4
12 36 27
12 38 -20
12 39 -5
13 14 -16
13 28 -19
13 37 -25
14 15 11
14 18 5
14 19 -23
14 20 -5
14 22 -27
14 25 8
14 27 -14
14 30 -24
14 34 31
14 35 28
15 23 23
15 26 -7
15 29 23
15 32 21
16 32 -6
16 33 -8
16 35 26
17 23 14
17 24 21
17 32 28
17 33 -24
17 34 22
17 37 -7
18 19 -20
18 21 -29
18 23 -5
18 25 -22
18 29 -29
18 34 -6
18 35 23
19 24 12
19 28 30
19 29 -12
19 31 24
19 33 -19
19 35 10
20 22 -5
20 23 -17
20 32 5
20 33 -29
21 28 -28
21 39 -25
22 30 -21
22 32 -4
22 34 20
22 39 -4
23 26 -27
23 28 5
23 30 -8
24 25 -22
24 26 28
24 29 23
25 27 27
25 28 -22
25 31 -19
25 35 -31
26 36 22
27 29 -14
28 31 6
28 32 19
28 33 19
28 37 -32
29 30 -13
29 31 6
29 35 -2
29 36 25
30 34 4
30 35 -32
31 32 13
31 37 -3
33 38 4
33 39 12
34 37 -14
34 38 -24
35 36 30
37 39 -27
-1
-1960
