er_40_12_8
40
8
3
-2
-8
7
-7
2
8
2
3
6
8
7
-8
4
7
-7
7
3
4
2
2
8
-3
8
-6
-7
-2
-4
8
4
-7
3
-6
8
-7
-6
-7
7
-2
0 2 8
0 3 5
0 5 -8
0 7 -3
0 14 -3
0 20 3
0 23 -7
0 24 -5
0 26 5
0 28 -4
0 31 8
0 34 4
0 39 -3
1 4 4
1 8 8
1 10 -4
1 11 -7
1 13 -8
1 16 8
1 18 7
1 20 -8
1 22 4
1 23 6
1 24 8
1 25 5
1 27 -8
1 35 -8
1 36 -4
1 37 -2
1 38 5
1 39 4
2 6 2
2 13 -2
2 19 8
2 20 -6
2 21 -7
2 22 -8
2 23 -4
2 24 7
2 25 -5
2 27 -2
2 33 -6
2 37 6
2 38 3
2 39 4
3 4 5
3 5 7
3 6 8
3 8 3
3 12 -2
3 13 -5
3 16 4
3 18 5
3 20 8
3 21 8
3 23 -5
3 25 5
3 28 -6
3 38 -4
3 39 8
4 8 2
4 10 -8
4 16 4
4 19 -5
4 23 5
4 31 3
4 35 -6
4 37 -3
5 7 -4
5 8 8
5 14 2
5 16 -6
5 17 -5
5 19 -2
5 21 3
5 23 2
5 34 5
5 35 2
5 37 -8
5 39 2
6 12 -7
6 16 -2
6 17 5
6 18 8
6 25 3
6 30 -4
6 36 5
6 37 4
6 39 -6
7 8 -8
7 11 -5
7 15 -7
7 17 -4
7 22 -3
7 25 7
7 27 2
7 30 -5
8 11 -3
8 13 2
8 14 -7
8 15 8
8 17 2
8 18 5
8 19 -8
8 32 -4
8 35 -5
8 36 -4
9 14 -2
9 15 -3
9 17 -5
9 19 8
9 20 8
9 26 -7
9 29 2
9 30 6
9 36 -4
10 16 4
10 18 5
10 19 -6
10 23 3
10 25 3
10 34 -2
11 12 7
11 13 -4
11 14 -8
11 16 4
11 19 7
11 20 4
11 21 -4
11 27 5
11 28 -5
11 32 -7
11 35 4
11 39 7
12 13 8
12 14 8
12 15 7
12 25 -8
12 26 -5
12 35 -6
12 36 3
12 38 -5
12 39 6
13 14 -4
13 28 -5
13 37 6
14 15 5
14 18 2
14 19 7
14 20 5
14 22 -4
14 25 7
14 27 -6
14 30 -3
14 34 -5
14 35 8
15 23 -5
15 26 -6
15 29 8
15 31 2
15 32 -3
16 32 -2
16 33 -2
16 35 -7
17 23 5
17 24 -3
17 32 5
17 33 3
17 34 7
17 37 8
18 19 8
18 21 -3
18 23 6
18 25 3
18 28 -7
18 29 3
18 34 3
18 35 -3
19 24 -3
19 28 5
19 29 2
19 31 -3
19 33 -8
19 35 -8
20 22 5
20 23 -2
20 31 -4
20 32 -6
20 33 -6
20 36 2
21 28 2
21 39 2
22 29 -8
22 30 7
22 32 -7
22 34 -7
22 39 7
23 26 -2
23 28 5
23 30 8
23 32 -8
24 25 2
24 26 -5
24 29 2
25 27 -5
25 28 -5
25 31 -3
25 35 -7
26 36 -4
27 29 2
27 38 -2
28 31 8
28 32 -8
28 33 5
28 37 2
29 30 3
29 31 -4
29 35 2
29 36 -6
30 34 2
30 35 -4
31 32 -5
31 34 -3
31 37 -6
31 38 -3
33 38 -3
33 39 -5
34 37 7
34 38 -7
35 36 4
37 39 2
-1
-593
