er_40_6_8
40
-8
4
2
-2
2
-6
2
-5
-5
2
4
4
3
8
-8
3
-8
7
3
-2
-3
-6
8
-8
-5
2
-6
5
-8
-7
3
-5
-3
-8
-6
-2
-2
-5
5
2
0 2 3
0 24 -6
0 26 6
1 4 4
1 8 3
1 11 -4
1 13 6
1 16 7
1 18 -8
1 25 -6
1 27 -2
1 35 2
1 36 7
1 37 -7
1 38 4
1 39 2
2 13 -8
2 22 5
2 25 4
2 27 -5
3 6 6
3 8 5
3 13 6
3 20 -8
3 21 2
3 39 -8
4 8 7
4 23 2
4 37 2
5 16 6
5 17 2
5 19 -6
5 21 -5
5 23 -6
5 34 5
5 37 8
6 16 -3
6 18 5
6 39 -8
7 11 2
7 30 3
8 11 4
8 13 4
8 19 2
8 35 8
8 36 6
9 14 8
9 15 -5
9 20 4
9 26 8
9 30 -7
9 36 2
10 16 -8
10 23 5
11 13 4
11 14 3
11 20 -6
11 27 8
11 35 7
12 13 2
12 25 -7
12 26 -5
12 36 6
12 39 -7
13 28 -3
14 15 -7
14 18 -6
14 20 -7
14 22 -6
14 25 7
14 30 -6
14 34 -8
15 23 -3
15 29 7
16 32 8
17 23 -2
17 37 -3
18 23 -5
18 29 -4
18 34 -8
18 35 5
19 31 2
19 35 6
20 22 -6
20 32 2
21 39 -7
22 30 4
22 34 7
22 39 -4
23 26 3
23 28 -4
23 30 -5
25 31 2
25 35 4
27 29 6
28 31 -3
28 32 4
28 33 -6
29 31 3
29 35 -3
30 35 8
31 32 5
31 37 -7
33 39 7
35 36 7
37 39 6
-1
-377
