er_40_4_16
40
7
15
12
15
9
7
6
-9
-5
-4
-8
-10
12
10
4
7
-11
11
12
-2
11
5
-3
-5
3
4
-16
10
4
16
-10
-15
15
-2
-6
16
-11
10
9
5
0 26 -6
1 4 -8
1 11 2
1 16 13
1 25 13
1 36 6
1 38 6
1 39 8
2 25 13
2 27 10
3 6 -9
3 8 11
3 13 11
3 20 -2
3 21 -4
4 8 16
5 16 -16
5 21 -8
5 34 11
6 16 16
6 39 10
7 11 -15
7 30 -15
8 11 -6
8 13 -15
8 36 -6
9 15 -4
9 20 -12
9 30 6
9 36 9
10 23 12
11 13 -5
11 20 -14
11 27 14
11 35 -16
12 13 6
12 25 -10
12 26 12
12 36 6
12 39 -13
14 15 16
14 18 -8
14 20 -3
14 22 -14
14 30 -11
14 34 -15
15 23 11
15 29 14
18 23 5
18 34 16
18 35 -15
20 22 -11
20 32 -12
21 39 8
22 30 -7
22 39 -3
23 30 -4
27 29 -6
28 31 -12
28 32 2
28 33 11
29 35 -9
30 35 11
31 32 5
31 37 8
37 39 -6
-1
-642
