er_40_6_4
40
2
3
-3
-4
4
-4
-4
-3
2
3
-3
-4
3
-3
2
-2
-4
4
-4
-3
4
-3
4
3
4
-4
-4
2
-3
4
2
-4
-2
-3
-3
-4
4
4
2
-4
0 2 2
0 24 -3
0 26 4
1 4 -4
1 8 3
1 11 -2
1 13 -2
1 16 4
1 18 -2
1 25 3
1 27 2
1 35 3
1 36 -2
1 37 -3
1 38 -4
1 39 -2
2 13 3
2 22 -3
2 25 -4
2 27 -2
3 6 -2
3 8 -3
3 13 -4
3 20 3
3 21 3
3 39 4
4 8 -4
4 23 -3
4 37 -4
5 16 4
5 17 2
5 19 3
5 21 -2
5 23 -3
5 34 2
5 37 -3
6 16 3
6 18 2
6 39 -3
7 11 4
7 30 -2
8 11 4
8 13 -2
8 19 -2
8 35 4
8 36 4
9 14 -4
9 15 -4
9 20 3
9 26 2
9 30 2
9 36 -2
10 16 -4
10 23 3
11 13 2
11 14 4
11 20 -2
11 27 -2
11 35 -4
12 13 2
12 25 -4
12 26 -3
12 36 3
12 39 3
13 28 2
14 15 -4
14 18 -4
14 20 2
14 22 2
14 25 3
14 30 3
14 34 -3
15 23 -4
15 29 2
16 32 4
17 23 -4
17 37 2
18 23 2
18 29 -2
18 34 -4
18 35 3
19 31 -3
19 35 4
20 22 2
20 32 -3
21 39 -3
22 30 -2
22 34 -2
22 39 -2
23 26 -4
23 28 4
23 30 2
25 31 2
25 35 4
27 29 -3
28 31 4
28 32 4
28 33 -3
29 31 -4
29 35 4
30 35 -4
31 32 2
31 37 2
33 39 4
35 36 4
37 39 -3
-1
-238
