er_40_12_4
40
4
-3
2
2
4
4
4
-3
-3
-2
3
-4
-4
-3
3
2
4
2
2
-2
4
2
-3
-2
-4
-2
-2
3
2
2
-3
4
-4
-3
-2
-2
2
-2
3
2
0 2 -2
0 3 -4
0 5 -3
0 7 -3
0 14 -4
0 20 -3
0 23 -4
0 24 2
0 26 -2
0 28 3
0 31 -2
0 34 -3
0 39 4
1 4 3
1 8 3
1 10 -2
1 11 -2
1 13 -2
1 16 3
1 18 3
1 20 -2
1 22 2
1 23 2
1 24 2
1 25 -4
1 27 3
1 35 4
1 36 -4
1 37 -4
1 38 -2
1 39 2
2 6 -3
2 13 3
2 19 3
2 20 4
2 21 -2
2 22 3
2 23 3
2 24 2
2 25 2
2 27 -4
2 33 4
2 37 -2
2 38 -3
2 39 4
3 4 -4
3 5 -3
3 6 4
3 8 4
3 12 4
3 13 -2
3 16 -2
3 18 -2
3 20 -3
3 21 -3
3 23 -2
3 25 -3
3 28 -3
3 38 -3
3 39 3
4 8 -3
4 10 3
4 16 -4
4 19 2
4 23 -4
4 31 -2
4 35 4
4 37 -4
5 7 4
5 8 -4
5 14 -4
5 16 -4
5 17 -3
5 19 -3
5 21 3
5 23 -4
5 34 2
5 35 4
5 37 -2
5 39 -2
6 12 -4
6 16 -3
6 17 -2
6 18 3
6 25 2
6 30 -4
6 36 -3
6 37 -3
6 39 -3
7 8 3
7 11 -4
7 15 -4
7 17 -2
7 22 4
7 25 -4
7 27 -2
7 30 4
8 11 -3
8 13 2
8 14 -4
8 15 2
8 17 3
8 18 -2
8 19 4
8 32 2
8 35 -4
8 36 -2
9 14 -4
9 15 3
9 17 -3
9 19 2
9 20 -2
9 26 -3
9 29 -3
9 30 4
9 36 -2
10 16 3
10 18 -3
10 19 -2
10 23 4
10 25 3
10 34 -2
11 12 2
11 13 3
11 14 2
11 16 -4
11 19 -2
11 20 -2
11 21 2
11 27 4
11 28 2
11 32 2
11 35 -3
11 39 4
12 13 2
12 14 2
12 15 -2
12 25 3
12 26 3
12 35 4
12 36 4
12 38 3
12 39 -2
13 14 -3
13 28 -2
13 37 4
14 15 3
14 18 4
14 19 -2
14 20 3
14 22 -4
14 25 -4
14 27 -3
14 30 2
14 34 -2
14 35 3
15 23 4
15 26 4
15 29 -3
15 31 3
15 32 -3
16 32 2
16 33 -3
16 35 -3
17 23 4
17 24 2
17 32 2
17 33 4
17 34 2
17 37 3
18 19 -2
18 21 4
18 23 4
18 25 4
18 28 3
18 29 -2
18 34 2
18 35 2
19 24 3
19 28 2
19 29 4
19 31 3
19 33 2
19 35 -3
20 22 4
20 23 4
20 31 2
20 32 4
20 33 -3
20 36 -2
21 28 2
21 39 -3
22 29 -3
22 30 3
22 32 -4
22 34 3
22 39 -4
23 26 3
23 28 2
23 30 -3
23 32 4
24 25 2
24 26 -4
24 29 -2
25 27 4
25 28 -4
25 31 -4
25 35 3
26 36 4
27 29 2
27 38 2
28 31 3
28 32 2
28 33 4
28 37 -2
29 30 3
29 31 3
29 35 4
29 36 3
30 34 3
30 35 4
31 32 -3
31 34 -4
31 37 3
31 38 -2
33 38 -4
33 39 -4
34 37 -2
34 38 -4
35 36 3
37 39 3
-1
-311
