er_40_12_64
40
51
7
-12
-31
-26
-55
28
-48
-40
-42
54
-14
11
55
-16
5
-62
-31
-50
2
41
-2
15
-36
59
28
2
-37
18
55
-43
-61
4
-6
-15
-28
-45
36
-29
53
0 2 -3
0 3 3
0 5 -13
0 7 17
0 14 10
0 20 -37
0 23 7
0 24 -5
0 26 -52
0 28 44
0 31 6
0 34 20
0 39 4
1 4 7
1 8 48
1 10 41
1 11 -33
1 13 -52
1 16 -18
1 18 24
1 20 -55
1 22 -25
1 23 62
1 24 -43
1 25 -24
1 27 -53
1 35 -47
1 36 14
1 37 34
1 38 -29
1 39 -13
2 6 -45
2 13 28
2 19 43
2 20 -59
2 21 -39
2 22 26
2 23 39
2 24 -24
2 25 -55
2 27 -3
2 33 -28
2 37 -9
2 38 -17
2 39 44
3 4 -42
3 5 62
3 6 60
3 8 -5
3 12 46
3 13 -21
3 16 38
3 18 64
3 20 -25
3 21 -19
3 23 -2
3 25 43
3 28 12
3 38 -40
3 39 -50
4 8 50
4 10 -37
4 16 -41
4 19 24
4 23 18
4 31 64
4 35 -8
4 37 -17
5 7 -5
5 8 31
5 14 36
5 16 -9
5 17 -15
5 19 -27
5 21 -14
5 23 24
5 34 2
5 35 -41
5 37 23
5 39 -19
6 12 9
6 16 -61
6 17 -8
6 18 -10
6 25 -64
6 30 -6
6 36 53
6 37 59
6 39 38
7 8 -17
7 11 4
7 15 18
7 17 62
7 22 -50
7 25 -17
7 27 -42
7 30 -2
8 11 11
8 13 63
8 14 -25
8 15 49
8 17 -52
8 18 33
8 19 -5
8 32 -38
8 35 8
8 36 3
9 14 21
9 15 40
9 17 -62
9 19 -14
9 20 29
9 26 -44
9 29 58
9 30 47
9 36 -26
10 16 25
10 18 -4
10 19 55
10 23 -44
10 25 29
10 34 5
11 12 2
11 13 56
11 14 28
11 16 37
11 19 -6
11 20 -30
11 21 -8
11 27 31
11 28 58
11 32 -30
11 35 4
11 39 -32
12 13 -17
12 14 -21
12 15 25
12 25 -54
12 26 56
12 35 38
12 36 50
12 38 -33
12 39 61
13 14 15
13 28 -12
13 37 -13
14 15 29
14 18 50
14 19 48
14 20 -46
14 22 -2
14 25 -10
14 27 11
14 30 -8
14 34 13
14 35 62
15 23 40
15 26 -60
15 29 9
15 31 -10
15 32 63
16 32 23
16 33 -44
16 35 -11
17 23 -6
17 24 59
17 32 40
17 33 4
17 34 -57
17 37 41
18 19 -57
18 21 39
18 23 -16
18 25 -37
18 28 -64
18 29 -62
18 34 -35
18 35 -13
19 24 13
19 28 -64
19 29 -42
19 31 -2
19 33 -38
19 35 -3
20 22 -46
20 23 51
20 31 39
20 32 -31
20 33 30
20 36 -29
21 28 3
21 39 9
22 29 -4
22 30 -36
22 32 32
22 34 59
22 39 -48
23 26 -45
23 28 -18
23 30 49
23 32 -28
24 25 16
24 26 23
24 29 9
25 27 -61
25 28 -35
25 31 -23
25 35 -40
26 36 -4
27 29 -27
27 38 -33
28 31 51
28 32 -7
28 33 2
28 37 -48
29 30 -20
29 31 29
29 35 -59
29 36 12
30 34 51
30 35 -25
31 32 -11
31 34 -31
31 37 -36
31 38 -54
33 38 -61
33 39 30
34 37 -50
34 38 55
35 36 39
37 39 -39
-1
-4307
