er_60_6_4
60
4
-4
-2
4
4
-3
-4
4
-3
-4
-3
2
3
4
3
3
3
3
2
4
4
-2
-4
3
-2
2
4
-3
2
2
3
-4
-2
3
4
-3
3
3
4
4
-4
3
-2
2
2
2
-2
2
4
-3
-2
3
2
4
-3
4
-3
-2
2
-3
0 26 -3
0 42 -2
0 49 4
0 54 3
1 5 3
1 16 -2
1 18 2
1 19 4
1 42 4
1 44 2
1 59 -3
2 4 3
2 9 4
2 16 -4
2 17 2
2 39 3
3 25 -4
3 30 -3
3 43 -2
3 58 -3
4 26 -3
4 30 4
4 49 -4
5 7 -3
5 9 2
5 32 -3
5 41 -3
5 46 -3
5 56 2
6 9 2
6 25 2
6 43 -3
6 50 -3
6 57 -3
7 13 4
7 18 -2
7 30 -4
7 31 -4
7 41 3
8 20 3
8 23 -3
8 25 4
8 27 4
8 35 -2
8 39 2
8 52 -4
8 58 3
10 19 -3
10 30 3
10 31 3
10 57 2
11 19 -2
11 44 -4
11 52 3
12 14 -4
12 21 -2
13 28 2
13 41 -3
13 42 -3
13 43 -2
13 55 -2
14 19 2
14 24 -3
14 29 -2
14 58 4
15 16 -4
15 17 -3
15 20 2
15 27 3
15 28 -4
15 43 2
15 44 4
16 35 3
16 37 -2
16 39 2
16 47 -3
17 32 -4
17 38 3
17 43 3
18 30 -3
19 33 2
19 36 2
20 32 3
20 34 2
20 38 -4
20 42 3
20 47 4
20 51 3
21 26 4
21 45 3
22 47 2
22 49 4
22 56 3
23 38 -4
23 44 4
24 25 3
24 29 -3
24 35 -3
24 40 2
24 52 -3
26 33 3
26 35 -3
26 38 -2
26 55 -2
27 37 -2
27 49 2
27 50 -2
27 52 -3
27 53 2
27 59 -3
28 41 3
28 45 -3
28 51 3
29 31 3
29 46 3
29 53 -3
29 55 2
30 39 2
30 42 -4
31 34 -4
31 37 -2
31 40 2
31 41 -2
31 50 3
31 57 -2
32 35 4
32 37 2
32 58 -2
33 35 -2
33 37 -4
33 43 -2
33 49 -4
34 35 -2
34 37 3
34 39 -3
35 45 4
35 52 -2
35 53 4
37 48 -3
37 55 -4
38 39 4
38 42 2
38 52 -3
39 41 2
39 43 -2
39 53 -2
39 54 4
39 55 -3
39 59 -3
41 49 -3
41 50 2
41 51 -3
41 57 -4
41 59 2
43 46 4
43 56 -3
43 58 -2
44 52 -4
44 56 4
44 58 3
45 47 3
45 57 2
45 59 -4
46 51 2
46 54 3
47 50 2
47 52 -4
47 55 -3
48 53 -4
50 54 -2
50 58 -3
51 52 4
51 54 3
51 56 -4
52 53 4
53 55 2
-1
-354
