er_60_8_16
60
14
13
12
-12
-2
-10
-11
4
11
9
14
-10
13
-5
8
2
-5
-6
-16
-6
8
-10
14
-6
-12
-15
5
-7
-11
-7
-2
-9
13
-15
-8
-16
6
2
-2
-2
9
2
16
-11
16
-11
8
-3
4
16
-15
10
-11
15
-3
-14
7
-13
3
-12
0 2 -8
0 24 12
0 26 -16
0 42 9
0 46 12
0 49 10
0 51 9
0 54 -4
1 5 -16
1 7 -3
1 15 8
1 16 -5
1 17 3
1 18 -10
1 19 -6
1 39 -9
1 42 13
1 44 -3
1 59 -8
2 4 16
2 9 2
2 16 -6
2 17 7
2 35 7
2 39 8
2 54 -8
3 12 -16
3 25 3
3 28 -5
3 30 -12
3 32 15
3 43 4
3 46 6
3 58 -16
4 5 3
4 26 5
4 30 13
4 49 9
5 7 9
5 9 13
5 15 -11
5 31 -14
5 32 2
5 40 9
5 41 14
5 46 -14
5 52 -2
5 56 6
6 9 7
6 25 10
6 43 16
6 50 -8
6 57 7
7 13 -7
7 18 5
7 30 6
7 31 4
7 41 -14
7 44 4
7 59 9
8 20 -13
8 23 -2
8 25 -15
8 27 12
8 30 13
8 35 -15
8 39 -15
8 52 12
8 58 4
9 47 4
10 12 9
10 19 6
10 25 11
10 30 -7
10 31 -4
10 51 -5
10 57 9
11 19 16
11 44 -2
11 52 16
11 56 10
12 14 -10
12 17 -4
12 19 7
12 21 -16
12 55 8
13 28 -8
13 41 9
13 42 -9
13 43 -12
13 51 15
13 55 -13
14 19 -6
14 24 -6
14 29 -2
14 44 -10
14 58 -12
15 16 -16
15 17 14
15 20 2
15 27 9
15 28 -10
15 43 6
15 44 -11
16 17 5
16 32 14
16 35 -5
16 37 -12
16 39 6
16 47 6
17 32 -4
17 38 3
17 43 -16
18 26 8
18 30 -13
19 33 5
19 36 5
20 24 4
20 26 4
20 32 -11
20 34 2
20 38 3
20 39 8
20 42 13
20 47 8
20 51 -15
21 26 5
21 28 -2
21 45 10
22 35 16
22 39 -15
22 47 4
22 49 5
22 56 -14
23 38 16
23 42 -4
23 44 -12
24 25 14
24 29 8
24 35 -14
24 40 -13
24 52 -4
25 30 14
25 47 -5
26 33 -16
26 35 -16
26 38 15
26 55 -10
27 37 -6
27 49 -16
27 50 11
27 52 -11
27 53 -16
27 59 11
28 41 -14
28 45 -15
28 50 11
28 51 -4
29 31 10
29 46 16
29 53 9
29 55 -5
30 39 8
30 42 -8
30 48 15
30 55 5
31 34 -13
31 37 4
31 40 -9
31 41 3
31 46 -11
31 50 -7
31 51 12
31 57 4
32 35 -5
32 37 8
32 58 2
33 35 6
33 37 -3
33 43 -5
33 49 -4
33 59 12
34 35 -16
34 37 -4
34 39 8
34 41 11
34 48 10
35 45 -4
35 52 2
35 53 6
36 44 -12
36 53 9
36 54 -15
37 48 -2
37 55 -15
38 39 -6
38 41 10
38 42 12
38 52 6
39 41 -13
39 43 8
39 53 -5
39 54 3
39 55 -6
39 59 16
40 52 14
41 49 -4
41 50 -13
41 51 -4
41 53 4
41 57 14
41 59 11
42 52 7
43 46 2
43 56 11
43 58 10
44 45 13
44 52 -7
44 56 -5
44 58 -7
45 47 16
45 52 8
45 57 13
45 59 14
46 51 2
46 54 -8
47 50 -12
47 51 6
47 52 -12
47 55 7
48 53 4
50 53 -16
50 54 -6
50 55 -14
50 58 -15
51 52 -16
51 54 5
51 56 -5
52 53 -2
52 56 -3
53 55 16
54 57 -9
-1
-1346
