er_60_10_64
60
-59
-32
10
63
-36
-21
-10
-49
5
50
-28
39
29
13
12
36
19
-23
47
32
-51
20
-26
19
-49
-56
-51
-25
31
-18
-5
3
-13
51
-27
50
-23
38
43
43
-55
-20
-51
16
51
-62
-63
47
60
-30
21
37
-26
28
-61
26
53
39
27
-13
0 2 6
0 24 -19
0 26 61
0 42 44
0 46 -53
0 49 14
0 51 14
0 54 11
0 56 -4
1 5 -23
1 7 33
1 15 37
1 16 -41
1 17 -42
1 18 -9
1 19 -56
1 30 -4
1 39 37
1 42 56
1 44 2
1 59 -53
2 4 41
2 9 52
2 16 -62
2 17 -61
2 35 21
2 39 -33
2 54 -13
3 12 -21
3 23 -5
3 25 -46
3 26 -44
3 28 42
3 30 -52
3 32 47
3 43 10
3 46 38
3 58 -41
4 5 -62
4 23 52
4 26 -29
4 30 -7
4 44 37
4 49 -52
5 7 -33
5 9 -28
5 15 26
5 31 -6
5 32 -25
5 40 -62
5 41 30
5 46 -64
5 52 51
5 56 -23
6 9 25
6 18 17
6 20 28
6 25 45
6 43 -9
6 44 -40
6 50 58
6 57 -47
6 58 -36
7 10 25
7 13 26
7 18 -54
7 30 31
7 31 -24
7 41 -56
7 44 5
7 59 -26
8 20 -50
8 23 -44
8 24 49
8 25 3
8 27 57
8 30 -2
8 35 46
8 39 -42
8 52 -35
8 58 -54
9 34 -7
9 35 -16
9 47 -17
10 12 35
10 15 56
10 19 -19
10 25 -52
10 30 64
10 31 24
10 47 49
10 51 -15
10 57 -51
11 19 62
11 20 27
11 44 -40
11 52 -41
11 56 9
12 14 -13
12 17 44
12 19 -7
12 21 -56
12 51 -7
12 55 2
13 28 20
13 41 33
13 42 -27
13 43 -32
13 51 42
13 55 8
14 19 36
14 24 45
14 29 36
14 43 -27
14 44 7
14 47 -39
14 50 -25
14 58 -46
15 16 -10
15 17 -43
15 18 13
15 20 -58
15 27 -64
15 28 -37
15 43 6
15 44 -14
16 17 39
16 32 5
16 35 17
16 37 -35
16 39 -31
16 47 30
16 48 11
17 32 62
17 38 -56
17 43 54
17 44 -17
17 58 41
18 24 15
18 26 -17
18 30 31
19 33 -35
19 36 49
20 21 54
20 24 50
20 26 -6
20 32 16
20 34 -6
20 38 -42
20 39 -15
20 42 14
20 47 -37
20 51 -43
21 22 58
21 26 24
21 28 -43
21 45 -44
22 24 -55
22 35 46
22 39 34
22 47 -17
22 49 -26
22 56 10
23 38 28
23 41 56
23 42 -51
23 44 7
23 57 -3
24 25 -29
24 29 37
24 35 -30
24 40 -30
24 52 -49
25 30 -32
25 33 26
25 47 28
26 33 63
26 35 -8
26 38 10
26 55 31
27 37 5
27 49 -12
27 50 -61
27 52 4
27 53 2
27 59 -12
28 41 -3
28 45 34
28 50 -14
28 51 -40
28 56 4
29 31 57
29 38 41
29 44 9
29 46 -42
29 53 -10
29 55 15
30 37 51
30 39 43
30 42 -33
30 48 -7
30 55 38
31 34 14
31 36 -57
31 37 -2
31 40 -16
31 41 -6
31 46 -38
31 50 60
31 51 39
31 57 21
32 35 -56
32 37 2
32 44 -41
32 53 8
32 58 -10
33 35 2
33 37 34
33 43 -16
33 49 -55
33 59 -5
34 35 -28
34 37 42
34 39 34
34 41 -21
34 48 -17
35 39 62
35 45 8
35 52 -57
35 53 -47
36 44 29
36 53 19
36 54 30
37 38 -45
37 48 35
37 55 37
38 39 30
38 41 -52
38 42 -46
38 46 -51
38 52 -63
39 41 -20
39 43 -25
39 53 34
39 54 -58
39 55 -49
39 59 -30
40 52 -12
41 49 9
41 50 -47
41 51 13
41 53 -34
41 57 -30
41 59 -49
42 46 13
42 47 26
42 52 13
43 46 -62
43 49 37
43 56 -54
43 58 -13
44 45 33
44 52 55
44 56 49
44 58 -22
45 47 -18
45 52 6
45 57 -44
45 59 -7
46 51 -19
46 54 50
47 50 44
47 51 45
47 52 -44
47 55 -12
48 51 3
48 53 42
50 52 -17
50 53 -25
50 54 -53
50 55 39
50 58 -6
51 52 3
51 54 62
51 56 11
52 53 -6
52 56 -6
53 55 -42
54 57 -40
58 59 -33
-1
-5090
