er_60_12_16
60
-12
2
-14
10
-8
-8
-12
-13
10
8
-4
14
-4
6
12
-7
-13
-12
6
-7
15
7
4
-14
9
2
-11
-15
5
-13
10
-12
3
-16
-2
2
-15
-11
8
12
6
-14
-15
13
8
6
-14
10
-7
9
-9
10
7
-7
-16
-2
-13
14
13
15
0 2 -16
0 5 6
0 20 8
0 24 -5
0 26 11
0 42 -12
0 46 -4
0 49 -5
0 51 -10
0 54 12
0 56 -7
1 3 16
1 5 2
1 7 -12
1 15 6
1 16 -3
1 17 -13
1 18 10
1 19 5
1 30 13
1 37 5
1 39 10
1 42 13
1 44 8
1 57 15
1 59 -4
2 4 13
2 9 -16
2 12 9
2 16 -16
2 17 5
2 21 7
2 35 14
2 39 -16
2 47 -5
2 50 -2
2 54 6
3 12 11
3 23 9
3 25 6
3 26 -6
3 28 -6
3 30 4
3 32 6
3 43 -13
3 46 -5
3 48 3
3 54 -9
3 58 15
4 5 16
4 12 3
4 23 -6
4 24 3
4 26 3
4 27 2
4 30 -11
4 41 -13
4 44 8
4 46 11
4 49 7
5 7 -9
5 9 12
5 15 7
5 31 -12
5 32 9
5 40 14
5 41 -4
5 43 8
5 45 8
5 46 -11
5 52 -15
5 55 5
5 56 9
6 9 12
6 18 3
6 20 6
6 25 16
6 43 8
6 44 -2
6 50 14
6 51 14
6 57 -14
6 58 7
7 10 12
7 13 4
7 18 -6
7 20 13
7 30 -3
7 31 15
7 41 -6
7 44 15
7 45 -4
7 59 -8
8 17 4
8 20 -4
8 23 -13
8 24 2
8 25 16
8 27 -10
8 30 4
8 35 -15
8 39 -8
8 40 11
8 52 -5
8 55 -10
8 58 -12
9 34 -11
9 35 -3
9 47 -5
9 56 8
9 57 16
10 12 -15
10 15 12
10 17 4
10 19 -7
10 25 6
10 30 9
10 31 7
10 40 -10
10 47 5
10 49 8
10 51 12
10 57 8
10 58 6
11 19 -7
11 20 16
11 44 6
11 52 -12
11 56 -12
12 14 16
12 17 10
12 19 -12
12 21 15
12 31 11
12 51 10
12 55 -6
13 23 -15
13 28 -13
13 41 12
13 42 13
13 43 13
13 51 5
13 55 12
13 56 -7
14 19 -16
14 24 -12
14 29 14
14 43 -9
14 44 16
14 47 7
14 50 -8
14 58 -6
15 16 -5
15 17 -11
15 18 2
15 20 -16
15 27 3
15 28 -16
15 43 6
15 44 -5
15 55 12
16 17 8
16 32 16
16 35 -5
16 37 -15
16 39 13
16 47 -13
16 48 11
17 32 6
17 38 3
17 43 12
17 44 9
17 58 16
18 24 13
18 26 -5
18 30 16
18 54 10
19 33 8
19 36 -3
20 21 -14
20 24 9
20 26 3
20 32 -4
20 34 -9
20 38 12
20 39 13
20 42 -2
20 47 11
20 51 -11
21 22 -6
21 26 -8
21 28 2
21 45 -9
22 24 -16
22 35 8
22 39 -7
22 45 5
22 47 -3
22 49 -12
22 54 9
22 56 -10
22 57 4
23 38 -8
23 40 8
23 41 12
23 42 -11
23 44 -16
23 53 14
23 57 6
24 25 -5
24 29 -10
24 33 14
24 35 -9
24 40 -10
24 52 -7
25 29 10
25 30 6
25 33 8
25 47 4
25 48 -4
26 33 10
26 35 -3
26 38 11
26 55 13
26 58 -7
27 36 8
27 37 -13
27 49 15
27 50 5
27 52 11
27 53 -5
27 59 -15
28 41 -2
28 45 -11
28 50 9
28 51 7
28 56 -6
29 31 -11
29 38 11
29 44 6
29 46 14
29 53 3
29 55 -15
29 59 -7
30 37 -8
30 39 -16
30 42 -13
30 48 3
30 55 7
31 34 -2
31 36 10
31 37 -4
31 38 -10
31 40 -14
31 41 15
31 46 9
31 50 -12
31 51 15
31 57 -12
32 35 -16
32 37 13
32 44 -12
32 53 -3
32 58 16
33 35 4
33 37 -7
33 43 -16
33 47 -13
33 49 -3
33 59 -10
34 35 -13
34 37 3
34 39 10
34 41 3
34 48 -5
35 39 3
35 45 14
35 52 -7
35 53 -5
36 44 4
36 53 -6
36 54 15
37 38 -14
37 47 12
37 48 5
37 55 3
37 56 7
38 39 5
38 41 -3
38 42 10
38 46 4
38 52 7
38 56 9
39 41 -6
39 43 12
39 45 -5
39 53 11
39 54 -7
39 55 -10
39 59 -3
40 44 -13
40 52 -15
40 58 6
41 49 -4
41 50 12
41 51 -5
41 53 -10
41 57 8
41 59 -13
42 46 13
42 47 -10
42 52 13
43 46 -7
43 49 10
43 56 6
43 58 -4
44 45 8
44 52 16
44 56 -12
44 58 -4
45 47 -16
45 52 -8
45 57 -9
45 59 -2
46 51 4
46 54 -15
47 50 -4
47 51 -13
47 52 -9
47 55 4
48 51 -4
48 53 -7
48 54 -14
48 55 -2
48 59 15
49 57 13
50 52 -14
50 53 -15
50 54 13
50 55 -6
50 58 11
51 52 6
51 54 -9
51 56 -4
52 53 13
52 55 12
52 56 4
53 55 12
54 57 -15
58 59 -16
-1
-1483
