er_60_10_16
60
4
-10
4
-15
16
-13
3
-3
-10
-12
9
-8
-8
9
9
-16
7
12
12
2
-6
-15
-13
14
-12
12
3
-9
-9
-16
-14
11
-12
-8
-4
-15
4
-13
13
11
3
-6
-3
15
12
2
8
-2
2
-14
-2
5
-5
-7
-12
4
7
-8
8
12
0 2 -13
0 24 -12
0 26 2
0 42 16
0 46 -4
0 49 16
0 51 -12
0 54 -6
0 56 3
1 5 -11
1 7 -4
1 15 12
1 16 -7
1 17 13
1 18 8
1 19 -5
1 30 14
1 39 -2
1 42 -2
1 44 13
1 59 -11
2 4 13
2 9 -16
2 16 5
2 17 14
2 35 10
2 39 3
2 54 -16
3 12 14
3 23 6
3 25 7
3 26 -11
3 28 -7
3 30 -15
3 32 2
3 43 13
3 46 4
3 58 7
4 5 -7
4 23 7
4 26 -2
4 30 -12
4 44 -2
4 49 -7
5 7 -7
5 9 -15
5 15 -2
5 31 7
5 32 8
5 40 -2
5 41 8
5 46 14
5 52 7
5 56 -15
6 9 -16
6 18 8
6 20 -15
6 25 -13
6 43 13
6 44 16
6 50 -13
6 57 -5
6 58 -8
7 10 5
7 13 -2
7 18 4
7 30 4
7 31 -2
7 41 16
7 44 12
7 59 9
8 20 8
8 23 -3
8 24 -15
8 25 10
8 27 -9
8 30 -8
8 35 13
8 39 7
8 52 6
8 58 -8
9 34 13
9 35 6
9 47 -14
10 12 13
10 15 -14
10 19 14
10 25 16
10 30 10
10 31 -12
10 47 -3
10 51 4
10 57 -8
11 19 4
11 20 5
11 44 14
11 52 13
11 56 -2
12 14 -7
12 17 -2
12 19 -3
12 21 -10
12 51 -3
12 55 6
13 28 4
13 41 5
13 42 11
13 43 -10
13 51 3
13 55 10
14 19 -2
14 24 -4
14 29 6
14 43 11
14 44 15
14 47 -14
14 50 4
14 58 -10
15 16 6
15 17 -10
15 18 -9
15 20 -2
15 27 -7
15 28 13
15 43 14
15 44 15
16 17 6
16 32 -2
16 35 -5
16 37 -14
16 39 -8
16 47 -4
16 48 -15
17 32 7
17 38 3
17 43 13
17 44 3
17 58 15
18 24 12
18 26 11
18 30 9
19 33 -13
19 36 2
20 21 2
20 24 9
20 26 -9
20 32 10
20 34 -5
20 38 11
20 39 -2
20 42 6
20 47 8
20 51 -11
21 22 8
21 26 10
21 28 10
21 45 -13
22 24 15
22 35 -11
22 39 9
22 47 16
22 49 6
22 56 -6
23 38 11
23 41 10
23 42 -2
23 44 3
23 57 4
24 25 -13
24 29 4
24 35 -10
24 40 15
24 52 -15
25 30 -2
25 33 -10
25 47 -15
26 33 -3
26 35 12
26 38 6
26 55 3
27 37 7
27 49 -2
27 50 -8
27 52 6
27 53 -10
27 59 15
28 41 15
28 45 3
28 50 14
28 51 -2
28 56 -5
29 31 -4
29 38 -13
29 44 -11
29 46 -15
29 53 -2
29 55 16
30 37 -4
30 39 -10
30 42 13
30 48 -14
30 55 12
31 34 5
31 36 -16
31 37 8
31 40 -2
31 41 3
31 46 -3
31 50 2
31 51 7
31 57 9
32 35 10
32 37 -15
32 44 -8
32 53 -2
32 58 -5
33 35 4
33 37 9
33 43 3
33 49 -5
33 59 6
34 35 -3
34 37 9
34 39 14
34 41 11
34 48 2
35 39 -14
35 45 -15
35 52 7
35 53 16
36 44 16
36 53 4
36 54 -4
37 38 6
37 48 -14
37 55 -9
38 39 11
38 41 -16
38 42 -13
38 46 -13
38 52 -8
39 41 -5
39 43 7
39 53 16
39 54 -4
39 55 -4
39 59 -9
40 52 -11
41 49 -11
41 50 5
41 51 -13
41 53 9
41 57 -15
41 59 -12
42 46 -8
42 47 16
42 52 -11
43 46 -10
43 49 -13
43 56 5
43 58 5
44 45 12
44 52 -16
44 56 7
44 58 13
45 47 -14
45 52 16
45 57 -8
45 59 -12
46 51 -5
46 54 9
47 50 -10
47 51 6
47 52 15
47 55 -14
48 51 -10
48 53 3
50 52 -10
50 53 -12
50 54 9
50 55 -15
50 58 16
51 52 -10
51 54 3
51 56 12
52 53 3
52 56 -3
53 55 14
54 57 5
58 59 7
-1
-1444
