er_60_8_32
60
21
15
16
30
5
-31
-16
25
30
23
-24
-16
22
-28
-16
27
-19
16
9
-9
21
10
12
-21
-20
4
-20
-5
25
-18
12
-32
6
3
-32
12
15
-26
18
31
12
23
31
-22
-23
-5
31
-12
-8
-2
29
10
31
-2
17
-15
23
-30
-2
-21
0 2 3
0 24 27
0 26 -20
0 42 9
0 46 -2
0 49 -3
0 51 22
0 54 -5
1 5 -23
1 7 19
1 15 -21
1 16 -5
1 17 -29
1 18 -23
1 19 29
1 39 4
1 42 16
1 44 -4
1 59 31
2 4 16
2 9 -4
2 16 30
2 17 32
2 35 31
2 39 -3
2 54 4
3 12 -32
3 25 -28
3 28 -21
3 30 12
3 32 -6
3 43 -8
3 46 -19
3 58 -9
4 5 18
4 26 3
4 30 30
4 49 7
5 7 22
5 9 -5
5 15 23
5 31 19
5 32 -10
5 40 -25
5 41 21
5 46 -24
5 52 18
5 56 -7
6 9 8
6 25 -10
6 43 8
6 50 -22
6 57 21
7 13 4
7 18 29
7 30 -12
7 31 -25
7 41 31
7 44 23
7 59 20
8 20 17
8 23 -31
8 25 17
8 27 -11
8 30 -21
8 35 -5
8 39 -9
8 52 21
8 58 -28
9 47 -25
10 12 19
10 19 -22
10 25 20
10 30 -17
10 31 -8
10 51 5
10 57 -29
11 19 4
11 44 -23
11 52 -9
11 56 27
12 14 7
12 17 -19
12 19 -28
12 21 -10
12 55 -22
13 28 -3
13 41 27
13 42 -25
13 43 -10
13 51 31
13 55 13
14 19 -23
14 24 27
14 29 25
14 44 -16
14 58 5
15 16 -20
15 17 -17
15 20 -6
15 27 -11
15 28 -16
15 43 -28
15 44 -3
16 17 -20
16 32 24
16 35 -19
16 37 27
16 39 -21
16 47 -18
17 32 20
17 38 7
17 43 30
18 26 -27
18 30 -11
19 33 -19
19 36 -9
20 24 31
20 26 -5
20 32 -26
20 34 -7
20 38 30
20 39 -31
20 42 -27
20 47 -26
20 51 -19
21 26 16
21 28 -13
21 45 22
22 35 30
22 39 -21
22 47 -20
22 49 6
22 56 25
23 38 -14
23 42 7
23 44 21
24 25 -24
24 29 -9
24 35 -4
24 40 15
24 52 -23
25 30 7
25 47 18
26 33 -8
26 35 -29
26 38 23
26 55 -23
27 37 31
27 49 -12
27 50 21
27 52 -23
27 53 9
27 59 6
28 41 13
28 45 9
28 50 9
28 51 -7
29 31 26
29 46 2
29 53 29
29 55 7
30 39 -16
30 42 -15
30 48 -21
30 55 2
31 34 14
31 37 10
31 40 -6
31 41 31
31 46 -30
31 50 -2
31 51 22
31 57 32
32 35 -31
32 37 2
32 58 32
33 35 25
33 37 -23
33 43 -7
33 49 -17
33 59 -22
34 35 -28
34 37 14
34 39 -32
34 41 -27
34 48 -27
35 45 7
35 52 -14
35 53 -25
36 44 31
36 53 -24
36 54 19
37 48 24
37 55 10
38 39 9
38 41 -26
38 42 -19
38 52 17
39 41 -7
39 43 13
39 53 15
39 54 -16
39 55 -14
39 59 11
40 52 22
41 49 -4
41 50 -12
41 51 -19
41 53 20
41 57 -31
41 59 -27
42 52 -27
43 46 21
43 56 10
43 58 -21
44 45 30
44 52 9
44 56 -20
44 58 19
45 47 -21
45 52 32
45 57 -15
45 59 28
46 51 31
46 54 2
47 50 26
47 51 -19
47 52 -16
47 55 28
48 53 -23
50 53 14
50 54 -19
50 55 20
50 58 2
51 52 6
51 54 -17
51 56 -25
52 53 17
52 56 -21
53 55 -26
54 57 -14
-1
-2570
