er_60_6_64
60
-27
-34
-59
54
-37
11
-5
34
-21
-28
6
9
-62
10
9
-52
-52
15
53
43
-28
13
-28
20
8
6
64
3
-61
43
13
42
-17
-49
-46
48
4
-46
-52
-10
-5
-15
-63
21
30
23
-8
10
-13
48
-59
25
-7
-26
20
17
-36
-44
-49
53
0 26 33
0 42 26
0 49 -40
0 54 36
1 5 -9
1 16 16
1 18 43
1 19 -63
1 42 54
1 44 -24
1 59 17
2 4 -28
2 9 -51
2 16 39
2 17 -4
2 39 -14
3 25 30
3 30 16
3 43 -44
3 58 -60
4 26 -18
4 30 -62
4 49 -49
5 7 16
5 9 -33
5 32 28
5 41 19
5 46 54
5 56 56
6 9 -17
6 25 -49
6 43 17
6 50 40
6 57 62
7 13 14
7 18 20
7 30 -32
7 31 21
7 41 59
8 20 -11
8 23 -20
8 25 13
8 27 63
8 35 56
8 39 -30
8 52 -41
8 58 50
10 19 -7
10 30 -50
10 31 -23
10 57 2
11 19 -21
11 44 -45
11 52 -47
12 14 33
12 21 -51
13 28 -15
13 41 -46
13 42 -54
13 43 -4
13 55 -30
14 19 -36
14 24 -64
14 29 57
14 58 -41
15 16 32
15 17 28
15 20 40
15 27 31
15 28 50
15 43 20
15 44 15
16 35 59
16 37 -54
16 39 -20
16 47 11
17 32 28
17 38 36
17 43 -61
18 30 -33
19 33 26
19 36 17
20 32 -20
20 34 -52
20 38 20
20 42 44
20 47 44
20 51 56
21 26 -46
21 45 16
22 47 -31
22 49 60
22 56 55
23 38 14
23 44 4
24 25 -2
24 29 -60
24 35 -54
24 40 -53
24 52 -15
26 33 14
26 35 29
26 38 14
26 55 -16
27 37 -57
27 49 47
27 50 47
27 52 -30
27 53 -27
27 59 25
28 41 -37
28 45 26
28 51 47
29 31 46
29 46 25
29 53 -40
29 55 5
30 39 44
30 42 -58
31 34 49
31 37 59
31 40 49
31 41 58
31 50 17
31 57 -64
32 35 -25
32 37 36
32 58 -33
33 35 42
33 37 -20
33 43 22
33 49 -11
34 35 53
34 37 -3
34 39 49
35 45 39
35 52 26
35 53 45
37 48 18
37 55 -61
38 39 7
38 42 -3
38 52 21
39 41 -12
39 43 -12
39 53 26
39 54 54
39 55 58
39 59 -37
41 49 -50
41 50 39
41 51 27
41 57 23
41 59 -31
43 46 -20
43 56 -26
43 58 -9
44 52 -40
44 56 39
44 58 44
45 47 6
45 57 22
45 59 -42
46 51 -47
46 54 -57
47 50 -9
47 52 46
47 55 10
48 53 47
50 54 22
50 58 -51
51 52 -51
51 54 59
51 56 33
52 53 -47
53 55 -12
-1
-4216
