er_60_8_8
60
3
3
5
-7
-4
-6
-7
-6
8
8
2
-2
6
-6
3
-3
2
2
7
-6
3
2
-4
-3
-6
4
-3
-3
6
5
-3
-7
7
6
7
-5
-2
5
4
3
-2
-8
3
-5
7
5
-2
-6
-6
-6
7
-5
-5
-4
-6
-4
6
8
-5
4
0 2 3
0 24 7
0 26 -3
0 42 2
0 46 2
0 49 8
0 51 4
0 54 -3
1 5 -4
1 7 -2
1 15 5
1 16 4
1 17 -8
1 18 8
1 19 8
1 39 2
1 42 -2
1 44 4
1 59 -6
2 4 -5
2 9 -6
2 16 -7
2 17 6
2 35 -8
2 39 4
2 54 -6
3 12 2
3 25 7
3 28 -7
3 30 -4
3 32 5
3 43 -3
3 46 3
3 58 -6
4 5 2
4 26 -2
4 30 -4
4 49 4
5 7 -7
5 9 -7
5 15 2
5 31 -5
5 32 3
5 40 -5
5 41 -7
5 46 3
5 52 -7
5 56 6
6 9 -3
6 25 7
6 43 -3
6 50 3
6 57 -4
7 13 -6
7 18 7
7 30 3
7 31 7
7 41 4
7 44 6
7 59 7
8 20 5
8 23 4
8 25 -6
8 27 7
8 30 -8
8 35 -7
8 39 -5
8 52 -4
8 58 -8
9 47 3
10 12 2
10 19 -5
10 25 -6
10 30 -3
10 31 -3
10 51 -2
10 57 -7
11 19 7
11 44 -8
11 52 -4
11 56 -3
12 14 -8
12 17 2
12 19 4
12 21 -7
12 55 -4
13 28 -2
13 41 2
13 42 7
13 43 -8
13 51 -8
13 55 6
14 19 -5
14 24 -3
14 29 -8
14 44 -8
14 58 -5
15 16 8
15 17 -8
15 20 3
15 27 3
15 28 6
15 43 -7
15 44 -8
16 17 7
16 32 2
16 35 -6
16 37 2
16 39 -3
16 47 4
17 32 -8
17 38 5
17 43 2
18 26 -5
18 30 -3
19 33 -3
19 36 2
20 24 -2
20 26 3
20 32 3
20 34 -3
20 38 3
20 39 -6
20 42 -7
20 47 3
20 51 -8
21 26 -5
21 28 8
21 45 3
22 35 -5
22 39 -7
22 47 -7
22 49 5
22 56 4
23 38 -4
23 42 -4
23 44 6
24 25 -4
24 29 -2
24 35 -6
24 40 4
24 52 -7
25 30 7
25 47 -8
26 33 -3
26 35 7
26 38 6
26 55 2
27 37 8
27 49 3
27 50 8
27 52 3
27 53 6
27 59 2
28 41 6
28 45 3
28 50 -3
28 51 2
29 31 -7
29 46 -7
29 53 -3
29 55 -6
30 39 8
30 42 4
30 48 4
30 55 5
31 34 -8
31 37 -5
31 40 -6
31 41 4
31 46 -4
31 50 8
31 51 -3
31 57 -2
32 35 7
32 37 4
32 58 -7
33 35 -8
33 37 -5
33 43 5
33 49 4
33 59 8
34 35 -2
34 37 -8
34 39 3
34 41 5
34 48 -4
35 45 4
35 52 -8
35 53 -3
36 44 7
36 53 -2
36 54 5
37 48 -2
37 55 3
38 39 -6
38 41 4
38 42 -4
38 52 5
39 41 5
39 43 5
39 53 3
39 54 4
39 55 -2
39 59 -6
40 52 6
41 49 -8
41 50 -5
41 51 8
41 53 -8
41 57 -3
41 59 2
42 52 5
43 46 -6
43 56 -3
43 58 6
44 45 3
44 52 5
44 56 -8
44 58 -2
45 47 -7
45 52 -5
45 57 -3
45 59 4
46 51 8
46 54 -4
47 50 4
47 51 2
47 52 -5
47 55 4
48 53 -8
50 53 7
50 54 -5
50 55 -8
50 58 -8
51 52 -2
51 54 2
51 56 -3
52 53 -2
52 56 -7
53 55 -4
54 57 8
-1
-683
