er_60_12_64
60
-19
-13
-30
3
-44
-17
19
26
-13
-35
64
-8
-52
-32
-63
50
53
24
22
-22
32
48
37
-9
-29
33
-56
61
50
-63
-21
6
-8
-19
-46
-4
23
12
44
-11
-10
-7
52
-44
-3
63
18
-49
35
-23
-14
-49
-57
-57
29
-11
6
-34
17
19
0 2 10
0 5 34
0 20 6
0 24 27
0 26 -61
0 42 41
0 46 -24
0 49 -35
0 51 12
0 54 22
0 56 -52
1 3 13
1 5 -11
1 7 -18
1 15 64
1 16 -12
1 17 -22
1 18 -58
1 19 24
1 30 27
1 37 44
1 39 28
1 42 -19
1 44 64
1 57 48
1 59 22
2 4 -43
2 9 -15
2 12 -62
2 16 11
2 17 -35
2 21 2
2 35 -19
2 39 -45
2 47 43
2 50 19
2 54 8
3 12 -40
3 23 -10
3 25 -64
3 26 58
3 28 -10
3 30 -28
3 32 15
3 43 -47
3 46 -6
3 48 -21
3 54 -33
3 58 -33
4 5 51
4 12 -33
4 23 -11
4 24 59
4 26 20
4 27 -58
4 30 -57
4 41 37
4 44 -2
4 46 47
4 49 -32
5 7 61
5 9 -43
5 15 -44
5 31 -56
5 32 -11
5 40 -55
5 41 -12
5 43 -28
5 45 -21
5 46 21
5 52 59
5 55 7
5 56 -27
6 9 -56
6 18 26
6 20 -44
6 25 47
6 43 45
6 44 -13
6 50 35
6 51 28
6 57 -14
6 58 43
7 10 57
7 13 8
7 18 -19
7 20 18
7 30 -49
7 31 49
7 41 7
7 44 17
7 45 63
7 59 -38
8 17 40
8 20 11
8 23 -61
8 24 14
8 25 -15
8 27 46
8 30 -28
8 35 49
8 39 -26
8 40 -38
8 52 8
8 55 10
8 58 -42
9 34 59
9 35 2
9 47 17
9 56 10
9 57 49
10 12 -40
10 15 29
10 17 -32
10 19 44
10 25 26
10 30 32
10 31 35
10 40 -2
10 47 -19
10 49 20
10 51 -41
10 57 47
10 58 57
11 19 -52
11 20 49
11 44 -17
11 52 30
11 56 35
12 14 59
12 17 -8
12 19 5
12 21 -41
12 31 -57
12 51 4
12 55 -27
13 23 54
13 28 46
13 41 26
13 42 -43
13 43 33
13 51 60
13 55 -43
13 56 -53
14 19 -28
14 24 3
14 29 -48
14 43 39
14 44 -6
14 47 56
14 50 63
14 58 -58
15 16 -19
15 17 56
15 18 20
15 20 -50
15 27 -17
15 28 58
15 43 4
15 44 58
15 55 -51
16 17 40
16 32 -26
16 35 41
16 37 62
16 39 24
16 47 48
16 48 2
17 32 -15
17 38 -12
17 43 -51
17 44 -29
17 58 5
18 24 -49
18 26 33
18 30 -58
18 54 38
19 33 52
19 36 31
20 21 -3
20 24 -29
20 26 -28
20 32 30
20 34 54
20 38 21
20 39 -35
20 42 33
20 47 -11
20 51 -28
21 22 -14
21 26 -34
21 28 15
21 45 13
22 24 23
22 35 -23
22 39 -36
22 45 13
22 47 -54
22 49 -40
22 54 -40
22 56 5
22 57 49
23 38 60
23 40 -56
23 41 44
23 42 -4
23 44 31
23 53 62
23 57 -46
24 25 -15
24 29 -13
24 33 -59
24 35 -36
24 40 -19
24 52 55
25 29 -32
25 30 -28
25 33 38
25 47 -5
25 48 46
26 33 -57
26 35 -48
26 38 9
26 55 -46
26 58 -4
27 36 31
27 37 55
27 49 -7
27 50 -28
27 52 55
27 53 -28
27 59 -2
28 41 60
28 45 -29
28 50 -55
28 51 -26
28 56 -56
29 31 50
29 38 -42
29 44 -47
29 46 21
29 53 -55
29 55 -28
29 59 63
30 37 -56
30 39 54
30 42 -30
30 48 -36
30 55 -18
31 34 -2
31 36 -60
31 37 -12
31 38 -9
31 40 12
31 41 36
31 46 -58
31 50 33
31 51 20
31 57 -11
32 35 -3
32 37 38
32 44 26
32 53 34
32 58 -58
33 35 -64
33 37 47
33 43 -18
33 47 -10
33 49 41
33 59 -56
34 35 -58
34 37 29
34 39 -54
34 41 6
34 48 64
35 39 46
35 45 30
35 52 3
35 53 57
36 44 -36
36 53 59
36 54 5
37 38 -21
37 47 44
37 48 -59
37 55 -34
37 56 52
38 39 -62
38 41 -7
38 42 47
38 46 -38
38 52 -15
38 56 -43
39 41 -48
39 43 -15
39 45 -33
39 53 -22
39 54 59
39 55 21
39 59 60
40 44 49
40 52 6
40 58 -52
41 49 -23
41 50 46
41 51 58
41 53 19
41 57 -44
41 59 11
42 46 -43
42 47 -27
42 52 -2
43 46 -47
43 49 -11
43 56 -5
43 58 50
44 45 61
44 52 10
44 56 64
44 58 -13
45 47 -32
45 52 -28
45 57 -3
45 59 41
46 51 57
46 54 49
47 50 -4
47 51 -62
47 52 -13
47 55 -39
48 51 55
48 53 -6
48 54 63
48 55 -6
48 59 45
49 57 -48
50 52 62
50 53 -55
50 54 -61
50 55 18
50 58 -62
51 52 -13
51 54 -17
51 56 -8
52 53 7
52 55 -53
52 56 58
53 55 -64
54 57 43
58 59 -16
-1
-6078
