er_60_4_8
60
-7
4
4
-3
-3
-4
-2
2
-3
2
8
4
-4
4
5
-8
-3
2
-4
8
2
6
2
8
-4
4
-6
6
-5
7
7
-7
7
-7
-8
-3
8
7
-3
-3
3
8
4
-7
-5
8
2
7
-6
-4
-8
5
7
5
3
-6
7
6
6
6
0 26 4
0 42 6
0 49 6
1 5 -6
1 16 8
1 19 -2
1 42 -4
1 44 3
2 4 6
2 39 -2
3 25 -4
3 30 -6
3 43 -8
4 26 3
4 30 -8
4 49 2
5 9 7
5 32 8
5 41 4
5 46 5
5 56 8
6 43 3
6 57 -3
7 13 3
7 18 -5
7 30 5
7 31 -7
7 41 2
8 23 7
8 27 3
8 35 4
8 52 6
10 30 8
10 57 7
11 19 -8
11 44 8
12 14 8
12 21 -6
13 28 -7
13 41 4
13 43 3
14 19 -7
14 24 4
14 29 2
14 58 7
15 17 -6
15 20 -6
15 27 -4
15 43 2
16 39 -7
17 32 7
17 38 4
17 43 6
18 30 -7
19 33 7
19 36 -7
20 32 -7
20 34 6
20 38 -6
20 42 6
20 51 2
21 26 6
21 45 -8
22 47 2
22 49 5
23 38 5
23 44 6
24 29 2
24 35 -5
24 40 -7
24 52 6
26 33 -4
26 35 -5
26 55 -3
27 37 -7
27 49 -7
27 50 -7
27 52 4
27 59 -3
28 41 -5
28 45 -8
29 31 -2
29 55 -8
30 39 -7
30 42 -5
31 34 2
31 37 6
31 40 7
31 41 -2
31 57 8
33 35 8
33 49 2
34 35 4
34 37 -6
34 39 -2
35 45 8
35 52 -4
37 48 2
38 42 -4
39 41 -3
39 53 -3
39 54 2
39 59 -2
41 50 -4
43 46 -2
43 56 6
44 52 -5
44 56 -8
44 58 -6
45 47 -4
45 57 -8
45 59 2
46 54 6
47 52 -3
47 55 5
50 54 5
50 58 3
51 52 -6
51 54 -4
51 56 5
52 53 -8
53 55 4
-1
-544
