er_60_12_8
60
-6
6
-7
7
-6
-2
2
-3
-7
8
-8
-5
5
7
-2
-2
7
-6
3
-3
3
-5
2
4
-2
8
3
-4
-2
-7
-6
-3
-7
4
4
-8
5
-7
3
6
5
-6
7
6
4
-6
2
2
5
6
4
-6
2
8
8
5
-5
-2
3
-7
0 2 -5
0 5 3
0 20 -7
0 24 -5
0 26 2
0 42 -6
0 46 -5
0 49 4
0 51 -8
0 54 6
0 56 7
1 3 -4
1 5 7
1 7 5
1 15 -7
1 16 -3
1 17 -2
1 18 -7
1 19 -4
1 30 -6
1 37 -5
1 39 3
1 42 -3
1 44 -4
1 57 3
1 59 7
2 4 -5
2 9 -4
2 12 6
2 16 -6
2 17 8
2 21 -7
2 35 -2
2 39 -7
2 47 6
2 50 3
2 54 -7
3 12 -4
3 23 -5
3 25 8
3 26 3
3 28 5
3 30 -7
3 32 -4
3 43 -7
3 46 -3
3 48 4
3 54 -5
3 58 4
4 5 8
4 12 3
4 23 -6
4 24 4
4 26 2
4 27 -6
4 30 -8
4 41 -8
4 44 -3
4 46 4
4 49 7
5 7 -5
5 9 -8
5 15 -4
5 31 2
5 32 -6
5 40 4
5 41 -6
5 43 -5
5 45 -5
5 46 5
5 52 -5
5 55 8
5 56 6
6 9 2
6 18 8
6 20 2
6 25 -2
6 43 -4
6 44 5
6 50 4
6 51 5
6 57 4
6 58 -7
7 10 -3
7 13 -4
7 18 -5
7 20 -3
7 30 5
7 31 4
7 41 -2
7 44 -8
7 45 -5
7 59 -2
8 17 -5
8 20 6
8 23 -4
8 24 -4
8 25 7
8 27 5
8 30 -3
8 35 -8
8 39 4
8 40 -6
8 52 8
8 55 6
8 58 -6
9 34 2
9 35 -8
9 47 -6
9 56 3
9 57 -7
10 12 -2
10 15 -6
10 17 -3
10 19 6
10 25 2
10 30 -3
10 31 2
10 40 -7
10 47 -4
10 49 -4
10 51 4
10 57 7
10 58 -2
11 19 -4
11 20 -4
11 44 7
11 52 5
11 56 8
12 14 -5
12 17 6
12 19 4
12 21 8
12 31 6
12 51 -2
12 55 -5
13 23 -4
13 28 8
13 41 4
13 42 -8
13 43 -8
13 51 4
13 55 -7
13 56 -8
14 19 4
14 24 -6
14 29 8
14 43 8
14 44 -6
14 47 -6
14 50 6
14 58 -5
15 16 -3
15 17 -4
15 18 4
15 20 -8
15 27 -4
15 28 4
15 43 4
15 44 4
15 55 -8
16 17 6
16 32 -3
16 35 -2
16 37 -3
16 39 7
16 47 7
16 48 -2
17 32 -6
17 38 -6
17 43 5
17 44 -3
17 58 6
18 24 -7
18 26 -2
18 30 -5
18 54 -3
19 33 4
19 36 3
20 21 -3
20 24 -7
20 26 7
20 32 2
20 34 3
20 38 -5
20 39 4
20 42 7
20 47 -7
20 51 4
21 22 6
21 26 -6
21 28 6
21 45 6
22 24 2
22 35 8
22 39 4
22 45 -3
22 47 6
22 49 -2
22 54 5
22 56 -7
22 57 8
23 38 5
23 40 -5
23 41 -8
23 42 4
23 44 -8
23 53 8
23 57 4
24 25 -2
24 29 -5
24 33 6
24 35 5
24 40 -8
24 52 8
25 29 2
25 30 7
25 33 -8
25 47 -5
25 48 5
26 33 -7
26 35 8
26 38 -6
26 55 -8
26 58 2
27 36 -7
27 37 -8
27 49 -6
27 50 8
27 52 -4
27 53 -8
27 59 -2
28 41 4
28 45 5
28 50 -6
28 51 8
28 56 -5
29 31 4
29 38 4
29 44 -2
29 46 6
29 53 -6
29 55 8
29 59 2
30 37 -6
30 39 -8
30 42 7
30 48 4
30 55 -7
31 34 5
31 36 -7
31 37 3
31 38 -2
31 40 -7
31 41 3
31 46 5
31 50 -3
31 51 -4
31 57 -3
32 35 -5
32 37 -6
32 44 -8
32 53 -8
32 58 4
33 35 3
33 37 -8
33 43 -5
33 47 7
33 49 5
33 59 -3
34 35 8
34 37 -2
34 39 8
34 41 8
34 48 -2
35 39 8
35 45 -2
35 52 -7
35 53 5
36 44 -2
36 53 -2
36 54 8
37 38 -6
37 47 7
37 48 7
37 55 -4
37 56 -5
38 39 4
38 41 -3
38 42 -5
38 46 5
38 52 -2
38 56 -2
39 41 -6
39 43 -4
39 45 8
39 53 -2
39 54 -6
39 55 -6
39 59 -2
40 44 2
40 52 -3
40 58 -6
41 49 -4
41 50 3
41 51 5
41 53 6
41 57 5
41 59 -4
42 46 -4
42 47 2
42 52 -2
43 46 -6
43 49 6
43 56 4
43 58 -2
44 45 -2
44 52 -3
44 56 -2
44 58 -3
45 47 -4
45 52 7
45 57 -8
45 59 -5
46 51 3
46 54 4
47 50 -2
47 51 -7
47 52 -6
47 55 8
48 51 8
48 53 4
48 54 4
48 55 5
48 59 -4
49 57 3
50 52 -6
50 53 -4
50 54 -7
50 55 5
50 58 -2
51 52 3
51 54 -6
51 56 -7
52 53 5
52 55 3
52 56 -4
53 55 2
54 57 3
58 59 4
-1
-847
