er_60_12_32
60
29
21
-32
23
30
-19
31
24
18
-5
-22
-2
17
11
16
15
-3
24
-19
13
21
14
14
-15
-21
-19
5
-17
-4
-25
29
5
2
26
-9
26
-19
8
9
-12
29
-24
31
6
-23
-18
15
-6
18
2
30
-24
-22
20
-28
22
8
-8
10
11
0 2 8
0 5 31
0 20 -27
0 24 27
0 26 29
0 42 26
0 46 -9
0 49 3
0 51 20
0 54 14
0 56 23
1 3 -23
1 5 -27
1 7 -18
1 15 -2
1 16 20
1 17 25
1 18 -7
1 19 -26
1 30 16
1 37 3
1 39 12
1 42 -16
1 44 -25
1 57 -7
1 59 25
2 4 14
2 9 -7
2 12 -32
2 16 6
2 17 -24
2 21 17
2 35 6
2 39 -12
2 47 -12
2 50 -5
2 54 28
3 12 -15
3 23 -15
3 25 -12
3 26 3
3 28 3
3 30 22
3 32 -10
3 43 9
3 46 -28
3 48 18
3 54 23
3 58 -32
4 5 19
4 12 6
4 23 7
4 24 -7
4 26 -24
4 27 -20
4 30 20
4 41 32
4 44 13
4 46 14
4 49 30
5 7 -19
5 9 25
5 15 -30
5 31 -20
5 32 18
5 40 -4
5 41 26
5 43 -19
5 45 31
5 46 -24
5 52 29
5 55 -5
5 56 32
6 9 5
6 18 -22
6 20 20
6 25 -3
6 43 11
6 44 -17
6 50 23
6 51 24
6 57 -5
6 58 32
7 10 13
7 13 30
7 18 16
7 20 29
7 30 -19
7 31 26
7 41 -25
7 44 31
7 45 -14
7 59 -11
8 17 13
8 20 11
8 23 -6
8 24 12
8 25 16
8 27 8
8 30 7
8 35 -15
8 39 -32
8 40 6
8 52 2
8 55 10
8 58 -31
9 34 -24
9 35 21
9 47 -11
9 56 -21
9 57 -2
10 12 -3
10 15 -6
10 17 24
10 19 6
10 25 -6
10 30 14
10 31 7
10 40 -3
10 47 -4
10 49 -2
10 51 10
10 57 -23
10 58 -21
11 19 -10
11 20 5
11 44 15
11 52 -28
11 56 18
12 14 -13
12 17 -28
12 19 5
12 21 -31
12 31 23
12 51 13
12 55 23
13 23 -27
13 28 -18
13 41 -30
13 42 13
13 43 -26
13 51 14
13 55 -9
13 56 2
14 19 -13
14 24 -12
14 29 -11
14 43 -29
14 44 -7
14 47 -32
14 50 6
14 58 12
15 16 -2
15 17 -3
15 18 -25
15 20 26
15 27 -8
15 28 -15
15 43 -19
15 44 -13
15 55 -19
16 17 -19
16 32 -16
16 35 -32
16 37 18
16 39 17
16 47 13
16 48 32
17 32 -7
17 38 -10
17 43 -22
17 44 28
17 58 -15
18 24 18
18 26 -32
18 30 -32
18 54 -23
19 33 21
19 36 6
20 21 -13
20 24 -12
20 26 28
20 32 10
20 34 -17
20 38 30
20 39 25
20 42 3
20 47 19
20 51 -30
21 22 22
21 26 17
21 28 15
21 45 2
22 24 -20
22 35 -29
22 39 -12
22 45 -14
22 47 10
22 49 -25
22 54 -16
22 56 13
22 57 -20
23 38 27
23 40 16
23 41 8
23 42 25
23 44 23
23 53 8
23 57 5
24 25 13
24 29 10
24 33 12
24 35 22
24 40 17
24 52 -25
25 29 17
25 30 -6
25 33 -14
25 47 14
25 48 32
26 33 11
26 35 -23
26 38 30
26 55 -4
26 58 -22
27 36 25
27 37 -12
27 49 -16
27 50 -27
27 52 24
27 53 -21
27 59 26
28 41 -19
28 45 -29
28 50 2
28 51 29
28 56 12
29 31 9
29 38 32
29 44 22
29 46 -28
29 53 29
29 55 14
29 59 -13
30 37 -21
30 39 -25
30 42 26
30 48 -11
30 55 -5
31 34 -16
31 36 -28
31 37 32
31 38 -19
31 40 22
31 41 18
31 46 -21
31 50 -18
31 51 27
31 57 -15
32 35 30
32 37 -27
32 44 -7
32 53 8
32 58 26
33 35 -31
33 37 3
33 43 -17
33 47 -13
33 49 21
33 59 -10
34 35 -8
34 37 -28
34 39 -16
34 41 -15
34 48 10
35 39 4
35 45 -3
35 52 -9
35 53 22
36 44 32
36 53 24
36 54 22
37 38 -17
37 47 19
37 48 -19
37 55 -20
37 56 25
38 39 -25
38 41 4
38 42 25
38 46 -30
38 52 11
38 56 -10
39 41 4
39 43 -23
39 45 -7
39 53 23
39 54 22
39 55 21
39 59 16
40 44 26
40 52 -30
40 58 6
41 49 22
41 50 14
41 51 -11
41 53 -22
41 57 6
41 59 22
42 46 13
42 47 7
42 52 24
43 46 -3
43 49 -21
43 56 11
43 58 -11
44 45 9
44 52 21
44 56 25
44 58 -28
45 47 28
45 52 24
45 57 26
45 59 -26
46 51 -13
46 54 -10
47 50 24
47 51 24
47 52 25
47 55 -6
48 51 14
48 53 -24
48 54 17
48 55 27
48 59 -32
49 57 -6
50 52 -4
50 53 -10
50 54 3
50 55 -2
50 58 23
51 52 -14
51 54 -8
51 56 21
52 53 -4
52 55 9
52 56 -15
53 55 -3
54 57 -11
58 59 -2
-1
-2831
