er_60_4_16
60
15
-12
-3
8
6
3
11
5
9
-14
-11
12
8
7
-15
-12
-5
-15
-16
-3
16
-13
-13
10
8
14
-13
6
-11
14
-8
-5
-14
-9
-2
3
5
-6
-6
4
-16
12
-11
-4
-13
-6
16
-14
-8
13
-16
14
4
-13
12
9
-5
6
13
-7
0 26 9
0 42 -4
0 49 -5
1 5 16
1 16 5
1 19 -4
1 42 -5
1 44 -9
2 4 -10
2 39 -11
3 25 -7
3 30 -5
3 43 4
4 26 -11
4 30 16
4 49 12
5 9 -9
5 32 14
5 41 -3
5 46 11
5 56 -4
6 43 -2
6 57 3
7 13 -5
7 18 -4
7 30 -16
7 31 7
7 41 13
8 23 -9
8 27 16
8 35 -6
8 52 8
10 30 6
10 57 -11
11 19 11
11 44 -6
12 14 -16
12 21 -4
13 28 -11
13 41 -8
13 43 -5
14 19 -7
14 24 16
14 29 6
14 58 -3
15 17 -6
15 20 -14
15 27 -7
15 43 -11
16 39 11
17 32 4
17 38 3
17 43 -15
18 30 2
19 33 5
19 36 5
20 32 9
20 34 -6
20 38 8
20 42 -7
20 51 8
21 26 4
21 45 16
22 47 8
22 49 -5
23 38 12
23 44 -15
24 29 -7
24 35 11
24 40 -6
24 52 8
26 33 16
26 35 -4
26 55 -8
27 37 -4
27 49 -10
27 50 12
27 52 13
27 59 -11
28 41 -4
28 45 -3
29 31 4
29 55 11
30 39 -13
30 42 -15
31 34 -6
31 37 -6
31 40 -5
31 41 -11
31 57 -13
33 35 -14
33 49 7
34 35 -2
34 37 12
34 39 -7
35 45 -3
35 52 -2
37 48 13
38 42 -11
39 41 -11
39 53 3
39 54 -10
39 59 -7
41 50 -13
43 46 4
43 56 -6
44 52 -10
44 56 4
44 58 16
45 47 -8
45 57 4
45 59 10
46 54 -5
47 52 -3
47 55 -3
50 54 4
50 58 7
51 52 8
51 54 -5
51 56 -9
52 53 -15
53 55 -10
-1
-941
