er_60_10_4
60
-4
-2
2
2
2
2
4
3
-2
-4
-4
2
-4
3
2
-2
3
2
-2
4
2
2
2
-4
3
3
4
2
2
-2
-4
-4
-3
-2
-2
3
-2
2
4
4
2
3
-3
-4
2
-3
-3
3
-3
-2
-2
2
-4
3
-4
3
-4
-2
-4
2
0 2 3
0 24 2
0 26 3
0 42 2
0 46 3
0 49 2
0 51 3
0 54 -4
0 56 4
1 5 2
1 7 -4
1 15 2
1 16 -4
1 17 -3
1 18 3
1 19 -4
1 30 2
1 39 -4
1 42 3
1 44 4
1 59 2
2 4 4
2 9 -4
2 16 -3
2 17 3
2 35 4
2 39 -2
2 54 3
3 12 2
3 23 3
3 25 -3
3 26 2
3 28 2
3 30 2
3 32 -4
3 43 -2
3 46 2
3 58 4
4 5 -2
4 23 -3
4 26 4
4 30 3
4 44 -3
4 49 3
5 7 -4
5 9 4
5 15 -4
5 31 -3
5 32 2
5 40 3
5 41 -4
5 46 -4
5 52 3
5 56 3
6 9 -4
6 18 -3
6 20 -4
6 25 -3
6 43 -2
6 44 2
6 50 4
6 57 -2
6 58 -2
7 10 -3
7 13 2
7 18 4
7 30 3
7 31 -3
7 41 4
7 44 -4
7 59 -3
8 20 2
8 23 4
8 24 -3
8 25 2
8 27 -4
8 30 3
8 35 -2
8 39 4
8 52 4
8 58 -4
9 34 2
9 35 4
9 47 2
10 12 2
10 15 -4
10 19 3
10 25 -2
10 30 4
10 31 3
10 47 3
10 51 -2
10 57 4
11 19 -3
11 20 2
11 44 2
11 52 4
11 56 -2
12 14 -2
12 17 4
12 19 4
12 21 3
12 51 4
12 55 4
13 28 4
13 41 4
13 42 2
13 43 -3
13 51 -4
13 55 4
14 19 -4
14 24 2
14 29 -2
14 43 3
14 44 3
14 47 -2
14 50 -3
14 58 -2
15 16 -4
15 17 2
15 18 -3
15 20 2
15 27 2
15 28 -4
15 43 -4
15 44 -2
16 17 4
16 32 2
16 35 -3
16 37 2
16 39 4
16 47 3
16 48 -4
17 32 4
17 38 -3
17 43 3
17 44 4
17 58 -3
18 24 -4
18 26 -2
18 30 4
19 33 -3
19 36 2
20 21 2
20 24 -4
20 26 4
20 32 2
20 34 -2
20 38 3
20 39 -2
20 42 4
20 47 -3
20 51 3
21 22 -4
21 26 -3
21 28 4
21 45 2
22 24 -4
22 35 -3
22 39 -4
22 47 -2
22 49 2
22 56 -3
23 38 -3
23 41 3
23 42 3
23 44 2
23 57 4
24 25 -4
24 29 3
24 35 -4
24 40 -4
24 52 2
25 30 -3
25 33 4
25 47 -4
26 33 -4
26 35 2
26 38 -3
26 55 2
27 37 3
27 49 4
27 50 -4
27 52 4
27 53 4
27 59 3
28 41 2
28 45 2
28 50 3
28 51 -3
28 56 -3
29 31 2
29 38 -4
29 44 -2
29 46 4
29 53 -3
29 55 -3
30 37 4
30 39 2
30 42 3
30 48 2
30 55 2
31 34 -2
31 36 -3
31 37 2
31 40 -2
31 41 -2
31 46 -3
31 50 -4
31 51 -3
31 57 -3
32 35 2
32 37 3
32 44 4
32 53 -3
32 58 2
33 35 -2
33 37 -3
33 43 2
33 49 -2
33 59 -2
34 35 3
34 37 3
34 39 4
34 41 2
34 48 4
35 39 -4
35 45 -3
35 52 2
35 53 4
36 44 3
36 53 -3
36 54 2
37 38 3
37 48 2
37 55 -3
38 39 -4
38 41 3
38 42 -4
38 46 3
38 52 -2
39 41 -3
39 43 -3
39 53 -3
39 54 -4
39 55 -4
39 59 -4
40 52 3
41 49 4
41 50 -3
41 51 -4
41 53 -3
41 57 3
41 59 -2
42 46 -2
42 47 2
42 52 -4
43 46 2
43 49 2
43 56 -3
43 58 3
44 45 -4
44 52 4
44 56 2
44 58 -2
45 47 2
45 52 -4
45 57 2
45 59 4
46 51 3
46 54 -4
47 50 3
47 51 4
47 52 -4
47 55 -3
48 51 4
48 53 -2
50 52 2
50 53 -4
50 54 3
50 55 -3
50 58 -4
51 52 -3
51 54 -3
51 56 4
52 53 3
52 56 -3
53 55 3
54 57 -3
58 59 3
-1
-452
