er_60_4_4
60
4
-2
2
3
4
4
-3
3
3
-3
4
4
4
-3
4
4
3
-2
3
2
4
-4
3
4
2
-2
4
4
-2
2
4
4
-2
-4
4
4
-4
2
-2
-3
-2
-3
3
-3
-4
2
-4
4
3
4
-3
-3
-3
4
-3
-4
3
-4
3
-4
0 26 -3
0 42 2
0 49 3
1 5 2
1 16 -3
1 19 -3
1 42 4
1 44 2
2 4 -3
2 39 2
3 25 -4
3 30 4
3 43 -3
4 26 -3
4 30 -3
4 49 3
5 9 -3
5 32 -4
5 41 2
5 46 -2
5 56 -2
6 43 3
6 57 -4
7 13 -3
7 18 -2
7 30 4
7 31 -3
7 41 3
8 23 4
8 27 2
8 35 -2
8 52 -3
10 30 -4
10 57 3
11 19 2
11 44 4
12 14 -4
12 21 4
13 28 2
13 41 -2
13 43 3
14 19 4
14 24 -4
14 29 -2
14 58 -4
15 17 -2
15 20 4
15 27 2
15 43 -3
16 39 3
17 32 2
17 38 2
17 43 4
18 30 -4
19 33 4
19 36 2
20 32 3
20 34 -3
20 38 2
20 42 3
20 51 -3
21 26 -4
21 45 -3
22 47 -4
22 49 4
23 38 -3
23 44 2
24 29 -3
24 35 -3
24 40 -4
24 52 -4
26 33 3
26 35 -3
26 55 4
27 37 -3
27 49 -3
27 50 3
27 52 -4
27 59 2
28 41 2
28 45 2
29 31 2
29 55 -4
30 39 2
30 42 2
31 34 4
31 37 4
31 40 -3
31 41 4
31 57 4
33 35 3
33 49 3
34 35 3
34 37 -3
34 39 -2
35 45 3
35 52 -3
37 48 4
38 42 -3
39 41 -3
39 53 -3
39 54 -2
39 59 3
41 50 2
43 46 -3
43 56 2
44 52 3
44 56 -2
44 58 3
45 47 -3
45 57 -3
45 59 3
46 54 3
47 52 -4
47 55 3
50 54 -2
50 58 2
51 52 4
51 54 -4
51 56 4
52 53 4
53 55 2
-1
-329
