er_60_10_32
60
-10
-3
24
-26
26
-22
20
12
23
28
-27
3
-8
-2
22
-16
3
-2
-26
-8
30
-3
-25
-19
-14
29
-7
-6
3
-3
-18
-20
18
4
-20
25
-13
-13
-23
32
18
9
14
-27
21
-29
-18
3
-2
4
-20
14
-6
-20
-27
23
-14
10
-4
-18
0 2 -19
0 24 -30
0 26 9
0 42 11
0 46 3
0 49 31
0 51 14
0 54 -25
0 56 -7
1 5 -31
1 7 -23
1 15 22
1 16 6
1 17 -15
1 18 -10
1 19 23
1 30 4
1 39 -32
1 42 -20
1 44 -6
1 59 -29
2 4 4
2 9 20
2 16 3
2 17 11
2 35 16
2 39 19
2 54 14
3 12 26
3 23 30
3 25 3
3 26 7
3 28 -22
3 30 15
3 32 -32
3 43 -32
3 46 -28
3 58 9
4 5 -26
4 23 -30
4 26 -23
4 30 -25
4 44 -25
4 49 -32
5 7 -18
5 9 13
5 15 6
5 31 5
5 32 -13
5 40 -6
5 41 -28
5 46 -28
5 52 13
5 56 29
6 9 -2
6 18 21
6 20 -13
6 25 11
6 43 -31
6 44 25
6 50 29
6 57 -26
6 58 27
7 10 30
7 13 -26
7 18 -13
7 30 -3
7 31 4
7 41 -30
7 44 18
7 59 4
8 20 14
8 23 -16
8 24 5
8 25 29
8 27 26
8 30 -19
8 35 -12
8 39 20
8 52 -20
8 58 -30
9 34 11
9 35 -9
9 47 -11
10 12 18
10 15 -15
10 19 20
10 25 -19
10 30 -9
10 31 13
10 47 -17
10 51 -4
10 57 -32
11 19 22
11 20 9
11 44 -20
11 52 -18
11 56 -28
12 14 -16
12 17 31
12 19 -2
12 21 -28
12 51 -19
12 55 32
13 28 -18
13 41 -14
13 42 21
13 43 -15
13 51 -14
13 55 13
14 19 20
14 24 27
14 29 -30
14 43 -26
14 44 -6
14 47 -32
14 50 -20
14 58 7
15 16 -6
15 17 16
15 18 -22
15 20 -14
15 27 -15
15 28 -23
15 43 24
15 44 21
16 17 -22
16 32 -29
16 35 15
16 37 -14
16 39 29
16 47 -10
16 48 17
17 32 -15
17 38 2
17 43 -13
17 44 -11
17 58 -13
18 24 -15
18 26 -4
18 30 26
19 33 19
19 36 -5
20 21 22
20 24 -7
20 26 -23
20 32 -26
20 34 24
20 38 28
20 39 29
20 42 -8
20 47 -3
20 51 31
21 22 32
21 26 23
21 28 20
21 45 -4
22 24 -22
22 35 -21
22 39 17
22 47 -30
22 49 23
22 56 16
23 38 -17
23 41 -5
23 42 -26
23 44 5
23 57 29
24 25 14
24 29 16
24 35 5
24 40 -21
24 52 32
25 30 22
25 33 -5
25 47 -13
26 33 -14
26 35 9
26 38 -12
26 55 -26
27 37 21
27 49 28
27 50 -24
27 52 -29
27 53 23
27 59 13
28 41 -32
28 45 9
28 50 30
28 51 16
28 56 -26
29 31 16
29 38 16
29 44 -32
29 46 -7
29 53 -12
29 55 8
30 37 15
30 39 12
30 42 13
30 48 7
30 55 19
31 34 31
31 36 -5
31 37 -16
31 40 23
31 41 23
31 46 -12
31 50 12
31 51 9
31 57 -8
32 35 -22
32 37 -18
32 44 -8
32 53 31
32 58 -9
33 35 18
33 37 21
33 43 -22
33 49 -26
33 59 9
34 35 10
34 37 -5
34 39 -15
34 41 2
34 48 30
35 39 -20
35 45 13
35 52 10
35 53 -24
36 44 -5
36 53 28
36 54 29
37 38 20
37 48 -31
37 55 14
38 39 -18
38 41 22
38 42 -31
38 46 12
38 52 -30
39 41 -25
39 43 31
39 53 -16
39 54 -5
39 55 24
39 59 -9
40 52 -32
41 49 23
41 50 -4
41 51 30
41 53 -25
41 57 25
41 59 -14
42 46 17
42 47 19
42 52 -15
43 46 -26
43 49 -13
43 56 -24
43 58 7
44 45 13
44 52 -20
44 56 24
44 58 -6
45 47 -5
45 52 25
45 57 11
45 59 9
46 51 14
46 54 -28
47 50 -28
47 51 -15
47 52 -13
47 55 4
48 51 10
48 53 13
50 52 -32
50 53 12
50 54 -25
50 55 -21
50 58 27
51 52 -27
51 54 -8
51 56 7
52 53 11
52 56 -29
53 55 -25
54 57 -5
58 59 26
-1
-2801
