er_60_4_32
60
27
22
5
-27
10
21
19
13
-13
17
-23
11
-9
-22
-29
6
-9
-30
-32
4
-21
13
3
-10
24
30
-21
9
27
-24
-6
-8
-10
-25
-17
15
-3
-18
-13
13
5
-25
-17
24
-25
-29
25
-5
-32
25
6
-25
-24
-3
-24
23
25
-16
13
-12
0 26 30
0 42 -22
0 49 -16
1 5 -26
1 16 -9
1 19 6
1 42 32
1 44 17
2 4 -27
2 39 -8
3 25 7
3 30 -3
3 43 -28
4 26 -12
4 30 13
4 49 20
5 9 3
5 32 -14
5 41 -25
5 46 -23
5 56 27
6 43 13
6 57 26
7 13 -15
7 18 -23
7 30 24
7 31 -29
7 41 10
8 23 14
8 27 -5
8 35 -15
8 52 -21
10 30 -27
10 57 5
11 19 23
11 44 -18
12 14 -5
12 21 -18
13 28 15
13 41 -18
13 43 -10
14 19 -14
14 24 -11
14 29 28
14 58 -29
15 17 21
15 20 16
15 27 -5
15 43 20
16 39 -15
17 32 -22
17 38 27
17 43 6
18 30 -27
19 33 16
19 36 -9
20 32 7
20 34 27
20 38 16
20 42 -11
20 51 14
21 26 -9
21 45 -6
22 47 -16
22 49 22
23 38 -20
23 44 -31
24 29 -3
24 35 23
24 40 -16
24 52 -21
26 33 -18
26 35 26
26 55 -6
27 37 -15
27 49 -5
27 50 25
27 52 -29
27 59 -2
28 41 9
28 45 -26
29 31 21
29 55 -7
30 39 -17
30 42 -22
31 34 12
31 37 23
31 40 32
31 41 13
31 57 5
33 35 -30
33 49 -14
34 35 18
34 37 -9
34 39 -16
35 45 -6
35 52 -15
37 48 -32
38 42 15
39 41 11
39 53 -21
39 54 -28
39 59 21
41 50 7
43 46 -13
43 56 -25
44 52 -26
44 56 19
44 58 16
45 47 -3
45 57 22
45 59 -30
46 54 13
47 52 -22
47 55 3
50 54 -11
50 58 -23
51 52 -25
51 54 2
51 56 -27
52 53 6
53 55 26
-1
-1842
