er_60_6_16
60
14
-5
-16
8
14
10
16
-10
11
-12
-6
-5
13
3
-13
-5
-4
14
-10
-13
-12
-5
12
-11
14
10
8
12
3
3
-6
8
7
-2
-9
10
8
6
-4
4
-12
10
13
-11
-15
-3
-9
5
5
12
-2
-3
-14
16
9
-3
-2
2
12
-6
0 26 -13
0 42 -7
0 49 7
0 54 -6
1 5 12
1 16 -2
1 18 -12
1 19 -8
1 42 5
1 44 -11
1 59 -11
2 4 11
2 9 8
2 16 9
2 17 -11
2 39 5
3 25 -2
3 30 16
3 43 -5
3 58 -9
4 26 9
4 30 6
4 49 -15
5 7 -2
5 9 -12
5 32 16
5 41 -13
5 46 -9
5 56 -4
6 9 -15
6 25 -10
6 43 -4
6 50 -4
6 57 -11
7 13 -14
7 18 -16
7 30 -10
7 31 15
7 41 -7
8 20 13
8 23 10
8 25 11
8 27 15
8 35 -4
8 39 -15
8 52 -15
8 58 -3
10 19 13
10 30 -14
10 31 -4
10 57 -5
11 19 5
11 44 -4
11 52 -14
12 14 13
12 21 -14
13 28 13
13 41 -16
13 42 -6
13 43 15
13 55 -3
14 19 -12
14 24 13
14 29 -10
14 58 -12
15 16 8
15 17 11
15 20 7
15 27 2
15 28 -16
15 43 9
15 44 5
16 35 13
16 37 -9
16 39 -16
16 47 -10
17 32 -11
17 38 10
17 43 -16
18 30 5
19 33 9
19 36 11
20 32 14
20 34 -15
20 38 15
20 42 5
20 47 14
20 51 15
21 26 -15
21 45 3
22 47 -15
22 49 -2
22 56 13
23 38 -3
23 44 13
24 25 -7
24 29 -4
24 35 -12
24 40 -3
24 52 6
26 33 4
26 35 -14
26 38 -11
26 55 -15
27 37 7
27 49 -16
27 50 16
27 52 -4
27 53 10
27 59 12
28 41 13
28 45 -15
28 51 7
29 31 12
29 46 12
29 53 15
29 55 -16
30 39 12
30 42 -11
31 34 -7
31 37 5
31 40 -2
31 41 -6
31 50 13
31 57 15
32 35 -15
32 37 -11
32 58 -7
33 35 5
33 37 -15
33 43 -2
33 49 2
34 35 11
34 37 -9
34 39 -11
35 45 6
35 52 13
35 53 -6
37 48 9
37 55 10
38 39 -13
38 42 -4
38 52 -13
39 41 16
39 43 15
39 53 -3
39 54 -3
39 55 -8
39 59 -10
41 49 14
41 50 8
41 51 4
41 57 2
41 59 -5
43 46 -4
43 56 8
43 58 -2
44 52 -11
44 56 11
44 58 -12
45 47 -5
45 57 -12
45 59 14
46 51 -6
46 54 -13
47 50 8
47 52 5
47 55 -7
48 53 -13
50 54 -13
50 58 -11
51 52 14
51 54 9
51 56 2
52 53 3
53 55 -14
-1
-1207
