er_60_8_4
60
-2
-3
-4
-2
-2
-3
2
-3
-3
-4
-4
3
2
2
-2
4
-4
-4
-4
-4
-3
4
-4
-3
3
4
2
3
-3
4
4
2
3
-3
-4
4
-3
3
4
4
-2
2
-2
-3
-4
-3
-4
-3
-2
3
-2
-4
-2
-4
-4
4
-2
3
-4
3
0 2 3
0 24 -2
0 26 -4
0 42 -3
0 46 3
0 49 -3
0 51 4
0 54 2
1 5 -4
1 7 3
1 15 -2
1 16 4
1 17 2
1 18 2
1 19 -3
1 39 -2
1 42 -3
1 44 4
1 59 4
2 4 -3
2 9 -3
2 16 3
2 17 -2
2 35 -4
2 39 -2
2 54 4
3 12 -2
3 25 4
3 28 -4
3 30 2
3 32 2
3 43 4
3 46 3
3 58 -3
4 5 3
4 26 3
4 30 -3
4 49 3
5 7 4
5 9 3
5 15 2
5 31 2
5 32 -2
5 40 2
5 41 2
5 46 3
5 52 -3
5 56 3
6 9 -2
6 25 -2
6 43 -4
6 50 2
6 57 4
7 13 -3
7 18 2
7 30 -2
7 31 4
7 41 2
7 44 4
7 59 3
8 20 4
8 23 -3
8 25 4
8 27 -2
8 30 -4
8 35 3
8 39 -3
8 52 -2
8 58 -3
9 47 -2
10 12 -4
10 19 -2
10 25 4
10 30 -3
10 31 3
10 51 -4
10 57 -3
11 19 4
11 44 -4
11 52 3
11 56 -2
12 14 2
12 17 -2
12 19 -3
12 21 -2
12 55 4
13 28 -3
13 41 -3
13 42 4
13 43 -2
13 51 4
13 55 -3
14 19 -2
14 24 -3
14 29 -4
14 44 2
14 58 -4
15 16 -3
15 17 -3
15 20 2
15 27 -4
15 28 3
15 43 3
15 44 -3
16 17 -3
16 32 4
16 35 -3
16 37 3
16 39 -3
16 47 -2
17 32 -2
17 38 -3
17 43 -3
18 26 -2
18 30 -4
19 33 -2
19 36 -2
20 24 3
20 26 -3
20 32 -3
20 34 2
20 38 2
20 39 -2
20 42 2
20 47 3
20 51 -3
21 26 4
21 28 -3
21 45 -3
22 35 2
22 39 2
22 47 3
22 49 -3
22 56 -4
23 38 -3
23 42 -4
23 44 3
24 25 -3
24 29 -3
24 35 -2
24 40 -4
24 52 4
25 30 3
25 47 -4
26 33 -4
26 35 4
26 38 -2
26 55 3
27 37 2
27 49 -3
27 50 2
27 52 2
27 53 2
27 59 3
28 41 4
28 45 4
28 50 -2
28 51 -2
29 31 -3
29 46 3
29 53 -2
29 55 4
30 39 -4
30 42 2
30 48 -3
30 55 4
31 34 -2
31 37 2
31 40 -3
31 41 4
31 46 2
31 50 4
31 51 2
31 57 -4
32 35 -2
32 37 -3
32 58 4
33 35 3
33 37 4
33 43 -4
33 49 -4
33 59 -2
34 35 -2
34 37 -3
34 39 -3
34 41 4
34 48 4
35 45 -2
35 52 2
35 53 -3
36 44 -2
36 53 -4
36 54 -4
37 48 3
37 55 2
38 39 4
38 41 -3
38 42 3
38 52 -2
39 41 -2
39 43 -3
39 53 -4
39 54 2
39 55 -2
39 59 -2
40 52 4
41 49 -3
41 50 4
41 51 3
41 53 2
41 57 -3
41 59 3
42 52 3
43 46 4
43 56 3
43 58 3
44 45 4
44 52 2
44 56 -4
44 58 -2
45 47 -2
45 52 3
45 57 -4
45 59 4
46 51 2
46 54 -2
47 50 -4
47 51 -3
47 52 3
47 55 -2
48 53 -3
50 53 3
50 54 2
50 55 3
50 58 -3
51 52 -4
51 54 3
51 56 4
52 53 -4
52 56 3
53 55 -2
54 57 -2
-1
-414
