er_60_12_4
60
-4
-3
4
4
-3
-2
-2
2
2
4
-3
-3
3
2
-4
-3
2
-3
-4
2
3
-2
-4
-2
-2
3
-4
2
3
-4
-4
2
4
3
4
2
-2
-4
3
3
3
3
3
4
-4
3
2
2
-4
2
-4
4
4
-4
-2
-2
-4
-2
3
-2
0 2 2
0 5 2
0 20 -3
0 24 2
0 26 4
0 42 3
0 46 -2
0 49 -3
0 51 4
0 54 2
0 56 -2
1 3 -3
1 5 -2
1 7 2
1 15 -2
1 16 3
1 17 4
1 18 -3
1 19 -2
1 30 4
1 37 2
1 39 4
1 42 -2
1 44 -3
1 57 4
1 59 -2
2 4 -2
2 9 3
2 12 3
2 16 -2
2 17 -4
2 21 2
2 35 -2
2 39 2
2 47 4
2 50 3
2 54 4
3 12 3
3 23 3
3 25 2
3 26 -4
3 28 2
3 30 -3
3 32 -2
3 43 4
3 46 -3
3 48 -2
3 54 -4
3 58 -3
4 5 -2
4 12 -4
4 23 -3
4 24 -3
4 26 3
4 27 -4
4 30 -4
4 41 2
4 44 4
4 46 4
4 49 -4
5 7 4
5 9 3
5 15 3
5 31 -3
5 32 -3
5 40 -3
5 41 2
5 43 -4
5 45 -2
5 46 4
5 52 -2
5 55 2
5 56 2
6 9 2
6 18 -4
6 20 3
6 25 3
6 43 3
6 44 -3
6 50 3
6 51 -4
6 57 3
6 58 -2
7 10 3
7 13 -3
7 18 -3
7 20 -4
7 30 3
7 31 -4
7 41 2
7 44 4
7 45 4
7 59 4
8 17 -2
8 20 2
8 23 -3
8 24 4
8 25 -4
8 27 -3
8 30 -4
8 35 -2
8 39 -4
8 40 3
8 52 -3
8 55 2
8 58 -3
9 34 -3
9 35 -2
9 47 -2
9 56 3
9 57 2
10 12 4
10 15 -3
10 17 3
10 19 -2
10 25 -2
10 30 4
10 31 2
10 40 2
10 47 4
10 49 -4
10 51 2
10 57 -3
10 58 -4
11 19 -2
11 20 3
11 44 -3
11 52 -4
11 56 4
12 14 -2
12 17 4
12 19 -3
12 21 3
12 31 -3
12 51 -4
12 55 4
13 23 -4
13 28 -4
13 41 4
13 42 4
13 43 -4
13 51 4
13 55 -4
13 56 2
14 19 -4
14 24 -2
14 29 -4
14 43 -4
14 44 -3
14 47 -2
14 50 4
14 58 2
15 16 -4
15 17 -4
15 18 -3
15 20 4
15 27 -2
15 28 -4
15 43 3
15 44 2
15 55 4
16 17 4
16 32 -2
16 35 4
16 37 -4
16 39 4
16 47 3
16 48 2
17 32 3
17 38 2
17 43 3
17 44 3
17 58 -3
18 24 -2
18 26 4
18 30 -2
18 54 4
19 33 -2
19 36 2
20 21 -3
20 24 -2
20 26 -3
20 32 4
20 34 2
20 38 -4
20 39 3
20 42 -3
20 47 2
20 51 -3
21 22 -2
21 26 2
21 28 2
21 45 4
22 24 -4
22 35 4
22 39 -3
22 45 -4
22 47 3
22 49 -2
22 54 -4
22 56 -3
22 57 4
23 38 -2
23 40 -2
23 41 4
23 42 3
23 44 2
23 53 3
23 57 2
24 25 2
24 29 -2
24 33 2
24 35 -3
24 40 -3
24 52 3
25 29 -2
25 30 -4
25 33 -4
25 47 2
25 48 2
26 33 4
26 35 -4
26 38 4
26 55 4
26 58 -4
27 36 3
27 37 4
27 49 -4
27 50 2
27 52 4
27 53 -2
27 59 -2
28 41 -2
28 45 3
28 50 -3
28 51 2
28 56 4
29 31 4
29 38 4
29 44 2
29 46 -3
29 53 3
29 55 -2
29 59 -4
30 37 -2
30 39 4
30 42 -4
30 48 4
30 55 3
31 34 4
31 36 -4
31 37 -2
31 38 -4
31 40 -3
31 41 4
31 46 -2
31 50 2
31 51 -3
31 57 3
32 35 -4
32 37 3
32 44 2
32 53 -3
32 58 -2
33 35 -3
33 37 3
33 43 -2
33 47 -2
33 49 4
33 59 2
34 35 -3
34 37 -3
34 39 -2
34 41 4
34 48 4
35 39 -4
35 45 2
35 52 3
35 53 -3
36 44 -3
36 53 -3
36 54 2
37 38 -4
37 47 -2
37 48 4
37 55 -4
37 56 -3
38 39 2
38 41 -4
38 42 -4
38 46 -4
38 52 2
38 56 2
39 41 -2
39 43 -3
39 45 -3
39 53 -4
39 54 -3
39 55 4
39 59 2
40 44 4
40 52 -4
40 58 3
41 49 2
41 50 -2
41 51 -4
41 53 3
41 57 3
41 59 4
42 46 -2
42 47 2
42 52 -2
43 46 -2
43 49 -2
43 56 3
43 58 -3
44 45 3
44 52 2
44 56 -4
44 58 -2
45 47 -3
45 52 3
45 57 -4
45 59 -4
46 51 4
46 54 3
47 50 2
47 51 4
47 52 -3
47 55 -2
48 51 4
48 53 4
48 54 3
48 55 3
48 59 -4
49 57 -4
50 52 3
50 53 2
50 54 2
50 55 4
50 58 -4
51 52 3
51 54 2
51 56 2
52 53 3
52 55 -3
52 56 -2
53 55 -4
54 57 3
58 59 -2
-1
-473
