er_60_4_64
60
45
24
37
48
46
-4
-12
-5
49
-18
-17
46
-44
35
-23
16
19
-43
25
-52
-52
-28
-17
55
44
44
5
39
-34
37
-12
-30
8
26
44
-49
40
-57
14
-6
-47
36
-32
-52
-64
-59
32
12
61
36
-14
49
62
-35
-31
-64
52
-55
-15
-64
0 26 8
0 42 21
0 49 -45
1 5 18
1 16 56
1 19 -33
1 42 29
1 44 -56
2 4 -5
2 39 34
3 25 -34
3 30 -33
3 43 28
4 26 3
4 30 21
4 49 39
5 9 -24
5 32 -38
5 41 22
5 46 -49
5 56 5
6 43 -58
6 57 -47
7 13 -2
7 18 -36
7 30 -48
7 31 62
7 41 -62
8 23 42
8 27 -12
8 35 -3
8 52 -3
10 30 -39
10 57 -11
11 19 -22
11 44 12
12 14 -63
12 21 2
13 28 50
13 41 -63
13 43 13
14 19 -30
14 24 -25
14 29 -61
14 58 20
15 17 35
15 20 -27
15 27 -49
15 43 -53
16 39 -40
17 32 7
17 38 -54
17 43 -38
18 30 25
19 33 55
19 36 22
20 32 -15
20 34 -7
20 38 61
20 42 -23
20 51 -9
21 26 -48
21 45 -17
22 47 -52
22 49 23
23 38 -49
23 44 -62
24 29 15
24 35 60
24 40 -61
24 52 40
26 33 44
26 35 16
26 55 -38
27 37 -63
27 49 -33
27 50 -50
27 52 -53
27 59 -62
28 41 -16
28 45 -21
29 31 64
29 55 33
30 39 -62
30 42 -61
31 34 -34
31 37 22
31 40 13
31 41 10
31 57 59
33 35 54
33 49 -5
34 35 -21
34 37 -51
34 39 -25
35 45 -36
35 52 49
37 48 13
38 42 -57
39 41 26
39 53 -26
39 54 -42
39 59 36
41 50 -9
43 46 -52
43 56 5
44 52 -18
44 56 -54
44 58 -25
45 47 39
45 57 45
45 59 61
46 54 -27
47 52 -45
47 55 -34
50 54 -39
50 58 48
51 52 17
51 54 18
51 56 2
52 53 38
53 55 -40
-1
-3772
