er_60_10_8
60
-5
5
-2
3
-8
4
8
-2
-7
-5
-6
-5
8
3
7
-3
-2
3
-7
-6
-8
3
7
-8
5
-3
6
7
4
7
-5
8
3
-7
-6
-7
2
-3
2
8
7
-4
3
7
7
-5
-4
-4
-4
8
7
-4
8
-7
7
5
6
-7
7
-3
0 2 2
0 24 -4
0 26 -7
0 42 -2
0 46 3
0 49 -2
0 51 -8
0 54 -4
0 56 2
1 5 4
1 7 -2
1 15 5
1 16 4
1 17 -3
1 18 -4
1 19 -4
1 30 -5
1 39 -8
1 42 -6
1 44 5
1 59 2
2 4 -4
2 9 8
2 16 -5
2 17 2
2 35 -7
2 39 -4
2 54 3
3 12 2
3 23 5
3 25 -4
3 26 5
3 28 2
3 30 4
3 32 7
3 43 -6
3 46 -7
3 58 2
4 5 -8
4 23 8
4 26 -3
4 30 8
4 44 6
4 49 5
5 7 5
5 9 2
5 15 7
5 31 6
5 32 -3
5 40 -5
5 41 -7
5 46 8
5 52 -7
5 56 4
6 9 7
6 18 3
6 20 -2
6 25 -5
6 43 -3
6 44 -7
6 50 -4
6 57 3
6 58 -3
7 10 8
7 13 -5
7 18 4
7 30 -8
7 31 7
7 41 3
7 44 -6
7 59 4
8 20 -6
8 23 2
8 24 6
8 25 -3
8 27 2
8 30 -3
8 35 -8
8 39 3
8 52 -2
8 58 -8
9 34 4
9 35 -8
9 47 -6
10 12 8
10 15 -2
10 19 6
10 25 -6
10 30 -5
10 31 3
10 47 -5
10 51 8
10 57 2
11 19 2
11 20 8
11 44 -7
11 52 -5
11 56 -7
12 14 -4
12 17 -5
12 19 6
12 21 -6
12 51 -6
12 55 6
13 28 -4
13 41 -5
13 42 6
13 43 5
13 51 -8
13 55 7
14 19 -3
14 24 5
14 29 2
14 43 5
14 44 -8
14 47 -4
14 50 -7
14 58 5
15 16 -6
15 17 2
15 18 3
15 20 -2
15 27 8
15 28 5
15 43 3
15 44 7
16 17 4
16 32 -6
16 35 6
16 37 6
16 39 -5
16 47 -8
16 48 -5
17 32 -3
17 38 2
17 43 2
17 44 -5
17 58 4
18 24 7
18 26 4
18 30 -6
19 33 5
19 36 -7
20 21 -7
20 24 5
20 26 8
20 32 7
20 34 2
20 38 2
20 39 -2
20 42 8
20 47 -6
20 51 -8
21 22 6
21 26 -2
21 28 8
21 45 2
22 24 -8
22 35 -5
22 39 -5
22 47 -2
22 49 -8
22 56 -8
23 38 2
23 41 -5
23 42 -4
23 44 6
23 57 7
24 25 -7
24 29 -6
24 35 -4
24 40 -7
24 52 6
25 30 7
25 33 6
25 47 -4
26 33 8
26 35 -5
26 38 -2
26 55 -2
27 37 -7
27 49 -8
27 50 -2
27 52 -3
27 53 -3
27 59 2
28 41 5
28 45 -4
28 50 -6
28 51 2
28 56 8
29 31 -7
29 38 -8
29 44 -6
29 46 -4
29 53 4
29 55 -4
30 37 -6
30 39 -8
30 42 5
30 48 -2
30 55 5
31 34 6
31 36 -7
31 37 6
31 40 -8
31 41 -3
31 46 -4
31 50 -5
31 51 7
31 57 -4
32 35 -2
32 37 6
32 44 7
32 53 2
32 58 4
33 35 -7
33 37 -8
33 43 6
33 49 6
33 59 -5
34 35 2
34 37 3
34 39 7
34 41 2
34 48 3
35 39 2
35 45 8
35 52 -3
35 53 -2
36 44 -2
36 53 6
36 54 -8
37 38 5
37 48 2
37 55 -2
38 39 -3
38 41 -2
38 42 -2
38 46 -6
38 52 5
39 41 5
39 43 -2
39 53 3
39 54 4
39 55 -2
39 59 -3
40 52 -6
41 49 -2
41 50 -8
41 51 4
41 53 -8
41 57 -3
41 59 2
42 46 4
42 47 -5
42 52 5
43 46 4
43 49 -5
43 56 3
43 58 7
44 45 4
44 52 -2
44 56 5
44 58 8
45 47 3
45 52 3
45 57 -3
45 59 -6
46 51 -7
46 54 -3
47 50 -7
47 51 -2
47 52 3
47 55 -6
48 51 3
48 53 -8
50 52 6
50 53 2
50 54 3
50 55 -8
50 58 2
51 52 3
51 54 -4
51 56 -4
52 53 -5
52 56 -5
53 55 2
54 57 4
58 59 -2
-1
-796
