er_60_6_8
60
5
-4
7
7
-8
8
6
-6
-3
4
-7
5
6
7
7
5
6
-6
3
-7
-8
-3
-5
-5
4
-2
-6
7
-2
7
6
7
-4
6
7
3
-7
6
5
-8
-8
4
6
-7
4
2
-6
6
7
-5
-2
6
5
3
3
-8
4
-8
-2
-6
0 26 -4
0 42 4
0 49 3
0 54 -8
1 5 -7
1 16 -3
1 18 -4
1 19 6
1 42 8
1 44 5
1 59 2
2 4 -6
2 9 -3
2 16 -6
2 17 -5
2 39 -8
3 25 -7
3 30 4
3 43 -3
3 58 8
4 26 -3
4 30 -6
4 49 -7
5 7 -3
5 9 -8
5 32 -3
5 41 -3
5 46 -3
5 56 -7
6 9 -4
6 25 -8
6 43 4
6 50 3
6 57 -3
7 13 7
7 18 7
7 30 7
7 31 -7
7 41 -4
8 20 -3
8 23 -6
8 25 7
8 27 7
8 35 -2
8 39 -2
8 52 -6
8 58 -3
10 19 -8
10 30 -8
10 31 8
10 57 -8
11 19 -7
11 44 -4
11 52 -4
12 14 6
12 21 3
13 28 6
13 41 -2
13 42 4
13 43 7
13 55 -6
14 19 5
14 24 3
14 29 6
14 58 -5
15 16 2
15 17 7
15 20 -5
15 27 -6
15 28 8
15 43 2
15 44 -8
16 35 -4
16 37 5
16 39 -7
16 47 -8
17 32 -7
17 38 3
17 43 -4
18 30 -7
19 33 8
19 36 -3
20 32 3
20 34 -4
20 38 4
20 42 -4
20 47 -8
20 51 2
21 26 -7
21 45 -3
22 47 7
22 49 -2
22 56 6
23 38 7
23 44 7
24 25 -2
24 29 -7
24 35 3
24 40 3
24 52 6
26 33 2
26 35 6
26 38 -3
26 55 -4
27 37 -7
27 49 -5
27 50 4
27 52 5
27 53 -4
27 59 7
28 41 2
28 45 8
28 51 -5
29 31 -7
29 46 -4
29 53 7
29 55 -6
30 39 4
30 42 6
31 34 -3
31 37 -4
31 40 8
31 41 3
31 50 5
31 57 -3
32 35 4
32 37 6
32 58 -8
33 35 3
33 37 2
33 43 4
33 49 2
34 35 7
34 37 6
34 39 4
35 45 -6
35 52 2
35 53 -3
37 48 4
37 55 -4
38 39 -8
38 42 6
38 52 8
39 41 7
39 43 8
39 53 6
39 54 6
39 55 -3
39 59 5
41 49 -8
41 50 -6
41 51 4
41 57 8
41 59 6
43 46 -8
43 56 -6
43 58 -4
44 52 8
44 56 -4
44 58 4
45 47 5
45 57 -7
45 59 -2
46 51 8
46 54 -4
47 50 -4
47 52 -5
47 55 -8
48 53 -6
50 54 -8
50 58 4
51 52 -3
51 54 -3
51 56 3
52 53 2
53 55 -7
-1
-672
