er_60_6_32
60
8
-26
24
-6
-22
-16
25
-5
-2
17
-19
4
-28
19
19
-17
4
-24
-13
32
17
18
-5
26
-19
-19
-3
-4
10
-13
-9
-10
4
25
25
10
22
-23
5
2
-11
-27
-16
-25
3
-6
-13
-12
-28
-10
-13
-31
-4
-14
30
-3
9
-32
15
-15
0 26 6
0 42 27
0 49 15
0 54 16
1 5 11
1 16 -27
1 18 -11
1 19 -19
1 42 13
1 44 -13
1 59 27
2 4 -11
2 9 -14
2 16 -26
2 17 -7
2 39 8
3 25 -14
3 30 26
3 43 -17
3 58 25
4 26 -29
4 30 -32
4 49 -18
5 7 -28
5 9 -9
5 32 3
5 41 -10
5 46 -15
5 56 28
6 9 -16
6 25 21
6 43 -27
6 50 -3
6 57 -23
7 13 -21
7 18 -19
7 30 14
7 31 -24
7 41 27
8 20 4
8 23 -30
8 25 -19
8 27 3
8 35 23
8 39 25
8 52 26
8 58 18
10 19 9
10 30 -30
10 31 -15
10 57 -25
11 19 25
11 44 -22
11 52 -28
12 14 -6
12 21 28
13 28 -15
13 41 -6
13 42 3
13 43 -32
13 55 -22
14 19 -14
14 24 -4
14 29 -7
14 58 23
15 16 27
15 17 -10
15 20 19
15 27 -10
15 28 -14
15 43 10
15 44 -27
16 35 -21
16 37 10
16 39 8
16 47 6
17 32 -30
17 38 3
17 43 23
18 30 16
19 33 29
19 36 16
20 32 -5
20 34 8
20 38 26
20 42 -7
20 47 24
20 51 7
21 26 23
21 45 -23
22 47 6
22 49 8
22 56 22
23 38 -3
23 44 10
24 25 30
24 29 -20
24 35 -20
24 40 18
24 52 -15
26 33 18
26 35 7
26 38 10
26 55 -6
27 37 11
27 49 -19
27 50 -16
27 52 -6
27 53 11
27 59 2
28 41 -15
28 45 -28
28 51 -12
29 31 7
29 46 20
29 53 13
29 55 18
30 39 -7
30 42 -13
31 34 -12
31 37 -10
31 40 -5
31 41 -9
31 50 9
31 57 -8
32 35 5
32 37 3
32 58 -29
33 35 -21
33 37 -10
33 43 -11
33 49 24
34 35 -3
34 37 28
34 39 -15
35 45 2
35 52 25
35 53 10
37 48 10
37 55 9
38 39 -4
38 42 32
38 52 23
39 41 -15
39 43 -29
39 53 -31
39 54 -4
39 55 12
39 59 -15
41 49 -13
41 50 11
41 51 12
41 57 6
41 59 26
43 46 -15
43 56 -7
43 58 -25
44 52 14
44 56 -2
44 58 6
45 47 -31
45 57 -2
45 59 32
46 51 -18
46 54 -10
47 50 -7
47 52 20
47 55 -29
48 53 -5
50 54 7
50 58 28
51 52 17
51 54 8
51 56 -13
52 53 27
53 55 32
-1
-2023
