er_60_8_64
60
-49
57
-44
-52
-50
-57
-20
-33
19
-29
42
-53
-30
-64
-46
34
6
21
20
-22
52
-19
-53
-18
-51
-2
62
-52
-25
-52
31
11
60
3
59
-33
-37
-46
54
-59
36
4
11
20
-33
26
6
23
63
-33
11
9
55
-44
-21
-64
62
-61
61
44
0 2 61
0 24 -41
0 26 57
0 42 -28
0 46 -47
0 49 -25
0 51 50
0 54 -4
1 5 -42
1 7 -62
1 15 -12
1 16 62
1 17 28
1 18 62
1 19 30
1 39 8
1 42 17
1 44 -13
1 59 5
2 4 -34
2 9 -29
2 16 18
2 17 -5
2 35 59
2 39 -9
2 54 -20
3 12 -40
3 25 12
3 28 -35
3 30 -60
3 32 -35
3 43 26
3 46 -9
3 58 -57
4 5 19
4 26 55
4 30 12
4 49 -58
5 7 -25
5 9 52
5 15 -61
5 31 62
5 32 47
5 40 -12
5 41 20
5 46 17
5 52 -47
5 56 -26
6 9 -42
6 25 48
6 43 12
6 50 64
6 57 54
7 13 15
7 18 -19
7 30 58
7 31 -20
7 41 32
7 44 -60
7 59 -52
8 20 21
8 23 -55
8 25 40
8 27 -45
8 30 15
8 35 11
8 39 44
8 52 -46
8 58 -55
9 47 2
10 12 -47
10 19 54
10 25 -23
10 30 -12
10 31 52
10 51 12
10 57 -14
11 19 -56
11 44 -52
11 52 49
11 56 8
12 14 38
12 17 58
12 19 40
12 21 11
12 55 -62
13 28 -49
13 41 31
13 42 -50
13 43 -32
13 51 21
13 55 -46
14 19 -24
14 24 -12
14 29 -19
14 44 40
14 58 -47
15 16 12
15 17 9
15 20 53
15 27 5
15 28 -48
15 43 3
15 44 2
16 17 34
16 32 42
16 35 -25
16 37 -22
16 39 42
16 47 35
17 32 -34
17 38 56
17 43 21
18 26 11
18 30 52
19 33 27
19 36 -26
20 24 -10
20 26 -53
20 32 -53
20 34 -3
20 38 29
20 39 2
20 42 59
20 47 -2
20 51 36
21 26 58
21 28 -34
21 45 33
22 35 -14
22 39 9
22 47 55
22 49 -57
22 56 41
23 38 57
23 42 64
23 44 64
24 25 -52
24 29 24
24 35 -16
24 40 -31
24 52 -24
25 30 -45
25 47 -9
26 33 12
26 35 -42
26 38 -63
26 55 14
27 37 57
27 49 -38
27 50 -15
27 52 -62
27 53 61
27 59 -5
28 41 -4
28 45 42
28 50 49
28 51 7
29 31 -27
29 46 -41
29 53 -14
29 55 -61
30 39 -64
30 42 -41
30 48 -25
30 55 57
31 34 59
31 37 -46
31 40 -40
31 41 -42
31 46 -24
31 50 22
31 51 -26
31 57 -46
32 35 -45
32 37 10
32 58 -7
33 35 -39
33 37 17
33 43 33
33 49 4
33 59 14
34 35 22
34 37 -41
34 39 34
34 41 57
34 48 10
35 45 -19
35 52 27
35 53 54
36 44 -30
36 53 -57
36 54 48
37 48 28
37 55 -29
38 39 45
38 41 50
38 42 -35
38 52 -62
39 41 -9
39 43 -61
39 53 3
39 54 41
39 55 -44
39 59 5
40 52 51
41 49 51
41 50 -58
41 51 -16
41 53 -58
41 57 18
41 59 -39
42 52 38
43 46 5
43 56 17
43 58 63
44 45 -49
44 52 -41
44 56 19
44 58 -12
45 47 -39
45 52 64
45 57 -55
45 59 33
46 51 10
46 54 -16
47 50 31
47 51 12
47 52 -42
47 55 -42
48 53 -19
50 53 46
50 54 -21
50 55 -13
50 58 12
51 52 -45
51 54 -40
51 56 -49
52 53 -23
52 56 49
53 55 15
54 57 -51
-1
-5245
