er_80_8_64
80
-30
-30
51
-53
35
-12
-5
33
58
3
-29
-53
-51
-21
-59
31
34
-17
-59
63
-51
-16
39
-8
-54
61
27
58
47
41
-51
43
-41
11
42
-25
22
17
28
-61
-12
-52
-26
-37
-12
38
-18
-57
-41
18
31
-54
-44
-41
41
-15
-9
33
52
-49
-2
17
23
-50
5
21
-58
53
-49
13
37
-18
-25
12
6
-19
-19
19
38
-39
0 26 -9
0 42 -16
0 49 -10
0 54 -55
0 63 59
0 74 -21
0 76 22
0 77 28
1 22 -56
1 24 53
1 39 27
1 41 -37
1 46 52
1 53 -25
1 54 -47
1 76 -32
2 41 -3
2 46 53
2 59 53
2 74 36
3 21 56
3 25 53
3 44 -33
3 56 -26
3 58 -29
4 6 -37
4 15 -18
4 20 -56
4 30 14
4 36 -33
4 52 -56
4 70 -14
4 77 -49
5 10 -58
5 18 -13
5 23 -50
5 35 -40
5 36 -49
5 46 18
5 76 -2
5 79 -60
6 8 12
6 10 -58
6 18 45
6 22 17
6 35 -17
6 41 39
7 29 -51
7 40 -55
7 41 20
7 67 -9
7 77 38
8 31 11
8 39 24
8 48 52
8 55 39
9 38 42
9 51 38
9 52 -63
9 53 26
9 65 52
9 74 60
9 79 -49
10 15 -51
10 44 7
10 46 -27
10 47 23
10 50 37
10 57 40
10 58 -15
10 73 3
10 74 58
11 40 11
11 42 24
11 44 62
11 52 -23
11 79 25
12 18 -14
12 23 -39
12 51 55
13 28 50
13 31 22
13 66 43
13 68 -21
13 72 40
13 76 -29
14 16 -51
14 20 54
14 33 19
14 52 -10
15 27 29
15 29 -36
15 36 57
15 54 -30
15 60 48
15 76 21
16 17 -51
16 23 8
16 28 -59
16 40 52
17 26 -60
17 28 -19
17 31 -45
17 48 -53
17 62 -8
17 74 54
17 75 35
17 77 53
17 78 -15
18 23 -52
18 36 -57
18 40 -60
18 46 -18
18 56 8
18 71 33
18 78 38
19 20 14
19 33 -4
19 36 34
19 56 -5
19 59 52
19 62 6
19 63 -32
19 72 24
19 79 -3
20 25 46
20 27 61
20 48 -31
20 51 -43
20 53 -12
20 59 -10
20 65 16
20 76 38
20 78 16
21 22 54
21 52 -10
21 59 13
21 60 62
22 43 -58
22 50 -58
22 55 -14
22 58 41
22 68 -14
22 77 8
22 79 -49
23 33 -2
23 34 20
23 35 57
23 39 16
23 66 -25
23 67 -6
23 68 -30
23 74 -64
23 76 3
24 41 30
24 51 -58
24 53 25
24 62 -50
24 66 39
24 68 -7
24 71 -61
25 27 37
25 29 11
25 34 -27
25 37 -47
25 47 -61
25 50 -43
25 59 -7
25 79 30
26 30 7
26 32 -48
26 34 -33
26 36 47
26 40 -50
26 48 56
26 78 52
27 34 55
27 39 -45
27 46 -47
27 48 29
27 62 2
27 69 18
27 71 44
27 72 -11
28 31 -64
28 34 -2
28 44 -21
28 51 -34
28 52 -4
28 58 -10
28 77 -54
29 31 46
29 36 -41
29 53 -38
29 54 19
29 68 -4
29 71 3
30 37 -14
30 39 -17
30 48 -37
30 57 10
31 51 -36
31 55 21
31 57 9
31 76 -59
32 35 -26
32 46 61
32 48 52
32 66 61
32 71 -33
33 36 34
33 44 24
33 75 44
34 48 -47
34 60 -40
34 66 38
34 71 -51
34 72 -55
34 73 20
34 75 63
35 38 -53
35 45 42
35 52 -50
35 55 -21
35 57 3
35 59 -25
35 64 19
35 67 -20
35 70 -24
36 48 -24
36 57 -14
36 58 -54
36 68 7
36 70 29
37 39 20
37 78 -27
38 48 -60
38 57 -61
38 72 -33
38 74 -30
39 43 -64
39 51 29
39 56 -32
39 64 56
39 74 -27
39 75 8
40 41 61
40 55 -20
40 65 -39
40 77 24
41 48 -20
41 51 9
41 71 -54
42 50 -62
42 60 -18
42 63 50
42 69 -44
42 75 34
43 52 -19
43 56 36
43 66 -50
43 70 -22
43 79 11
44 50 -5
44 61 -47
44 70 44
45 48 -54
45 60 -59
45 62 -53
45 66 26
45 75 -64
46 50 -25
46 68 39
47 51 -23
47 52 -38
47 55 32
47 65 -32
47 68 -47
48 62 -55
48 66 27
49 54 30
49 58 24
49 59 24
49 65 19
50 51 6
50 63 19
50 66 -20
50 72 28
51 52 -50
51 73 -35
52 63 31
53 56 7
53 70 64
53 75 14
53 78 -7
54 58 -29
54 60 30
54 74 40
54 75 27
54 77 53
55 68 -54
55 70 39
55 76 -60
56 57 38
56 60 -21
56 61 -47
56 65 17
56 69 -55
56 70 -51
57 69 -9
57 74 -14
58 76 -30
58 77 -17
59 60 -40
60 62 10
60 65 -56
60 66 62
61 73 16
63 67 6
64 66 17
65 71 -25
68 71 37
71 74 7
73 74 -21
-1
-6513
