er_80_8_32
80
-10
-24
-12
13
30
32
25
-30
-5
20
-8
7
4
-16
12
8
27
-22
22
8
12
16
-24
3
-4
-22
5
9
16
-17
20
-29
-20
-17
-28
12
15
-22
5
31
-8
-29
14
-30
19
32
15
16
-9
-7
6
17
23
3
3
-15
-13
-19
-8
-25
26
11
-13
-31
-27
-27
-16
21
12
26
32
-32
-10
7
20
-20
3
-25
-28
-7
0 26 -29
0 42 -6
0 49 -31
0 54 -6
0 63 -20
0 74 4
0 76 -6
0 77 25
1 22 25
1 24 4
1 39 32
1 41 -2
1 46 -5
1 53 -15
1 54 -27
1 76 25
2 41 24
2 46 -27
2 59 15
2 74 5
3 21 7
3 25 -13
3 44 -20
3 56 -18
3 58 -4
4 6 30
4 15 -10
4 20 -6
4 30 4
4 36 -29
4 52 4
4 70 31
4 77 -15
5 10 -6
5 18 12
5 23 -25
5 35 24
5 36 -24
5 46 -28
5 76 -7
5 79 -8
6 8 -27
6 10 32
6 18 4
6 22 28
6 35 6
6 41 -12
7 29 -5
7 40 -29
7 41 -16
7 67 4
7 77 -31
8 31 -6
8 39 15
8 48 -19
8 55 -9
9 38 7
9 51 10
9 52 2
9 53 -24
9 65 2
9 74 17
9 79 21
10 15 9
10 44 30
10 46 -27
10 47 -30
10 50 24
10 57 -27
10 58 4
10 73 -13
10 74 30
11 40 4
11 42 22
11 44 21
11 52 4
11 79 -8
12 18 -19
12 23 18
12 51 4
13 28 8
13 31 19
13 66 -10
13 68 10
13 72 27
13 76 3
14 16 -28
14 20 -26
14 33 -11
14 52 -2
15 27 8
15 29 -28
15 36 -25
15 54 -18
15 60 6
15 76 -21
16 17 -26
16 23 -12
16 28 -10
16 40 -26
17 26 23
17 28 -10
17 31 6
17 48 -25
17 62 -21
17 74 14
17 75 -13
17 77 22
17 78 -2
18 23 18
18 36 -18
18 40 22
18 46 -13
18 56 7
18 71 -32
18 78 3
19 20 25
19 33 -22
19 36 -14
19 56 -29
19 59 -25
19 62 13
19 63 -7
19 72 25
19 79 -31
20 25 3
20 27 20
20 48 19
20 51 -32
20 53 -11
20 59 29
20 65 -15
20 76 -15
20 78 23
21 22 7
21 52 -19
21 59 -32
21 60 -25
22 43 6
22 50 -28
22 55 18
22 58 -7
22 68 -13
22 77 -18
22 79 -9
23 33 26
23 34 -3
23 35 31
23 39 29
23 66 22
23 67 18
23 68 -21
23 74 23
23 76 -15
24 41 11
24 51 26
24 53 -10
24 62 3
24 66 -9
24 68 17
24 71 7
25 27 18
25 29 -19
25 34 27
25 37 -19
25 47 26
25 50 -29
25 59 12
25 79 20
26 30 -9
26 32 -17
26 34 18
26 36 4
26 40 17
26 48 -32
26 78 10
27 34 -13
27 39 32
27 46 -3
27 48 19
27 62 -12
27 69 -12
27 71 5
27 72 27
28 31 -12
28 34 -6
28 44 -9
28 51 4
28 52 -30
28 58 -32
28 77 -7
29 31 24
29 36 -24
29 53 22
29 54 -32
29 68 -28
29 71 -24
30 37 -16
30 39 -22
30 48 -29
30 57 -22
31 51 17
31 55 2
31 57 3
31 76 -13
32 35 -18
32 46 4
32 48 27
32 66 29
32 71 -13
33 36 -21
33 44 4
33 75 -15
34 48 -30
34 60 27
34 66 13
34 71 -12
34 72 21
34 73 -31
34 75 -16
35 38 19
35 45 4
35 52 -10
35 55 -30
35 57 9
35 59 26
35 64 -32
35 67 7
35 70 -17
36 48 22
36 57 -6
36 58 24
36 68 -2
36 70 -28
37 39 27
37 78 30
38 48 22
38 57 -11
38 72 2
38 74 -29
39 43 7
39 51 -6
39 56 20
39 64 12
39 74 -6
39 75 4
40 41 5
40 55 -6
40 65 -24
40 77 -16
41 48 18
41 51 22
41 71 21
42 50 -7
42 60 28
42 63 -9
42 69 -22
42 75 -6
43 52 -4
43 56 -4
43 66 -12
43 70 -4
43 79 -6
44 50 16
44 61 -9
44 70 -29
45 48 -32
45 60 26
45 62 15
45 66 -15
45 75 12
46 50 -15
46 68 22
47 51 -20
47 52 2
47 55 -25
47 65 23
47 68 -25
48 62 26
48 66 -18
49 54 -18
49 58 -8
49 59 -22
49 65 31
50 51 -15
50 63 23
50 66 17
50 72 11
51 52 -28
51 73 -8
52 63 -20
53 56 -12
53 70 17
53 75 -26
53 78 -7
54 58 -7
54 60 16
54 74 14
54 75 24
54 77 -22
55 68 -14
55 70 -4
55 76 19
56 57 11
56 60 -26
56 61 27
56 65 -28
56 69 18
56 70 -3
57 69 10
57 74 20
58 76 -11
58 77 31
59 60 -32
60 62 3
60 65 -10
60 66 -18
61 73 3
63 67 -21
64 66 -18
65 71 30
68 71 24
71 74 14
73 74 -29
-1
-3434
