er_80_12_32
80
-24
-30
-3
-20
-9
21
-12
16
-26
26
12
10
29
3
-21
15
-31
-13
29
-15
-13
5
21
16
-25
-5
8
24
18
5
22
5
-20
-24
-14
-25
3
23
2
-32
-20
15
13
-31
-9
-32
-5
-2
-11
-19
15
-2
28
-17
18
-2
19
-14
26
24
-18
-29
-3
23
-28
15
-26
-11
-30
3
-23
-8
2
-17
-18
-9
-12
-7
-20
31
0 2 -25
0 24 16
0 26 4
0 42 -16
0 46 7
0 49 18
0 51 15
0 54 11
0 56 14
0 63 2
0 65 -27
0 73 26
0 74 24
0 75 -18
0 76 -29
0 77 21
1 10 5
1 19 16
1 22 16
1 24 11
1 39 2
1 41 -28
1 46 7
1 53 -24
1 54 -2
1 72 18
1 76 -9
2 14 15
2 28 -6
2 41 -12
2 42 2
2 44 12
2 46 -5
2 48 19
2 59 -15
2 62 4
2 74 -22
2 76 13
3 21 -28
3 25 -24
3 44 -2
3 56 2
3 58 14
3 64 19
4 5 -22
4 6 11
4 14 -12
4 15 -18
4 20 -6
4 26 -4
4 30 -27
4 36 17
4 45 -6
4 52 21
4 70 -22
4 71 -22
4 77 6
5 10 22
5 18 16
5 23 25
5 35 -30
5 36 -13
5 46 11
5 49 -31
5 64 12
5 76 2
5 79 21
6 8 25
6 10 -28
6 13 -23
6 18 -14
6 22 28
6 35 -20
6 41 10
6 67 -25
7 8 -25
7 22 -19
7 29 5
7 35 5
7 40 -26
7 41 30
7 61 5
7 67 30
7 77 15
8 31 11
8 39 -22
8 43 6
8 48 5
8 51 32
8 53 -8
8 55 9
9 19 21
9 38 21
9 51 -22
9 52 -10
9 53 -4
9 61 -24
9 65 4
9 74 29
9 79 -30
10 15 26
10 30 25
10 36 26
10 44 12
10 46 -32
10 47 8
10 50 -14
10 57 -4
10 58 -14
10 73 -28
10 74 15
11 22 25
11 37 5
11 40 -15
11 42 18
11 44 30
11 52 25
11 79 31
12 18 -12
12 23 7
12 38 -7
12 47 -29
12 51 12
13 28 19
13 31 -8
13 55 25
13 58 23
13 60 18
13 66 2
13 68 -11
13 72 -12
13 73 8
13 76 5
14 16 18
14 20 -4
14 29 18
14 33 18
14 35 -12
14 52 9
14 68 -25
14 79 -27
15 19 -6
15 27 -14
15 29 -20
15 36 -21
15 54 30
15 58 24
15 60 -9
15 73 -2
15 76 15
16 17 10
16 23 -5
16 28 6
16 40 6
16 52 13
16 69 6
17 26 -14
17 28 -21
17 31 -19
17 48 8
17 62 -29
17 74 -13
17 75 28
17 77 -27
17 78 -7
18 23 19
18 36 27
18 40 -22
18 45 -25
18 46 -7
18 56 -18
18 69 -32
18 71 30
18 78 27
19 20 13
19 33 30
19 36 24
19 42 22
19 49 -9
19 56 7
19 59 -21
19 62 -17
19 63 -28
19 68 -26
19 72 -24
19 73 23
19 79 -3
20 25 -10
20 27 -5
20 43 -7
20 48 -29
20 51 22
20 53 -10
20 59 -13
20 65 29
20 75 -32
20 76 23
20 78 2
21 22 -32
21 24 30
21 31 -15
21 52 32
21 59 -24
21 60 15
21 74 -25
22 26 10
22 27 4
22 43 -19
22 50 -32
22 55 16
22 57 22
22 58 14
22 68 18
22 77 -10
22 79 -18
23 33 31
23 34 -6
23 35 -10
23 39 -29
23 51 -21
23 66 -23
23 67 2
23 68 -16
23 70 10
23 74 13
23 76 17
24 25 31
24 26 -2
24 31 17
24 41 7
24 44 8
24 51 -15
24 53 7
24 55 14
24 62 23
24 66 -5
24 68 -17
24 71 -6
24 76 -19
25 27 -21
25 29 -28
25 34 29
25 37 -3
25 45 8
25 46 -8
25 47 31
25 50 10
25 59 -12
25 77 24
25 78 9
25 79 18
26 27 -30
26 30 -17
26 32 26
26 34 15
26 36 -2
26 40 -5
26 43 14
26 48 7
26 55 -11
26 73 -28
26 78 12
27 34 -27
27 39 -4
27 40 24
27 46 -8
27 48 2
27 62 18
27 69 23
27 71 -16
27 72 10
28 31 -30
28 34 10
28 43 -10
28 44 -24
28 51 -18
28 52 24
28 58 4
28 77 -20
29 31 -4
29 34 -20
29 36 -23
29 52 -4
29 53 9
29 54 -30
29 68 -28
29 71 -18
30 37 -4
30 39 31
30 48 -6
30 54 -22
30 57 13
30 78 -31
31 32 -16
31 51 -3
31 55 -24
31 57 29
31 76 -18
32 35 6
32 46 -2
32 48 -22
32 66 4
32 68 -17
32 71 28
33 36 -20
33 44 22
33 46 -2
33 63 -15
33 75 30
34 48 -25
34 58 18
34 60 -4
34 66 28
34 69 -18
34 71 -25
34 72 17
34 73 29
34 75 -4
35 38 23
35 43 9
35 45 -24
35 52 -29
35 55 -12
35 57 21
35 59 -16
35 64 -5
35 67 32
35 70 -29
35 72 12
36 38 9
36 48 -15
36 57 2
36 58 8
36 63 -20
36 68 7
36 70 31
37 39 -29
37 41 24
37 55 25
37 78 28
38 48 -9
38 57 -23
38 69 -2
38 72 4
38 74 18
39 43 25
39 51 -28
39 56 19
39 64 -12
39 74 28
39 75 5
40 41 12
40 55 -29
40 59 -11
40 65 7
40 77 -17
41 42 12
41 43 19
41 48 17
41 51 9
41 71 -18
42 50 -21
42 60 7
42 63 13
42 69 -19
42 75 -31
42 77 4
43 48 23
43 52 -32
43 56 -8
43 57 21
43 66 10
43 70 22
43 79 -26
44 50 -26
44 61 -17
44 63 -30
44 70 -16
45 48 -29
45 60 14
45 62 -6
45 66 24
45 75 -29
46 50 -17
46 66 32
46 68 -18
47 51 -2
47 52 -17
47 55 -7
47 59 -26
47 65 9
47 68 11
48 62 4
48 66 -11
48 77 -12
49 54 19
49 58 6
49 59 -18
49 65 16
50 51 29
50 63 24
50 66 -11
50 70 -29
50 72 -15
50 73 -3
51 52 13
51 68 -9
51 73 30
52 61 14
52 63 -13
52 78 6
53 54 24
53 56 -31
53 63 -20
53 70 29
53 75 -21
53 78 -24
54 58 -13
54 60 30
54 63 4
54 74 28
54 75 -12
54 77 19
55 65 11
55 68 -9
55 69 -20
55 70 9
55 71 -17
55 76 -25
56 57 11
56 60 -13
56 61 -5
56 65 -30
56 66 18
56 69 -11
56 70 -25
56 74 12
57 69 -16
57 74 12
57 76 -24
58 59 30
58 76 -9
58 77 3
59 60 7
59 66 20
59 67 18
60 61 29
60 62 11
60 65 2
60 66 -25
61 65 4
61 73 15
63 66 -18
63 67 -2
64 66 -22
64 70 -8
65 71 -24
67 72 -10
67 73 30
68 71 7
68 74 -23
68 77 12
71 74 -4
73 74 29
75 78 -24
-1
-3816
