er_80_4_8
80
-3
-6
-6
-3
6
-6
6
2
-6
6
4
5
-6
-7
4
-7
-6
-5
-7
-7
2
-7
5
-2
-5
-7
-6
-5
-4
-2
3
4
-3
-5
-5
-6
-2
-5
-5
2
7
3
5
3
-5
3
-6
-7
3
-5
5
7
-7
5
-7
3
4
-3
-2
3
-4
-3
7
8
-5
-6
6
-5
3
-4
-2
4
2
-3
-8
5
2
2
-3
4
0 26 -2
0 42 -2
0 49 -6
0 63 8
0 74 -6
1 22 2
1 24 -2
1 41 -2
1 76 4
2 59 8
3 21 -4
3 25 8
3 44 -7
4 6 5
4 20 -8
4 70 -5
5 10 -6
5 18 -8
5 23 -5
5 35 5
5 36 -7
5 46 -6
6 10 3
6 18 4
6 35 8
7 40 -6
7 67 4
7 77 -4
8 48 -5
8 55 7
9 51 6
9 53 2
9 74 -7
10 44 -8
10 47 -8
10 50 -2
10 57 4
10 73 3
11 44 -6
11 79 -8
12 23 4
12 51 8
13 28 5
13 31 6
13 66 -6
13 68 -3
13 72 -3
13 76 -5
14 20 4
14 33 5
14 52 6
15 29 8
15 54 4
15 60 -4
16 17 3
16 23 -2
16 28 -2
16 40 -5
17 28 -8
17 48 7
17 62 5
17 74 -3
17 75 5
17 77 2
18 23 5
18 40 5
19 20 2
19 33 -4
19 36 6
19 56 7
19 59 -3
19 63 2
20 51 -2
20 65 3
20 78 6
21 22 7
21 59 5
22 58 -3
22 77 -8
23 33 -6
23 34 -2
23 39 2
24 41 3
24 51 -8
24 62 8
24 66 -7
24 68 3
24 71 -3
25 27 6
25 29 -8
25 47 2
25 50 4
26 30 8
26 34 8
26 36 6
26 40 2
27 34 -8
27 39 -2
27 46 2
27 48 -6
27 62 8
27 69 2
27 71 6
27 72 2
28 31 -5
28 34 -4
28 51 7
29 36 -4
29 53 4
29 54 2
29 68 -7
29 71 -3
30 48 4
31 55 -3
31 57 -7
31 76 -3
32 46 4
33 36 -4
33 44 -2
33 75 8
34 48 -7
34 71 8
34 72 2
34 73 6
34 75 7
35 38 8
35 64 2
35 67 -7
36 48 8
36 58 5
37 39 7
37 78 6
38 48 -2
38 57 6
38 72 -5
38 74 6
39 51 -5
39 56 3
39 74 8
40 77 2
41 48 2
41 71 4
42 63 2
43 70 3
44 61 4
45 48 -7
45 62 5
46 68 -5
47 51 3
47 68 -2
48 62 8
49 58 -4
49 59 2
49 65 -6
50 51 -5
51 73 2
53 70 -7
53 75 2
54 74 2
54 77 -4
55 68 -6
55 70 -6
55 76 3
56 69 -7
56 70 -4
57 74 4
59 60 6
60 66 -8
61 73 3
63 67 5
64 66 8
71 74 3
-1
-745
