er_80_12_64
80
-3
58
-44
-27
2
30
-23
-44
-40
-57
52
-11
-32
-29
-48
49
49
-34
-8
-5
17
-28
-47
21
-30
28
-13
-12
22
-28
22
-52
-12
-55
42
36
-28
-59
37
6
-19
-20
8
63
41
-60
-37
-30
-19
-58
-10
23
46
24
-11
-51
-57
57
6
25
12
-53
62
-56
13
-57
21
-14
8
63
-12
15
-38
-47
-60
-39
-10
17
48
-10
0 2 44
0 24 61
0 26 -16
0 42 -5
0 46 23
0 49 -9
0 51 33
0 54 -41
0 56 -47
0 63 -62
0 65 -28
0 73 10
0 74 34
0 75 35
0 76 -31
0 77 9
1 10 -36
1 19 -38
1 22 -54
1 24 -53
1 39 20
1 41 50
1 46 5
1 53 -57
1 54 55
1 72 -2
1 76 -35
2 14 25
2 28 -40
2 41 -13
2 42 -3
2 44 20
2 46 21
2 48 -4
2 59 57
2 62 16
2 74 60
2 76 14
3 21 25
3 25 -18
3 44 18
3 56 -11
3 58 44
3 64 -31
4 5 53
4 6 16
4 14 -53
4 15 -22
4 20 -48
4 26 -31
4 30 -52
4 36 -56
4 45 28
4 52 55
4 70 -60
4 71 -34
4 77 59
5 10 5
5 18 -45
5 23 26
5 35 20
5 36 -31
5 46 -18
5 49 -41
5 64 -21
5 76 -3
5 79 30
6 8 -54
6 10 11
6 13 20
6 18 6
6 22 40
6 35 -34
6 41 29
6 67 11
7 8 -2
7 22 24
7 29 -42
7 35 -50
7 40 2
7 41 -3
7 61 36
7 67 9
7 77 9
8 31 9
8 39 -42
8 43 -28
8 48 -58
8 51 -46
8 53 54
8 55 16
9 19 -37
9 38 23
9 51 -16
9 52 43
9 53 32
9 61 -20
9 65 57
9 74 55
9 79 -13
10 15 40
10 30 20
10 36 30
10 44 7
10 46 58
10 47 58
10 50 -63
10 57 -46
10 58 -5
10 73 -36
10 74 13
11 22 -53
11 37 -48
11 40 59
11 42 47
11 44 -17
11 52 -42
11 79 -4
12 18 58
12 23 -39
12 38 29
12 47 36
12 51 45
13 28 -50
13 31 50
13 55 57
13 58 25
13 60 47
13 66 56
13 68 49
13 72 31
13 73 4
13 76 35
14 16 -25
14 20 33
14 29 42
14 33 -16
14 35 50
14 52 -39
14 68 24
14 79 -40
15 19 -50
15 27 38
15 29 25
15 36 47
15 54 -61
15 58 -64
15 60 11
15 73 9
15 76 28
16 17 -38
16 23 -27
16 28 -14
16 40 -25
16 52 -18
16 69 -61
17 26 22
17 28 -3
17 31 37
17 48 -61
17 62 -61
17 74 -11
17 75 -57
17 77 30
17 78 2
18 23 2
18 36 2
18 40 13
18 45 -47
18 46 40
18 56 46
18 69 29
18 71 -41
18 78 10
19 20 -42
19 33 -18
19 36 -23
19 42 63
19 49 -30
19 56 -9
19 59 4
19 62 -49
19 63 -62
19 68 40
19 72 -39
19 73 16
19 79 -62
20 25 17
20 27 14
20 43 -9
20 48 -49
20 51 -53
20 53 55
20 59 38
20 65 -40
20 75 53
20 76 63
20 78 21
21 22 10
21 24 -50
21 31 -27
21 52 -61
21 59 9
21 60 33
21 74 27
22 26 -43
22 27 -39
22 43 19
22 50 59
22 55 -42
22 57 45
22 58 -41
22 68 57
22 77 -14
22 79 31
23 33 51
23 34 19
23 35 -6
23 39 17
23 51 -41
23 66 36
23 67 16
23 68 -41
23 70 61
23 74 47
23 76 39
24 25 -19
24 26 -55
24 31 52
24 41 -46
24 44 -24
24 51 10
24 53 -2
24 55 -59
24 62 -59
24 66 -59
24 68 -35
24 71 28
24 76 -44
25 27 3
25 29 42
25 34 14
25 37 15
25 45 29
25 46 -45
25 47 53
25 50 25
25 59 7
25 77 6
25 78 32
25 79 -27
26 27 37
26 30 52
26 32 13
26 34 -61
26 36 16
26 40 -9
26 43 -14
26 48 -29
26 55 -51
26 73 49
26 78 58
27 34 7
27 39 31
27 40 -20
27 46 40
27 48 64
27 62 -22
27 69 28
27 71 -61
27 72 -5
28 31 -33
28 34 -49
28 43 18
28 44 -16
28 51 62
28 52 39
28 58 48
28 77 19
29 31 25
29 34 46
29 36 45
29 52 -16
29 53 47
29 54 -38
29 68 4
29 71 23
30 37 -10
30 39 -41
30 48 -9
30 54 50
30 57 11
30 78 43
31 32 11
31 51 26
31 55 -47
31 57 -15
31 76 12
32 35 20
32 46 16
32 48 -12
32 66 -5
32 68 2
32 71 13
33 36 -55
33 44 6
33 46 64
33 63 49
33 75 -52
34 48 60
34 58 -24
34 60 43
34 66 2
34 69 -8
34 71 -19
34 72 21
34 73 24
34 75 61
35 38 -60
35 43 -27
35 45 -29
35 52 -35
35 55 23
35 57 5
35 59 25
35 64 35
35 67 40
35 70 -12
35 72 -49
36 38 -61
36 48 -46
36 57 34
36 58 54
36 63 39
36 68 42
36 70 18
37 39 -62
37 41 24
37 55 25
37 78 37
38 48 -41
38 57 -28
38 69 15
38 72 11
38 74 -49
39 43 47
39 51 2
39 56 -22
39 64 43
39 74 27
39 75 -52
40 41 20
40 55 17
40 59 -18
40 65 -36
40 77 -32
41 42 -63
41 43 -5
41 48 5
41 51 -38
41 71 -59
42 50 -48
42 60 39
42 63 -18
42 69 -20
42 75 -21
42 77 28
43 48 -16
43 52 23
43 56 48
43 57 -39
43 66 -26
43 70 17
43 79 -36
44 50 -12
44 61 -39
44 63 27
44 70 59
45 48 62
45 60 -37
45 62 -16
45 66 54
45 75 -6
46 50 28
46 66 -36
46 68 -62
47 51 -37
47 52 7
47 55 44
47 59 19
47 65 31
47 68 -26
48 62 -2
48 66 -46
48 77 37
49 54 37
49 58 -35
49 59 -3
49 65 -49
50 51 8
50 63 -35
50 66 51
50 70 49
50 72 47
50 73 20
51 52 36
51 68 -19
51 73 36
52 61 -8
52 63 -12
52 78 -64
53 54 -10
53 56 4
53 63 49
53 70 -39
53 75 58
53 78 40
54 58 41
54 60 -14
54 63 -24
54 74 -56
54 75 -50
54 77 26
55 65 -32
55 68 5
55 69 45
55 70 -35
55 71 -28
55 76 -31
56 57 35
56 60 52
56 61 -24
56 65 9
56 66 -18
56 69 26
56 70 -36
56 74 -41
57 69 4
57 74 -15
57 76 -61
58 59 35
58 76 4
58 77 -9
59 60 -45
59 66 -15
59 67 -52
60 61 61
60 62 -22
60 65 28
60 66 -19
61 65 43
61 73 -4
63 66 -27
63 67 -29
64 66 -4
64 70 -43
65 71 9
67 72 -11
67 73 -31
68 71 -50
68 74 5
68 77 27
71 74 44
73 74 -16
75 78 -39
-1
-7380
