er_80_6_4
80
-2
-3
-3
-2
-2
-3
-4
-4
-2
-2
-3
-3
-2
2
-4
-2
4
3
-3
-2
2
-4
2
3
3
3
-2
-4
-4
3
-4
2
-4
-2
-3
2
-2
-2
-4
-4
-4
4
-3
2
4
3
-3
3
-4
-4
-2
-3
3
-2
-2
3
-2
-2
-2
2
-3
-4
2
-2
-4
-2
2
2
4
2
-4
-4
-3
-4
-2
4
4
3
4
4
0 26 -2
0 42 -2
0 49 -4
0 63 4
0 74 2
0 77 -4
1 22 4
1 24 -3
1 39 -2
1 41 -2
1 46 -4
1 76 -2
2 41 -2
2 46 4
2 59 3
2 74 2
3 21 -2
3 25 -3
3 44 -3
3 58 -2
4 6 -2
4 15 3
4 20 -2
4 30 3
4 36 2
4 52 3
4 70 -2
4 77 2
5 10 -4
5 18 4
5 23 3
5 35 2
5 36 -2
5 46 -2
5 79 -4
6 10 4
6 18 2
6 35 4
7 29 3
7 40 -3
7 67 2
7 77 4
8 31 3
8 48 -2
8 55 2
9 38 -4
9 51 2
9 53 2
9 74 -3
9 79 -3
10 15 -4
10 44 2
10 47 -4
10 50 -2
10 57 -4
10 73 4
10 74 2
11 44 -3
11 52 -4
11 79 -2
12 18 2
12 23 -3
12 51 4
13 28 4
13 31 -2
13 66 2
13 68 -4
13 72 -3
13 76 -3
14 20 3
14 33 -3
14 52 -3
15 27 -2
15 29 -2
15 54 -2
15 60 4
16 17 3
16 23 -2
16 28 -2
16 40 -2
17 26 2
17 28 2
17 31 3
17 48 2
17 62 -2
17 74 -4
17 75 -2
17 77 3
18 23 -2
18 36 -4
18 40 2
18 56 -3
19 20 4
19 33 -4
19 36 -4
19 56 3
19 59 -4
19 62 -4
19 63 -2
19 79 -2
20 51 2
20 65 3
20 76 -2
20 78 2
21 22 -4
21 52 3
21 59 4
22 43 2
22 55 -3
22 58 -4
22 68 4
22 77 4
23 33 -3
23 34 -2
23 39 -3
23 66 4
23 67 -2
23 74 -2
24 41 3
24 51 4
24 62 3
24 66 -4
24 68 -3
24 71 3
25 27 4
25 29 -4
25 37 -3
25 47 4
25 50 -2
25 59 4
25 79 3
26 30 -4
26 32 4
26 34 -4
26 36 3
26 40 4
26 48 4
26 78 3
27 34 -4
27 39 4
27 46 -2
27 48 2
27 62 2
27 69 -2
27 71 4
27 72 2
28 31 3
28 34 3
28 51 -4
28 58 -2
29 36 2
29 53 -4
29 54 4
29 68 -3
29 71 3
30 48 -3
31 51 4
31 55 2
31 57 4
31 76 -3
32 35 4
32 46 4
32 66 -4
32 71 2
33 36 -4
33 44 3
33 75 2
34 48 2
34 60 3
34 66 3
34 71 4
34 72 -3
34 73 3
34 75 -2
35 38 -4
35 45 3
35 55 -3
35 59 4
35 64 -2
35 67 -4
36 48 -3
36 58 3
36 68 -3
37 39 2
37 78 -3
38 48 -2
38 57 2
38 72 3
38 74 -3
39 51 -4
39 56 -2
39 74 2
39 75 2
40 41 3
40 77 -2
41 48 3
41 71 2
42 63 -2
43 66 4
43 70 -3
44 50 -3
44 61 3
45 48 3
45 62 2
46 50 4
46 68 3
47 51 3
47 68 -3
48 62 -2
49 58 -4
49 59 2
49 65 -4
50 51 4
50 63 -2
50 66 -3
51 52 4
51 73 -2
53 56 3
53 70 -4
53 75 4
53 78 2
54 58 -3
54 60 -3
54 74 -2
54 77 3
55 68 2
55 70 3
55 76 -4
56 57 -4
56 60 4
56 69 -3
56 70 2
57 74 3
58 76 -2
59 60 -3
60 66 3
61 73 4
63 67 -3
64 66 2
68 71 -4
71 74 -3
73 74 -4
-1
-506
