er_80_4_32
80
32
8
31
17
-24
-27
8
11
7
-13
13
3
20
-26
25
6
-30
13
23
2
-30
-2
-4
16
-23
-25
-31
5
29
18
27
-19
4
-32
-10
28
-18
23
-21
-32
-28
-18
-6
30
30
12
30
29
-26
-5
14
-5
11
-2
-22
12
18
8
8
7
9
-3
13
21
22
19
-14
-4
29
16
-20
-3
-14
-20
25
-19
29
3
-24
26
0 26 -8
0 42 -12
0 49 -8
0 63 32
0 74 15
1 22 16
1 24 -29
1 41 -15
1 76 22
2 59 -17
3 21 -8
3 25 13
3 44 18
4 6 17
4 20 -31
4 70 -10
5 10 -6
5 18 -28
5 23 14
5 35 -19
5 36 16
5 46 6
6 10 18
6 18 -10
6 35 -5
7 40 -8
7 67 24
7 77 28
8 48 -14
8 55 -4
9 51 -13
9 53 -13
9 74 -13
10 44 4
10 47 -18
10 50 -19
10 57 -10
10 73 20
11 44 -19
11 79 -9
12 23 -14
12 51 -23
13 28 13
13 31 -11
13 66 31
13 68 -14
13 72 -20
13 76 31
14 20 14
14 33 -30
14 52 -26
15 29 -29
15 54 25
15 60 6
16 17 2
16 23 -2
16 28 20
16 40 -12
17 28 -3
17 48 -17
17 62 -17
17 74 32
17 75 -30
17 77 -24
18 23 17
18 40 -32
19 20 11
19 33 10
19 36 15
19 56 11
19 59 3
19 63 26
20 51 2
20 65 11
20 78 -11
21 22 24
21 59 5
22 58 -25
22 77 13
23 33 13
23 34 6
23 39 -25
24 41 26
24 51 -32
24 62 30
24 66 29
24 68 5
24 71 -28
25 27 -20
25 29 -30
25 47 -21
25 50 -18
26 30 -17
26 34 -18
26 36 5
26 40 -9
27 34 -4
27 39 -31
27 46 -11
27 48 -9
27 62 7
27 69 -21
27 71 14
27 72 30
28 31 26
28 34 -32
28 51 -23
29 36 -28
29 53 -6
29 54 7
29 68 22
29 71 24
30 48 -20
31 55 -7
31 57 -10
31 76 -8
32 46 -27
33 36 28
33 44 9
33 75 -32
34 48 -16
34 71 -25
34 72 -17
34 73 5
34 75 2
35 38 -32
35 64 -19
35 67 22
36 48 -20
36 58 11
37 39 26
37 78 -5
38 48 -27
38 57 -30
38 72 -30
38 74 -21
39 51 -31
39 56 -18
39 74 30
40 77 -7
41 48 12
41 71 -24
42 63 -13
43 70 -10
44 61 -19
45 48 20
45 62 -25
46 68 -13
47 51 25
47 68 -27
48 62 -27
49 58 2
49 59 27
49 65 -30
50 51 -14
51 73 14
53 70 -14
53 75 -17
54 74 -12
54 77 2
55 68 -18
55 70 2
55 76 -24
56 69 8
56 70 -17
57 74 27
59 60 -7
60 66 2
61 73 32
63 67 21
64 66 15
71 74 24
-1
-2583
