er_80_10_16
80
5
-4
-14
10
12
-2
3
-14
-4
-10
-8
6
16
-9
-12
-12
15
-8
14
-11
-5
-12
-14
9
-9
4
12
-10
-4
-11
9
4
-16
-14
-16
-16
15
-2
-7
-2
-4
-12
7
15
-5
-10
-3
-4
13
6
-5
-9
10
-10
16
13
-4
-6
14
-12
-15
-6
11
-9
16
-9
7
-2
3
-2
16
-4
16
-6
-8
7
11
-4
9
4
0 24 9
0 26 4
0 42 14
0 46 -8
0 49 14
0 54 -4
0 63 -16
0 73 7
0 74 -4
0 75 -2
0 76 3
0 77 -3
1 19 3
1 22 -9
1 24 11
1 39 11
1 41 3
1 46 13
1 53 14
1 54 -7
1 72 -13
1 76 11
2 28 3
2 41 3
2 44 3
2 46 4
2 59 -6
2 74 9
2 76 15
3 21 -12
3 25 5
3 44 11
3 56 -14
3 58 7
3 64 -11
4 5 14
4 6 -13
4 15 14
4 20 -11
4 30 -16
4 36 -10
4 52 6
4 70 7
4 77 6
5 10 -3
5 18 -13
5 23 3
5 35 5
5 36 -5
5 46 5
5 49 15
5 64 6
5 76 6
5 79 2
6 8 7
6 10 -11
6 13 -15
6 18 14
6 22 8
6 35 11
6 41 -2
7 8 6
7 22 -9
7 29 3
7 35 7
7 40 -3
7 41 12
7 61 7
7 67 10
7 77 -5
8 31 3
8 39 2
8 48 -14
8 51 -7
8 53 -4
8 55 -8
9 19 12
9 38 -13
9 51 -14
9 52 -15
9 53 -13
9 61 -10
9 65 -14
9 74 9
9 79 12
10 15 13
10 30 -8
10 44 15
10 46 11
10 47 7
10 50 -9
10 57 -11
10 58 5
10 73 14
10 74 13
11 37 -7
11 40 -4
11 42 2
11 44 13
11 52 -13
11 79 5
12 18 -13
12 23 16
12 51 -3
13 28 16
13 31 -9
13 60 -6
13 66 2
13 68 3
13 72 14
13 73 -4
13 76 -6
14 16 15
14 20 12
14 33 -9
14 35 -4
14 52 12
14 79 8
15 27 -7
15 29 -3
15 36 9
15 54 13
15 58 -8
15 60 12
15 76 15
16 17 -13
16 23 10
16 28 4
16 40 4
16 69 -12
17 26 10
17 28 5
17 31 -16
17 48 12
17 62 -2
17 74 -10
17 75 -4
17 77 -6
17 78 8
18 23 13
18 36 -2
18 40 -10
18 45 -3
18 46 11
18 56 7
18 71 11
18 78 7
19 20 8
19 33 -14
19 36 11
19 42 -11
19 49 -14
19 56 12
19 59 -7
19 62 4
19 63 -12
19 72 -5
19 73 -10
19 79 -5
20 25 10
20 27 -12
20 48 9
20 51 3
20 53 -14
20 59 3
20 65 -11
20 75 -16
20 76 2
20 78 2
21 22 -12
21 31 7
21 52 11
21 59 15
21 60 -4
22 26 -9
22 27 16
22 43 -5
22 50 -15
22 55 11
22 58 -10
22 68 -2
22 77 -2
22 79 -12
23 33 -14
23 34 6
23 35 -16
23 39 -2
23 66 -5
23 67 2
23 68 -2
23 74 14
23 76 10
24 41 -16
24 51 -5
24 53 11
24 55 -15
24 62 -11
24 66 -11
24 68 -3
24 71 -9
25 27 2
25 29 2
25 34 -5
25 37 15
25 45 -12
25 47 -3
25 50 11
25 59 6
25 78 15
25 79 -12
26 27 -11
26 30 -13
26 32 8
26 34 -16
26 36 16
26 40 5
26 43 -4
26 48 3
26 55 8
26 78 -7
27 34 -15
27 39 12
27 40 -15
27 46 -16
27 48 -11
27 62 -8
27 69 -16
27 71 -4
27 72 -7
28 31 -10
28 34 11
28 43 7
28 44 8
28 51 14
28 52 15
28 58 -13
28 77 16
29 31 13
29 36 14
29 52 -12
29 53 -10
29 54 15
29 68 -13
29 71 15
30 37 15
30 39 7
30 48 7
30 57 13
30 78 -11
31 32 4
31 51 -13
31 55 -10
31 57 13
31 76 -10
32 35 -10
32 46 -15
32 48 13
32 66 -2
32 68 -8
32 71 -15
33 36 -14
33 44 15
33 75 16
34 48 10
34 58 12
34 60 -15
34 66 -12
34 71 6
34 72 7
34 73 10
34 75 -9
35 38 -7
35 43 4
35 45 9
35 52 16
35 55 -14
35 57 -16
35 59 -15
35 64 12
35 67 3
35 70 5
36 38 3
36 48 7
36 57 2
36 58 -11
36 63 6
36 68 11
36 70 15
37 39 -8
37 78 3
38 48 7
38 57 10
38 69 -14
38 72 4
38 74 4
39 43 -4
39 51 9
39 56 -2
39 64 -3
39 74 -7
39 75 -2
40 41 -7
40 55 -12
40 65 -14
40 77 -14
41 42 14
41 48 -5
41 51 10
41 71 16
42 50 11
42 60 -13
42 63 2
42 69 10
42 75 -15
43 48 -16
43 52 8
43 56 -14
43 57 12
43 66 14
43 70 -15
43 79 13
44 50 -2
44 61 -7
44 63 -4
44 70 15
45 48 -5
45 60 -2
45 62 -9
45 66 11
45 75 -4
46 50 5
46 66 -12
46 68 -14
47 51 2
47 52 2
47 55 -2
47 65 3
47 68 15
48 62 -10
48 66 -3
48 77 -13
49 54 9
49 58 9
49 59 -6
49 65 -2
50 51 -14
50 63 4
50 66 -6
50 70 16
50 72 4
50 73 -8
51 52 -14
51 68 -6
51 73 -9
52 63 16
52 78 8
53 56 -11
53 63 -6
53 70 14
53 75 3
53 78 -7
54 58 16
54 60 -15
54 63 -12
54 74 7
54 75 -4
54 77 8
55 68 11
55 69 9
55 70 -8
55 71 -16
55 76 -9
56 57 -4
56 60 6
56 61 -2
56 65 13
56 69 16
56 70 -10
56 74 13
57 69 -9
57 74 12
57 76 3
58 59 12
58 76 -4
58 77 8
59 60 2
59 66 -9
60 62 -10
60 65 10
60 66 -16
61 73 -6
63 66 6
63 67 4
64 66 2
65 71 -3
67 72 14
67 73 -9
68 71 -15
71 74 8
73 74 -15
75 78 -8
-1
-2016
