er_80_10_4
80
-4
-3
-3
-3
3
-4
2
4
-4
3
-2
-3
-3
2
-4
3
-3
2
3
2
2
4
-3
3
-3
-4
-2
-4
-2
3
2
3
-4
4
2
-2
2
-4
-2
-4
3
-2
-4
-2
-2
-4
-3
3
4
-2
2
4
-3
-3
2
4
-2
-2
-4
-3
-3
4
-4
2
3
3
-4
2
-3
3
-4
-4
-2
2
4
-2
3
-4
4
3
0 24 3
0 26 -4
0 42 2
0 46 -4
0 49 -3
0 54 -4
0 63 4
0 73 2
0 74 2
0 75 3
0 76 3
0 77 4
1 19 2
1 22 -2
1 24 2
1 39 4
1 41 -4
1 46 -2
1 53 4
1 54 -2
1 72 -2
1 76 3
2 28 2
2 41 3
2 44 4
2 46 3
2 59 2
2 74 -4
2 76 2
3 21 -4
3 25 -4
3 44 -2
3 56 3
3 58 -3
3 64 2
4 5 -2
4 6 3
4 15 4
4 20 4
4 30 -4
4 36 -4
4 52 -3
4 70 -4
4 77 2
5 10 -4
5 18 -4
5 23 2
5 35 2
5 36 -3
5 46 -3
5 49 -2
5 64 4
5 76 3
5 79 -2
6 8 -4
6 10 2
6 13 4
6 18 -4
6 22 -3
6 35 3
6 41 -4
7 8 3
7 22 -3
7 29 2
7 35 -4
7 40 -3
7 41 3
7 61 -2
7 67 3
7 77 4
8 31 -2
8 39 4
8 48 -3
8 51 -2
8 53 2
8 55 4
9 19 3
9 38 2
9 51 -4
9 52 3
9 53 -4
9 61 4
9 65 -4
9 74 -2
9 79 -4
10 15 -4
10 30 4
10 44 -3
10 46 4
10 47 -4
10 50 -4
10 57 -2
10 58 2
10 73 3
10 74 3
11 37 4
11 40 2
11 42 3
11 44 2
11 52 4
11 79 -2
12 18 -2
12 23 3
12 51 4
13 28 2
13 31 4
13 60 -4
13 66 4
13 68 2
13 72 2
13 73 4
13 76 -3
14 16 3
14 20 -4
14 33 3
14 35 -4
14 52 4
14 79 -2
15 27 -4
15 29 3
15 36 -4
15 54 -3
15 58 -3
15 60 3
15 76 -3
16 17 4
16 23 -2
16 28 4
16 40 3
16 69 3
17 26 4
17 28 4
17 31 4
17 48 -2
17 62 4
17 74 -2
17 75 2
17 77 4
17 78 3
18 23 3
18 36 -3
18 40 -3
18 45 3
18 46 3
18 56 -2
18 71 -4
18 78 4
19 20 -4
19 33 -3
19 36 4
19 42 -2
19 49 3
19 56 4
19 59 -2
19 62 3
19 63 -4
19 72 2
19 73 -4
19 79 -2
20 25 -3
20 27 -3
20 48 -3
20 51 3
20 53 -2
20 59 2
20 65 4
20 75 -4
20 76 -4
20 78 4
21 22 -2
21 31 2
21 52 4
21 59 2
21 60 2
22 26 3
22 27 -4
22 43 -3
22 50 2
22 55 3
22 58 2
22 68 -2
22 77 -4
22 79 3
23 33 4
23 34 2
23 35 4
23 39 3
23 66 2
23 67 2
23 68 3
23 74 -3
23 76 4
24 41 4
24 51 2
24 53 -3
24 55 -2
24 62 4
24 66 2
24 68 2
24 71 -3
25 27 -4
25 29 3
25 34 -2
25 37 3
25 45 -3
25 47 -4
25 50 3
25 59 3
25 78 -2
25 79 -3
26 27 -2
26 30 -2
26 32 -4
26 34 -2
26 36 4
26 40 2
26 43 -3
26 48 -3
26 55 4
26 78 -2
27 34 4
27 39 -3
27 40 4
27 46 3
27 48 3
27 62 -3
27 69 2
27 71 2
27 72 4
28 31 -4
28 34 -3
28 43 4
28 44 -2
28 51 4
28 52 -3
28 58 2
28 77 -4
29 31 -2
29 36 2
29 52 4
29 53 3
29 54 4
29 68 -4
29 71 2
30 37 3
30 39 -4
30 48 3
30 57 4
30 78 -2
31 32 2
31 51 2
31 55 3
31 57 3
31 76 -4
32 35 -2
32 46 -2
32 48 -2
32 66 4
32 68 -2
32 71 3
33 36 4
33 44 4
33 75 4
34 48 -3
34 58 3
34 60 4
34 66 2
34 71 3
34 72 3
34 73 3
34 75 -2
35 38 -3
35 43 -3
35 45 3
35 52 3
35 55 4
35 57 2
35 59 -3
35 64 4
35 67 -2
35 70 2
36 38 -3
36 48 -3
36 57 2
36 58 4
36 63 3
36 68 2
36 70 -4
37 39 2
37 78 -4
38 48 4
38 57 -4
38 69 -3
38 72 -2
38 74 4
39 43 3
39 51 -2
39 56 4
39 64 4
39 74 -4
39 75 2
40 41 -3
40 55 -4
40 65 3
40 77 2
41 42 -4
41 48 -2
41 51 -3
41 71 2
42 50 -2
42 60 -4
42 63 2
42 69 2
42 75 4
43 48 3
43 52 3
43 56 -4
43 57 -2
43 66 4
43 70 4
43 79 3
44 50 -3
44 61 3
44 63 2
44 70 -4
45 48 3
45 60 2
45 62 4
45 66 -4
45 75 4
46 50 -2
46 66 -2
46 68 -4
47 51 -4
47 52 3
47 55 3
47 65 -4
47 68 -3
48 62 4
48 66 2
48 77 4
49 54 4
49 58 4
49 59 -4
49 65 -4
50 51 4
50 63 -3
50 66 -4
50 70 -2
50 72 4
50 73 -4
51 52 2
51 68 4
51 73 -2
52 63 3
52 78 -4
53 56 4
53 63 -3
53 70 3
53 75 -2
53 78 -4
54 58 4
54 60 4
54 63 4
54 74 2
54 75 -2
54 77 -3
55 68 -2
55 69 2
55 70 -4
55 71 -2
55 76 -3
56 57 -2
56 60 2
56 61 -3
56 65 3
56 69 4
56 70 -2
56 74 2
57 69 -3
57 74 3
57 76 2
58 59 -3
58 76 -2
58 77 -4
59 60 -2
59 66 4
60 62 -4
60 65 -3
60 66 -4
61 73 -4
63 66 4
63 67 -4
64 66 2
65 71 4
67 72 3
67 73 2
68 71 3
71 74 -2
73 74 -3
75 78 4
-1
-653
