er_80_12_8
80
5
-6
2
8
-6
-3
-6
-5
-6
4
-4
3
-6
8
-2
5
-3
-6
-2
5
6
-7
-2
3
7
-2
3
8
8
3
4
2
-5
2
6
-8
-8
3
6
8
6
-8
-5
5
5
6
-3
-4
6
-5
8
2
-5
4
-6
4
-5
5
-2
-5
-6
2
5
7
2
-4
-8
-5
-7
3
5
5
-7
7
-8
-2
-5
7
-6
-5
0 2 -4
0 24 -2
0 26 -4
0 42 8
0 46 -6
0 49 -6
0 51 3
0 54 -5
0 56 6
0 63 -4
0 65 4
0 73 7
0 74 5
0 75 -7
0 76 -7
0 77 5
1 10 -8
1 19 -3
1 22 5
1 24 6
1 39 -8
1 41 -8
1 46 -3
1 53 -2
1 54 -7
1 72 -7
1 76 5
2 14 7
2 28 -3
2 41 6
2 42 -3
2 44 -7
2 46 2
2 48 8
2 59 5
2 62 -7
2 74 -7
2 76 -6
3 21 7
3 25 -3
3 44 2
3 56 -5
3 58 2
3 64 2
4 5 -7
4 6 5
4 14 7
4 15 2
4 20 7
4 26 5
4 30 -2
4 36 6
4 45 -5
4 52 -2
4 70 2
4 71 6
4 77 -8
5 10 5
5 18 3
5 23 5
5 35 8
5 36 5
5 46 5
5 49 8
5 64 -6
5 76 7
5 79 -3
6 8 -8
6 10 -6
6 13 2
6 18 8
6 22 -5
6 35 -2
6 41 -5
6 67 -3
7 8 3
7 22 2
7 29 -7
7 35 4
7 40 3
7 41 6
7 61 8
7 67 2
7 77 3
8 31 3
8 39 -3
8 43 5
8 48 -2
8 51 -6
8 53 8
8 55 2
9 19 -2
9 38 8
9 51 7
9 52 2
9 53 -6
9 61 -8
9 65 -5
9 74 -4
9 79 5
10 15 -7
10 30 -5
10 36 -3
10 44 3
10 46 -7
10 47 7
10 50 -6
10 57 -6
10 58 -4
10 73 6
10 74 7
11 22 3
11 37 7
11 40 -2
11 42 3
11 44 -2
11 52 6
11 79 3
12 18 -5
12 23 -5
12 38 8
12 47 8
12 51 -7
13 28 4
13 31 -6
13 55 3
13 58 4
13 60 -6
13 66 -3
13 68 -8
13 72 -5
13 73 -4
13 76 3
14 16 -5
14 20 -2
14 29 5
14 33 4
14 35 5
14 52 -2
14 68 -3
14 79 2
15 19 2
15 27 -4
15 29 -3
15 36 8
15 54 -6
15 58 -2
15 60 6
15 73 5
15 76 8
16 17 6
16 23 7
16 28 4
16 40 8
16 52 -3
16 69 -5
17 26 4
17 28 -8
17 31 5
17 48 2
17 62 2
17 74 2
17 75 -7
17 77 -7
17 78 2
18 23 5
18 36 8
18 40 -6
18 45 -4
18 46 -2
18 56 6
18 69 -5
18 71 -7
18 78 2
19 20 -7
19 33 -2
19 36 4
19 42 7
19 49 4
19 56 5
19 59 8
19 62 5
19 63 -7
19 68 8
19 72 5
19 73 -4
19 79 8
20 25 -5
20 27 2
20 43 -4
20 48 -4
20 51 3
20 53 -3
20 59 5
20 65 6
20 75 8
20 76 7
20 78 -3
21 22 7
21 24 -5
21 31 4
21 52 -4
21 59 -8
21 60 -6
21 74 3
22 26 -2
22 27 3
22 43 2
22 50 -8
22 55 -5
22 57 6
22 58 -6
22 68 -8
22 77 8
22 79 6
23 33 -8
23 34 8
23 35 8
23 39 -7
23 51 6
23 66 2
23 67 -4
23 68 -7
23 70 2
23 74 5
23 76 -3
24 25 8
24 26 -5
24 31 5
24 41 7
24 44 7
24 51 -2
24 53 4
24 55 3
24 62 5
24 66 -4
24 68 8
24 71 -8
24 76 -3
25 27 3
25 29 7
25 34 8
25 37 -5
25 45 2
25 46 -4
25 47 -8
25 50 4
25 59 3
25 77 6
25 78 -4
25 79 6
26 27 -5
26 30 -7
26 32 -5
26 34 -6
26 36 4
26 40 -5
26 43 -7
26 48 5
26 55 2
26 73 -7
26 78 -6
27 34 5
27 39 -3
27 40 3
27 46 -5
27 48 4
27 62 -7
27 69 6
27 71 6
27 72 -4
28 31 -5
28 34 2
28 43 -3
28 44 -7
28 51 -3
28 52 -8
28 58 -3
28 77 -2
29 31 -5
29 34 8
29 36 -6
29 52 -3
29 53 -7
29 54 8
29 68 -3
29 71 -6
30 37 -4
30 39 -7
30 48 2
30 54 -7
30 57 -8
30 78 -5
31 32 -6
31 51 8
31 55 -7
31 57 7
31 76 -2
32 35 8
32 46 3
32 48 6
32 66 5
32 68 6
32 71 6
33 36 4
33 44 -3
33 46 -4
33 63 5
33 75 -7
34 48 4
34 58 -5
34 60 -3
34 66 -3
34 69 -2
34 71 2
34 72 4
34 73 -4
34 75 -5
35 38 -6
35 43 3
35 45 -8
35 52 7
35 55 -4
35 57 7
35 59 4
35 64 6
35 67 6
35 70 8
35 72 -2
36 38 -4
36 48 5
36 57 8
36 58 2
36 63 -8
36 68 2
36 70 6
37 39 6
37 41 -6
37 55 5
37 78 5
38 48 6
38 57 3
38 69 -7
38 72 7
38 74 -6
39 43 -7
39 51 3
39 56 -3
39 64 -3
39 74 7
39 75 4
40 41 -3
40 55 -3
40 59 8
40 65 -6
40 77 8
41 42 -5
41 43 -5
41 48 -3
41 51 -6
41 71 6
42 50 -3
42 60 3
42 63 -5
42 69 -2
42 75 -6
42 77 3
43 48 -6
43 52 -5
43 56 5
43 57 -7
43 66 2
43 70 -7
43 79 -4
44 50 5
44 61 -6
44 63 -2
44 70 2
45 48 5
45 60 -7
45 62 -2
45 66 6
45 75 7
46 50 -2
46 66 -4
46 68 8
47 51 8
47 52 -4
47 55 7
47 59 2
47 65 -5
47 68 8
48 62 2
48 66 -4
48 77 3
49 54 3
49 58 6
49 59 -4
49 65 -8
50 51 3
50 63 5
50 66 -2
50 70 -3
50 72 7
50 73 5
51 52 4
51 68 -7
51 73 -3
52 61 2
52 63 2
52 78 -4
53 54 6
53 56 -7
53 63 -8
53 70 -5
53 75 6
53 78 8
54 58 4
54 60 -4
54 63 -2
54 74 -7
54 75 -5
54 77 -2
55 65 3
55 68 -7
55 69 -7
55 70 3
55 71 -5
55 76 -2
56 57 5
56 60 5
56 61 2
56 65 -2
56 66 -8
56 69 3
56 70 7
56 74 -7
57 69 -6
57 74 -4
57 76 5
58 59 4
58 76 4
58 77 8
59 60 -8
59 66 -6
59 67 6
60 61 5
60 62 -5
60 65 -7
60 66 -7
61 65 7
61 73 8
63 66 3
63 67 -6
64 66 8
64 70 -2
65 71 6
67 72 8
67 73 5
68 71 -7
68 74 5
68 77 -6
71 74 6
73 74 -6
75 78 -5
-1
-1177
