er_80_6_8
80
3
8
-2
-6
-8
4
-4
5
7
-6
7
-3
-5
-4
6
5
7
4
-3
6
-3
-4
-4
7
4
-2
8
5
2
-5
-2
-8
3
5
7
2
-5
2
-7
-7
-2
8
-6
-2
2
-6
-2
-6
-7
7
6
3
-4
2
7
-8
-2
-8
-8
5
-5
7
-6
5
-8
2
-2
3
6
-7
-8
-2
2
2
3
2
7
-3
4
8
0 26 -8
0 42 -7
0 49 -6
0 63 7
0 74 6
0 77 -8
1 22 2
1 24 -7
1 39 -7
1 41 5
1 46 7
1 76 -2
2 41 4
2 46 3
2 59 6
2 74 -7
3 21 3
3 25 -4
3 44 5
3 58 -6
4 6 -3
4 15 -4
4 20 -2
4 30 5
4 36 3
4 52 -4
4 70 8
4 77 8
5 10 4
5 18 -4
5 23 -8
5 35 -5
5 36 8
5 46 5
5 79 7
6 10 -5
6 18 -4
6 35 8
7 29 8
7 40 -4
7 67 -5
7 77 -7
8 31 -5
8 48 6
8 55 5
9 38 -8
9 51 -4
9 53 5
9 74 -8
9 79 7
10 15 -3
10 44 -2
10 47 -5
10 50 4
10 57 7
10 73 5
10 74 7
11 44 -8
11 52 6
11 79 3
12 18 2
12 23 -6
12 51 -3
13 28 6
13 31 -2
13 66 7
13 68 2
13 72 -7
13 76 4
14 20 2
14 33 8
14 52 5
15 27 -7
15 29 5
15 54 -6
15 60 -4
16 17 8
16 23 4
16 28 -4
16 40 4
17 26 -5
17 28 7
17 31 -3
17 48 -4
17 62 8
17 74 4
17 75 -5
17 77 3
18 23 -7
18 36 -3
18 40 -5
18 56 6
19 20 -2
19 33 7
19 36 7
19 56 -2
19 59 -2
19 62 5
19 63 -6
19 79 2
20 51 3
20 65 -6
20 76 -6
20 78 2
21 22 -2
21 52 8
21 59 5
22 43 -4
22 55 3
22 58 -2
22 68 3
22 77 -5
23 33 -6
23 34 8
23 39 7
23 66 6
23 67 2
23 74 -7
24 41 -8
24 51 2
24 62 -5
24 66 7
24 68 -2
24 71 5
25 27 7
25 29 -3
25 37 -8
25 47 3
25 50 -2
25 59 2
25 79 3
26 30 8
26 32 -5
26 34 8
26 36 5
26 40 4
26 48 8
26 78 6
27 34 -5
27 39 -8
27 46 7
27 48 8
27 62 -6
27 69 8
27 71 -8
27 72 3
28 31 -6
28 34 -3
28 51 -7
28 58 -3
29 36 -6
29 53 8
29 54 -8
29 68 -8
29 71 -8
30 48 -8
31 51 -6
31 55 -4
31 57 -4
31 76 -6
32 35 -3
32 46 -4
32 66 4
32 71 7
33 36 3
33 44 -3
33 75 2
34 48 5
34 60 -3
34 66 8
34 71 4
34 72 -4
34 73 8
34 75 8
35 38 7
35 45 6
35 55 -6
35 59 4
35 64 5
35 67 7
36 48 -7
36 58 5
36 68 3
37 39 8
37 78 8
38 48 7
38 57 -3
38 72 -6
38 74 -4
39 51 -8
39 56 -2
39 74 -3
39 75 -5
40 41 5
40 77 -2
41 48 4
41 71 -5
42 63 2
43 66 -6
43 70 -8
44 50 2
44 61 2
45 48 -2
45 62 6
46 50 -7
46 68 -3
47 51 6
47 68 8
48 62 2
49 58 5
49 59 6
49 65 4
50 51 7
50 63 8
50 66 -2
51 52 7
51 73 7
53 56 3
53 70 2
53 75 2
53 78 6
54 58 -2
54 60 -7
54 74 7
54 77 -7
55 68 -6
55 70 -4
55 76 3
56 57 3
56 60 6
56 69 -2
56 70 7
57 74 4
58 76 3
59 60 -3
60 66 4
61 73 -5
63 67 8
64 66 -2
68 71 5
71 74 -6
73 74 -5
-1
-862
