er_80_4_4
80
-2
-2
-2
-3
-2
4
-3
2
-2
-2
-2
4
2
4
-4
-2
-3
-4
-3
2
4
-2
-4
3
-2
-3
-2
2
-4
2
-2
-2
-2
2
3
-3
-3
-4
3
-3
3
-2
2
4
-3
2
3
4
3
-2
2
-4
-3
-3
-3
2
-4
3
-3
-2
-3
4
-2
4
-4
2
2
4
-4
3
-2
2
-4
-3
-4
2
-3
4
3
-3
0 26 -3
0 42 3
0 49 2
0 63 -4
0 74 3
1 22 2
1 24 -4
1 41 3
1 76 -4
2 59 4
3 21 -4
3 25 -2
3 44 -2
4 6 -2
4 20 -4
4 70 3
5 10 -4
5 18 4
5 23 -4
5 35 -3
5 36 -4
5 46 2
6 10 -4
6 18 3
6 35 -2
7 40 3
7 67 2
7 77 -3
8 48 -2
8 55 3
9 51 3
9 53 -3
9 74 -3
10 44 -2
10 47 3
10 50 4
10 57 -3
10 73 -4
11 44 -2
11 79 2
12 23 3
12 51 -4
13 28 4
13 31 3
13 66 -4
13 68 -3
13 72 3
13 76 2
14 20 2
14 33 3
14 52 2
15 29 2
15 54 4
15 60 3
16 17 -3
16 23 3
16 28 3
16 40 -3
17 28 -4
17 48 -2
17 62 4
17 74 3
17 75 4
17 77 2
18 23 4
18 40 -4
19 20 -2
19 33 2
19 36 2
19 56 -4
19 59 -3
19 63 -3
20 51 -4
20 65 3
20 78 -2
21 22 -3
21 59 -4
22 58 2
22 77 -2
23 33 4
23 34 3
23 39 -2
24 41 2
24 51 3
24 62 -2
24 66 3
24 68 2
24 71 -2
25 27 -4
25 29 2
25 47 -3
25 50 2
26 30 3
26 34 4
26 36 4
26 40 2
27 34 -3
27 39 3
27 46 4
27 48 2
27 62 -2
27 69 2
27 71 3
27 72 3
28 31 2
28 34 -4
28 51 3
29 36 -3
29 53 -4
29 54 4
29 68 -2
29 71 2
30 48 -2
31 55 2
31 57 2
31 76 -4
32 46 4
33 36 -3
33 44 -4
33 75 2
34 48 3
34 71 -2
34 72 4
34 73 2
34 75 3
35 38 -2
35 64 -4
35 67 -4
36 48 -3
36 58 -3
37 39 3
37 78 2
38 48 2
38 57 -2
38 72 -4
38 74 -3
39 51 -4
39 56 -4
39 74 3
40 77 3
41 48 -4
41 71 -2
42 63 2
43 70 2
44 61 -4
45 48 -2
45 62 -2
46 68 -2
47 51 -4
47 68 -4
48 62 3
49 58 -3
49 59 4
49 65 4
50 51 2
51 73 2
53 70 3
53 75 2
54 74 -3
54 77 -4
55 68 3
55 70 3
55 76 2
56 69 -2
56 70 4
57 74 -2
59 60 3
60 66 4
61 73 3
63 67 4
64 66 3
71 74 3
-1
-428
