er_80_6_32
80
-19
-18
25
16
-3
7
12
-6
-20
-15
-31
-28
-28
22
11
-15
-19
-21
-18
14
31
-25
13
-11
-23
12
-4
-23
-31
-16
11
6
-7
-7
30
16
-13
-32
-29
-32
17
29
17
-31
-23
-7
-9
-16
10
-16
-12
30
-3
18
11
25
15
-10
-9
19
25
10
-28
-6
-23
-26
24
-24
17
11
-23
14
13
-29
28
26
-14
-31
-11
13
0 26 -28
0 42 -8
0 49 -32
0 63 31
0 74 -10
0 77 -28
1 22 -28
1 24 18
1 39 9
1 41 -29
1 46 5
1 76 24
2 41 -10
2 46 -17
2 59 -30
2 74 -31
3 21 -30
3 25 -10
3 44 19
3 58 10
4 6 -17
4 15 30
4 20 -8
4 30 -17
4 36 -24
4 52 -30
4 70 -28
4 77 11
5 10 8
5 18 -9
5 23 -29
5 35 27
5 36 -3
5 46 25
5 79 -26
6 10 -12
6 18 7
6 35 -22
7 29 16
7 40 25
7 67 -23
7 77 -29
8 31 9
8 48 -2
8 55 -9
9 38 -17
9 51 -29
9 53 18
9 74 28
9 79 13
10 15 31
10 44 3
10 47 -14
10 50 -13
10 57 -7
10 73 16
10 74 -27
11 44 -10
11 52 28
11 79 -13
12 18 -10
12 23 -23
12 51 23
13 28 -4
13 31 28
13 66 -6
13 68 15
13 72 -8
13 76 11
14 20 8
14 33 -12
14 52 26
15 27 20
15 29 -32
15 54 22
15 60 -28
16 17 -15
16 23 -18
16 28 -26
16 40 -28
17 26 26
17 28 24
17 31 -30
17 48 28
17 62 5
17 74 7
17 75 30
17 77 -19
18 23 -11
18 36 9
18 40 4
18 56 20
19 20 -30
19 33 10
19 36 20
19 56 -13
19 59 5
19 62 5
19 63 31
19 79 14
20 51 -2
20 65 -30
20 76 20
20 78 14
21 22 11
21 52 -10
21 59 16
22 43 8
22 55 -16
22 58 -21
22 68 -16
22 77 21
23 33 7
23 34 30
23 39 -28
23 66 -26
23 67 -18
23 74 -14
24 41 -13
24 51 -29
24 62 -5
24 66 26
24 68 -2
24 71 3
25 27 22
25 29 -11
25 37 8
25 47 -6
25 50 -25
25 59 2
25 79 -21
26 30 29
26 32 -26
26 34 -19
26 36 17
26 40 22
26 48 32
26 78 29
27 34 6
27 39 27
27 46 5
27 48 9
27 62 -12
27 69 -18
27 71 -12
27 72 -19
28 31 29
28 34 -10
28 51 10
28 58 24
29 36 -11
29 53 -2
29 54 -16
29 68 -27
29 71 29
30 48 -25
31 51 -32
31 55 25
31 57 -6
31 76 -6
32 35 16
32 46 -13
32 66 -2
32 71 7
33 36 24
33 44 -3
33 75 -32
34 48 -20
34 60 -17
34 66 -31
34 71 -20
34 72 4
34 73 -9
34 75 20
35 38 -2
35 45 10
35 55 -12
35 59 25
35 64 -5
35 67 -27
36 48 -20
36 58 -5
36 68 -17
37 39 -31
37 78 -5
38 48 22
38 57 8
38 72 16
38 74 -5
39 51 22
39 56 13
39 74 -10
39 75 -3
40 41 13
40 77 9
41 48 -13
41 71 21
42 63 -20
43 66 -6
43 70 14
44 50 -10
44 61 -7
45 48 -6
45 62 27
46 50 16
46 68 -24
47 51 -15
47 68 23
48 62 -9
49 58 -17
49 59 -5
49 65 -6
50 51 10
50 63 23
50 66 32
51 52 28
51 73 4
53 56 2
53 70 -29
53 75 13
53 78 -11
54 58 -2
54 60 8
54 74 -26
54 77 -20
55 68 -27
55 70 11
55 76 4
56 57 -18
56 60 -3
56 69 -18
56 70 28
57 74 12
58 76 -5
59 60 -25
60 66 -8
61 73 -12
63 67 7
64 66 13
68 71 -4
71 74 24
73 74 -27
-1
-2985
