er_80_10_64
80
53
-6
21
-61
-60
14
14
53
-4
52
-20
15
-50
-24
61
-56
-40
19
19
32
-62
25
-5
59
58
14
38
-41
37
-10
44
25
-16
-24
-22
-32
58
-51
-14
-41
-24
-60
41
5
-12
9
48
-51
-60
-33
-7
34
-46
6
4
61
-21
36
-16
15
-39
15
47
41
37
-58
39
-46
42
47
36
-62
-40
11
17
-50
53
-63
-40
10
0 24 -22
0 26 18
0 42 -30
0 46 -62
0 49 47
0 54 -62
0 63 -2
0 73 -49
0 74 14
0 75 36
0 76 -12
0 77 48
1 19 -19
1 22 30
1 24 -9
1 39 -26
1 41 61
1 46 -26
1 53 59
1 54 -52
1 72 -51
1 76 -20
2 28 -24
2 41 -53
2 44 -8
2 46 -8
2 59 55
2 74 -23
2 76 49
3 21 -23
3 25 26
3 44 19
3 56 35
3 58 -19
3 64 -32
4 5 -29
4 6 -55
4 15 -37
4 20 -9
4 30 4
4 36 31
4 52 52
4 70 13
4 77 46
5 10 41
5 18 -44
5 23 -16
5 35 31
5 36 -52
5 46 63
5 49 24
5 64 -11
5 76 -6
5 79 59
6 8 9
6 10 -47
6 13 16
6 18 -38
6 22 -30
6 35 -14
6 41 -27
7 8 60
7 22 46
7 29 -63
7 35 8
7 40 -46
7 41 15
7 61 -2
7 67 -20
7 77 -36
8 31 -13
8 39 -43
8 48 -14
8 51 38
8 53 -11
8 55 14
9 19 -36
9 38 31
9 51 -64
9 52 -37
9 53 24
9 61 -2
9 65 46
9 74 60
9 79 47
10 15 -25
10 30 48
10 44 64
10 46 -50
10 47 -27
10 50 34
10 57 46
10 58 15
10 73 59
10 74 46
11 37 64
11 40 44
11 42 36
11 44 -39
11 52 50
11 79 47
12 18 -57
12 23 -20
12 51 -57
13 28 25
13 31 34
13 60 25
13 66 -62
13 68 -44
13 72 22
13 73 -53
13 76 -54
14 16 -23
14 20 -11
14 33 18
14 35 -17
14 52 -62
14 79 38
15 27 6
15 29 -44
15 36 55
15 54 -21
15 58 -61
15 60 -40
15 76 13
16 17 -5
16 23 18
16 28 -11
16 40 -55
16 69 24
17 26 -20
17 28 -54
17 31 -47
17 48 60
17 62 51
17 74 50
17 75 -58
17 77 -2
17 78 -12
18 23 -31
18 36 -3
18 40 -61
18 45 -11
18 46 48
18 56 17
18 71 36
18 78 31
19 20 27
19 33 -3
19 36 -45
19 42 34
19 49 -28
19 56 -18
19 59 57
19 62 24
19 63 7
19 72 49
19 73 -11
19 79 20
20 25 -19
20 27 5
20 48 42
20 51 54
20 53 -21
20 59 -10
20 65 -49
20 75 64
20 76 15
20 78 50
21 22 -45
21 31 -5
21 52 -55
21 59 -51
21 60 -30
22 26 -50
22 27 -60
22 43 -49
22 50 -41
22 55 -56
22 58 -14
22 68 61
22 77 -32
22 79 9
23 33 40
23 34 -5
23 35 62
23 39 -29
23 66 -10
23 67 56
23 68 -52
23 74 4
23 76 -40
24 41 -29
24 51 59
24 53 -63
24 55 -22
24 62 19
24 66 -32
24 68 44
24 71 -24
25 27 -4
25 29 21
25 34 -30
25 37 -16
25 45 -31
25 47 -39
25 50 39
25 59 -64
25 78 -47
25 79 -50
26 27 48
26 30 -63
26 32 -8
26 34 -4
26 36 3
26 40 -10
26 43 19
26 48 53
26 55 3
26 78 43
27 34 17
27 39 -51
27 40 -30
27 46 39
27 48 -38
27 62 3
27 69 -37
27 71 6
27 72 -61
28 31 12
28 34 60
28 43 -49
28 44 -53
28 51 -35
28 52 -9
28 58 -64
28 77 63
29 31 31
29 36 22
29 52 -56
29 53 34
29 54 2
29 68 33
29 71 2
30 37 -5
30 39 -11
30 48 56
30 57 -47
30 78 2
31 32 -21
31 51 47
31 55 57
31 57 -42
31 76 51
32 35 -35
32 46 -16
32 48 64
32 66 49
32 68 -3
32 71 -58
33 36 -11
33 44 22
33 75 -5
34 48 -64
34 58 -17
34 60 52
34 66 7
34 71 12
34 72 -60
34 73 -30
34 75 29
35 38 34
35 43 -58
35 45 -52
35 52 14
35 55 -53
35 57 -5
35 59 -12
35 64 -37
35 67 37
35 70 -54
36 38 -55
36 48 38
36 57 -61
36 58 51
36 63 -52
36 68 -42
36 70 -31
37 39 7
37 78 -53
38 48 15
38 57 -62
38 69 -28
38 72 -33
38 74 -46
39 43 24
39 51 -41
39 56 -11
39 64 -11
39 74 -34
39 75 61
40 41 34
40 55 -53
40 65 -48
40 77 -46
41 42 -57
41 48 64
41 51 -50
41 71 19
42 50 37
42 60 27
42 63 -22
42 69 11
42 75 -52
43 48 -58
43 52 56
43 56 -17
43 57 57
43 66 55
43 70 4
43 79 31
44 50 17
44 61 17
44 63 -30
44 70 15
45 48 7
45 60 -31
45 62 -3
45 66 28
45 75 -7
46 50 23
46 66 -53
46 68 20
47 51 -26
47 52 4
47 55 -32
47 65 -51
47 68 -40
48 62 -46
48 66 28
48 77 38
49 54 3
49 58 63
49 59 42
49 65 32
50 51 -48
50 63 -59
50 66 12
50 70 63
50 72 -59
50 73 -17
51 52 -16
51 68 60
51 73 14
52 63 -40
52 78 -33
53 56 -8
53 63 -15
53 70 -31
53 75 -27
53 78 -33
54 58 -30
54 60 8
54 63 -22
54 74 21
54 75 55
54 77 38
55 68 -7
55 69 34
55 70 59
55 71 43
55 76 -44
56 57 6
56 60 -46
56 61 -35
56 65 6
56 69 -48
56 70 -22
56 74 -45
57 69 -44
57 74 -45
57 76 -11
58 59 -59
58 76 -10
58 77 47
59 60 17
59 66 53
60 62 -41
60 65 -56
60 66 -49
61 73 -50
63 66 -8
63 67 -52
64 66 18
65 71 61
67 72 21
67 73 -45
68 71 57
71 74 -20
73 74 -57
75 78 54
-1
-8086
