er_80_4_64
80
24
33
59
48
-23
-13
-22
-6
-23
10
62
-38
47
22
12
-42
19
-9
-37
36
-4
43
59
19
-59
18
6
-21
43
40
2
-54
26
-35
-61
9
-57
-4
37
-48
44
-20
27
12
-15
60
49
42
20
30
-62
-13
50
-10
7
-36
29
47
9
14
34
35
-47
-34
24
-4
-51
-40
10
-27
-6
42
8
11
64
20
41
46
-3
26
0 26 7
0 42 24
0 49 62
0 63 -30
0 74 -26
1 22 5
1 24 -27
1 41 -63
1 76 12
2 59 6
3 21 -43
3 25 -48
3 44 -28
4 6 -32
4 20 -37
4 70 31
5 10 52
5 18 -37
5 23 44
5 35 -18
5 36 4
5 46 -64
6 10 -10
6 18 -22
6 35 -41
7 40 -37
7 67 -28
7 77 -58
8 48 -13
8 55 -29
9 51 18
9 53 -12
9 74 -33
10 44 46
10 47 9
10 50 38
10 57 55
10 73 -40
11 44 -12
11 79 14
12 23 -34
12 51 -5
13 28 -62
13 31 -43
13 66 64
13 68 -33
13 72 -56
13 76 -56
14 20 -11
14 33 40
14 52 56
15 29 31
15 54 14
15 60 -45
16 17 17
16 23 -17
16 28 -35
16 40 19
17 28 32
17 48 -44
17 62 -47
17 74 20
17 75 -9
17 77 21
18 23 62
18 40 -38
19 20 -28
19 33 26
19 36 -43
19 56 -2
19 59 63
19 63 63
20 51 13
20 65 -2
20 78 -42
21 22 -25
21 59 -2
22 58 -3
22 77 -38
23 33 27
23 34 10
23 39 37
24 41 -40
24 51 7
24 62 18
24 66 32
24 68 36
24 71 19
25 27 52
25 29 -2
25 47 -37
25 50 33
26 30 -55
26 34 53
26 36 51
26 40 3
27 34 12
27 39 25
27 46 -44
27 48 29
27 62 -17
27 69 58
27 71 -42
27 72 -24
28 31 -46
28 34 -64
28 51 -21
29 36 46
29 53 14
29 54 39
29 68 15
29 71 -33
30 48 -22
31 55 25
31 57 -10
31 76 -49
32 46 -64
33 36 -35
33 44 9
33 75 3
34 48 -63
34 71 -38
34 72 -49
34 73 41
34 75 30
35 38 -50
35 64 46
35 67 -23
36 48 29
36 58 -10
37 39 28
37 78 18
38 48 57
38 57 -54
38 72 28
38 74 -15
39 51 2
39 56 42
39 74 9
40 77 -40
41 48 -60
41 71 -13
42 63 27
43 70 -29
44 61 25
45 48 -23
45 62 46
46 68 38
47 51 -36
47 68 -47
48 62 -33
49 58 33
49 59 47
49 65 47
50 51 5
51 73 -17
53 70 52
53 75 -33
54 74 -36
54 77 -5
55 68 -47
55 70 -59
55 76 -5
56 69 26
56 70 55
57 74 54
59 60 57
60 66 57
61 73 62
63 67 21
64 66 17
71 74 -21
-1
-5018
