er_80_6_64
80
55
-38
57
-56
-49
-14
35
-7
-12
24
-34
-53
50
-35
-29
2
34
-19
-27
-56
59
53
-51
-21
36
-37
52
53
17
6
-18
-44
4
-59
37
28
2
42
-59
-61
-58
42
-4
44
-27
-9
45
3
-64
18
-3
-14
13
46
-30
-20
-32
-2
38
-27
-53
-43
-60
2
-25
-30
-33
56
54
22
-10
18
-17
-12
-55
13
21
-8
-36
58
0 26 19
0 42 16
0 49 14
0 63 -61
0 74 13
0 77 -33
1 22 -48
1 24 -18
1 39 48
1 41 -31
1 46 10
1 76 43
2 41 62
2 46 56
2 59 39
2 74 -55
3 21 16
3 25 -19
3 44 58
3 58 14
4 6 23
4 15 40
4 20 -53
4 30 -8
4 36 56
4 52 45
4 70 33
4 77 -8
5 10 49
5 18 -54
5 23 -26
5 35 43
5 36 23
5 46 51
5 79 -27
6 10 30
6 18 27
6 35 28
7 29 39
7 40 -8
7 67 -18
7 77 20
8 31 36
8 48 -17
8 55 20
9 38 -8
9 51 -14
9 53 -12
9 74 19
9 79 -5
10 15 23
10 44 -36
10 47 -40
10 50 -12
10 57 -40
10 73 -34
10 74 -12
11 44 14
11 52 -52
11 79 -27
12 18 29
12 23 -21
12 51 28
13 28 -18
13 31 63
13 66 17
13 68 52
13 72 43
13 76 -59
14 20 -5
14 33 25
14 52 -59
15 27 61
15 29 53
15 54 -10
15 60 14
16 17 64
16 23 -6
16 28 63
16 40 3
17 26 -16
17 28 -17
17 31 64
17 48 48
17 62 -42
17 74 25
17 75 -50
17 77 -14
18 23 63
18 36 -41
18 40 58
18 56 -46
19 20 59
19 33 -60
19 36 -3
19 56 -11
19 59 31
19 62 46
19 63 10
19 79 35
20 51 -33
20 65 -21
20 76 -20
20 78 30
21 22 -57
21 52 21
21 59 -45
22 43 -8
22 55 54
22 58 12
22 68 62
22 77 -49
23 33 4
23 34 14
23 39 -38
23 66 38
23 67 -37
23 74 38
24 41 -24
24 51 -12
24 62 31
24 66 -37
24 68 -20
24 71 -64
25 27 16
25 29 60
25 37 14
25 47 2
25 50 -63
25 59 -36
25 79 -24
26 30 39
26 32 20
26 34 -41
26 36 40
26 40 2
26 48 5
26 78 38
27 34 -44
27 39 52
27 46 -45
27 48 54
27 62 43
27 69 -32
27 71 -17
27 72 -17
28 31 2
28 34 6
28 51 -62
28 58 -25
29 36 -22
29 53 45
29 54 -44
29 68 -63
29 71 -62
30 48 41
31 51 60
31 55 46
31 57 51
31 76 -45
32 35 26
32 46 38
32 66 41
32 71 14
33 36 -44
33 44 -55
33 75 59
34 48 45
34 60 -4
34 66 6
34 71 -12
34 72 -9
34 73 42
34 75 3
35 38 63
35 45 -4
35 55 -28
35 59 -55
35 64 30
35 67 -25
36 48 54
36 58 56
36 68 44
37 39 -61
37 78 15
38 48 -23
38 57 56
38 72 3
38 74 -4
39 51 -49
39 56 -44
39 74 57
39 75 -6
40 41 -33
40 77 4
41 48 -13
41 71 33
42 63 -38
43 66 10
43 70 25
44 50 40
44 61 -14
45 48 -27
45 62 60
46 50 -20
46 68 -61
47 51 -56
47 68 -60
48 62 55
49 58 -52
49 59 43
49 65 55
50 51 -45
50 63 -3
50 66 -40
51 52 31
51 73 -12
53 56 -31
53 70 -62
53 75 -55
53 78 -40
54 58 41
54 60 39
54 74 29
54 77 -40
55 68 11
55 70 -51
55 76 16
56 57 61
56 60 -4
56 69 31
56 70 43
57 74 -22
58 76 -60
59 60 -48
60 66 13
61 73 -33
63 67 -25
64 66 28
68 71 2
71 74 3
73 74 12
-1
-5805
