er_80_6_16
80
-13
-16
6
-8
6
9
-2
-12
-11
4
-14
4
-6
8
-11
-11
3
14
-7
2
-8
3
-6
-16
-6
-16
3
-2
-3
4
-11
-10
16
-13
-15
9
-5
11
-16
16
5
-2
3
12
15
-8
5
-15
14
7
2
11
4
-3
7
8
-12
9
-5
-16
16
6
11
-5
3
-15
-13
11
4
16
-10
-4
-12
-11
-3
-16
-15
-2
12
-6
0 26 -7
0 42 -12
0 49 11
0 63 5
0 74 10
0 77 -16
1 22 -5
1 24 16
1 39 13
1 41 6
1 46 14
1 76 8
2 41 -9
2 46 11
2 59 2
2 74 6
3 21 16
3 25 -6
3 44 9
3 58 2
4 6 11
4 15 15
4 20 9
4 30 5
4 36 7
4 52 15
4 70 14
4 77 4
5 10 -16
5 18 10
5 23 -9
5 35 -15
5 36 -3
5 46 13
5 79 10
6 10 11
6 18 9
6 35 11
7 29 -4
7 40 16
7 67 15
7 77 14
8 31 3
8 48 11
8 55 -4
9 38 6
9 51 4
9 53 13
9 74 -5
9 79 -4
10 15 -8
10 44 -15
10 47 -7
10 50 7
10 57 3
10 73 7
10 74 5
11 44 -13
11 52 -12
11 79 -11
12 18 -10
12 23 -2
12 51 3
13 28 2
13 31 -13
13 66 -9
13 68 10
13 72 4
13 76 -5
14 20 7
14 33 11
14 52 9
15 27 -12
15 29 3
15 54 7
15 60 14
16 17 5
16 23 -12
16 28 9
16 40 -11
17 26 -5
17 28 -6
17 31 8
17 48 3
17 62 -11
17 74 -11
17 75 13
17 77 10
18 23 -9
18 36 -3
18 40 -13
18 56 9
19 20 -9
19 33 -7
19 36 -3
19 56 13
19 59 -13
19 62 -6
19 63 -13
19 79 -10
20 51 -4
20 65 -2
20 76 -15
20 78 8
21 22 4
21 52 -2
21 59 -7
22 43 2
22 55 -12
22 58 13
22 68 11
22 77 3
23 33 -10
23 34 8
23 39 -10
23 66 2
23 67 12
23 74 -4
24 41 -10
24 51 -4
24 62 14
24 66 -7
24 68 14
24 71 -4
25 27 -11
25 29 -6
25 37 12
25 47 -3
25 50 5
25 59 10
25 79 -16
26 30 9
26 32 -12
26 34 15
26 36 12
26 40 -11
26 48 5
26 78 15
27 34 10
27 39 -9
27 46 -10
27 48 -12
27 62 -15
27 69 -12
27 71 12
27 72 -15
28 31 2
28 34 -2
28 51 10
28 58 -10
29 36 13
29 53 -9
29 54 -14
29 68 6
29 71 13
30 48 -6
31 51 8
31 55 -3
31 57 15
31 76 -5
32 35 -15
32 46 12
32 66 14
32 71 16
33 36 7
33 44 7
33 75 -16
34 48 16
34 60 15
34 66 -4
34 71 5
34 72 -13
34 73 4
34 75 -15
35 38 10
35 45 4
35 55 9
35 59 -13
35 64 -12
35 67 -16
36 48 -10
36 58 15
36 68 14
37 39 14
37 78 11
38 48 -10
38 57 9
38 72 -8
38 74 -8
39 51 -11
39 56 -9
39 74 -16
39 75 5
40 41 -12
40 77 -7
41 48 14
41 71 2
42 63 -5
43 66 -5
43 70 -3
44 50 -10
44 61 6
45 48 3
45 62 -12
46 50 -13
46 68 2
47 51 10
47 68 -10
48 62 13
49 58 3
49 59 -5
49 65 -6
50 51 -3
50 63 11
50 66 8
51 52 16
51 73 -8
53 56 -14
53 70 -3
53 75 -6
53 78 -4
54 58 16
54 60 -3
54 74 -9
54 77 3
55 68 -9
55 70 -10
55 76 13
56 57 7
56 60 -16
56 69 -10
56 70 10
57 74 15
58 76 4
59 60 -12
60 66 -12
61 73 9
63 67 -6
64 66 -14
68 71 -10
71 74 10
73 74 15
-1
-1530
