er_80_8_4
80
-3
2
2
2
3
2
-3
-4
-4
4
4
3
3
-3
-3
-3
-3
-3
3
-2
2
4
2
3
3
-3
-2
-4
4
2
-4
-4
-4
2
2
3
-4
4
2
3
3
-3
2
3
2
-2
-4
4
-3
3
2
-3
-3
-4
3
3
-4
-4
-2
-2
-4
3
-2
4
-4
-3
-4
-4
3
4
2
-3
-3
3
2
4
3
2
2
3
0 26 2
0 42 -2
0 49 -4
0 54 -3
0 63 3
0 74 -2
0 76 -3
0 77 -2
1 22 4
1 24 -2
1 39 4
1 41 -2
1 46 4
1 53 4
1 54 -3
1 76 -3
2 41 -4
2 46 -4
2 59 4
2 74 -4
3 21 3
3 25 4
3 44 -4
3 56 -3
3 58 -3
4 6 2
4 15 -4
4 20 2
4 30 -2
4 36 2
4 52 -4
4 70 -3
4 77 4
5 10 -2
5 18 4
5 23 -4
5 35 2
5 36 2
5 46 -4
5 76 -3
5 79 4
6 8 2
6 10 -4
6 18 2
6 22 2
6 35 4
6 41 -3
7 29 -2
7 40 -4
7 41 -4
7 67 4
7 77 3
8 31 -4
8 39 4
8 48 3
8 55 3
9 38 -4
9 51 2
9 52 -3
9 53 -2
9 65 -3
9 74 3
9 79 2
10 15 2
10 44 4
10 46 3
10 47 -2
10 50 3
10 57 -4
10 58 -2
10 73 3
10 74 2
11 40 -2
11 42 4
11 44 4
11 52 3
11 79 3
12 18 -4
12 23 -3
12 51 4
13 28 -3
13 31 -4
13 66 4
13 68 -4
13 72 -3
13 76 -3
14 16 -4
14 20 -3
14 33 -3
14 52 -4
15 27 3
15 29 4
15 36 -3
15 54 -4
15 60 -3
15 76 -2
16 17 4
16 23 -3
16 28 -3
16 40 -4
17 26 3
17 28 3
17 31 -4
17 48 2
17 62 -3
17 74 4
17 75 3
17 77 -3
17 78 2
18 23 2
18 36 2
18 40 -2
18 46 2
18 56 2
18 71 -3
18 78 -3
19 20 -2
19 33 -3
19 36 -2
19 56 3
19 59 -3
19 62 2
19 63 2
19 72 -3
19 79 -4
20 25 -2
20 27 3
20 48 -4
20 51 4
20 53 2
20 59 -2
20 65 -3
20 76 -2
20 78 -4
21 22 -2
21 52 -4
21 59 -4
21 60 -2
22 43 -2
22 50 3
22 55 -2
22 58 -4
22 68 3
22 77 -2
22 79 4
23 33 3
23 34 4
23 35 2
23 39 -2
23 66 -4
23 67 -4
23 68 4
23 74 2
23 76 3
24 41 2
24 51 -4
24 53 -3
24 62 -2
24 66 -2
24 68 -4
24 71 2
25 27 4
25 29 3
25 34 4
25 37 -4
25 47 -3
25 50 -2
25 59 2
25 79 -2
26 30 4
26 32 2
26 34 2
26 36 3
26 40 3
26 48 -2
26 78 -4
27 34 -2
27 39 -4
27 46 2
27 48 -2
27 62 2
27 69 -4
27 71 2
27 72 -3
28 31 -4
28 34 -2
28 44 -3
28 51 -2
28 52 2
28 58 4
28 77 -4
29 31 -2
29 36 -3
29 53 3
29 54 2
29 68 4
29 71 -3
30 37 3
30 39 2
30 48 -4
30 57 -2
31 51 -3
31 55 4
31 57 -3
31 76 -2
32 35 4
32 46 -3
32 48 -3
32 66 -2
32 71 4
33 36 -3
33 44 4
33 75 3
34 48 2
34 60 2
34 66 4
34 71 -4
34 72 4
34 73 3
34 75 4
35 38 2
35 45 -4
35 52 4
35 55 -3
35 57 4
35 59 -2
35 64 4
35 67 4
35 70 -4
36 48 -2
36 57 3
36 58 -3
36 68 4
36 70 3
37 39 -2
37 78 -3
38 48 4
38 57 4
38 72 2
38 74 2
39 43 -3
39 51 2
39 56 2
39 64 -2
39 74 -3
39 75 -2
40 41 4
40 55 2
40 65 -4
40 77 -4
41 48 -3
41 51 -2
41 71 4
42 50 3
42 60 3
42 63 -2
42 69 -2
42 75 -4
43 52 4
43 56 -3
43 66 -4
43 70 2
43 79 3
44 50 2
44 61 -3
44 70 3
45 48 3
45 60 -3
45 62 2
45 66 -2
45 75 -3
46 50 2
46 68 -4
47 51 -4
47 52 -2
47 55 -4
47 65 4
47 68 -3
48 62 -2
48 66 4
49 54 2
49 58 -4
49 59 -4
49 65 3
50 51 -3
50 63 -2
50 66 3
50 72 -3
51 52 -4
51 73 3
52 63 -3
53 56 4
53 70 4
53 75 3
53 78 -4
54 58 -4
54 60 -2
54 74 -4
54 75 -4
54 77 3
55 68 -2
55 70 -2
55 76 2
56 57 -4
56 60 -3
56 61 2
56 65 4
56 69 -2
56 70 -4
57 69 3
57 74 3
58 76 4
58 77 3
59 60 3
60 62 4
60 65 3
60 66 4
61 73 -4
63 67 -2
64 66 2
65 71 -2
68 71 -3
71 74 4
73 74 -2
-1
-572
