er_80_12_16
80
-9
-8
7
2
4
-9
-8
6
-4
-7
-16
12
11
9
-6
11
5
6
4
-12
15
-14
16
-10
-15
-11
9
11
13
14
12
-2
13
10
-3
9
-6
13
-4
-13
15
10
9
-15
11
-7
-8
5
-13
5
15
10
4
-16
-6
16
3
12
-2
11
-14
-9
-11
-16
9
12
-4
-16
-2
-14
2
7
2
-3
-16
-16
4
-8
-6
-6
0 2 -9
0 24 6
0 26 14
0 42 8
0 46 -10
0 49 3
0 51 -11
0 54 -10
0 56 16
0 63 9
0 65 12
0 73 -7
0 74 -13
0 75 -6
0 76 3
0 77 15
1 10 -15
1 19 6
1 22 11
1 24 3
1 39 -16
1 41 -5
1 46 8
1 53 11
1 54 -6
1 72 -7
1 76 -3
2 14 -3
2 28 -11
2 41 -13
2 42 -9
2 44 7
2 46 9
2 48 -8
2 59 -7
2 62 -4
2 74 14
2 76 -3
3 21 -15
3 25 13
3 44 6
3 56 -16
3 58 -7
3 64 5
4 5 6
4 6 6
4 14 5
4 15 4
4 20 -9
4 26 9
4 30 11
4 36 16
4 45 -15
4 52 4
4 70 -10
4 71 16
4 77 7
5 10 -11
5 18 -8
5 23 -10
5 35 9
5 36 -15
5 46 -11
5 49 12
5 64 16
5 76 8
5 79 -8
6 8 -10
6 10 -9
6 13 -7
6 18 -10
6 22 -12
6 35 5
6 41 -16
6 67 3
7 8 6
7 22 14
7 29 2
7 35 -6
7 40 -16
7 41 4
7 61 -5
7 67 -3
7 77 7
8 31 -14
8 39 -15
8 43 4
8 48 13
8 51 2
8 53 11
8 55 -14
9 19 5
9 38 5
9 51 -8
9 52 16
9 53 6
9 61 13
9 65 8
9 74 -5
9 79 5
10 15 -13
10 30 7
10 36 14
10 44 -9
10 46 12
10 47 -8
10 50 -11
10 57 -11
10 58 -2
10 73 16
10 74 -7
11 22 -7
11 37 -2
11 40 -4
11 42 -15
11 44 -11
11 52 -7
11 79 8
12 18 -14
12 23 14
12 38 9
12 47 6
12 51 12
13 28 -11
13 31 -15
13 55 4
13 58 11
13 60 -14
13 66 8
13 68 7
13 72 7
13 73 -8
13 76 -5
14 16 -11
14 20 -6
14 29 -11
14 33 -15
14 35 4
14 52 -4
14 68 -14
14 79 -5
15 19 -4
15 27 -10
15 29 14
15 36 -11
15 54 -4
15 58 -8
15 60 3
15 73 -13
15 76 3
16 17 -16
16 23 -4
16 28 -7
16 40 13
16 52 -12
16 69 7
17 26 13
17 28 7
17 31 -6
17 48 -11
17 62 5
17 74 14
17 75 11
17 77 15
17 78 8
18 23 -4
18 36 16
18 40 -13
18 45 -6
18 46 2
18 56 12
18 69 -14
18 71 10
18 78 14
19 20 -10
19 33 13
19 36 14
19 42 11
19 49 15
19 56 4
19 59 10
19 62 3
19 63 -7
19 68 8
19 72 -16
19 73 13
19 79 -16
20 25 15
20 27 -2
20 43 16
20 48 14
20 51 15
20 53 -13
20 59 -16
20 65 9
20 75 10
20 76 -15
20 78 -2
21 22 9
21 24 14
21 31 8
21 52 9
21 59 13
21 60 11
21 74 -13
22 26 7
22 27 -13
22 43 14
22 50 6
22 55 -2
22 57 4
22 58 3
22 68 -2
22 77 7
22 79 2
23 33 14
23 34 4
23 35 6
23 39 14
23 51 -2
23 66 4
23 67 15
23 68 14
23 70 11
23 74 11
23 76 -4
24 25 2
24 26 6
24 31 11
24 41 10
24 44 -5
24 51 4
24 53 7
24 55 10
24 62 6
24 66 -5
24 68 5
24 71 -6
24 76 -13
25 27 8
25 29 12
25 34 -8
25 37 -14
25 45 -6
25 46 -12
25 47 7
25 50 -14
25 59 -15
25 77 -6
25 78 -16
25 79 8
26 27 -3
26 30 -3
26 32 -12
26 34 7
26 36 3
26 40 3
26 43 15
26 48 -12
26 55 -6
26 73 -7
26 78 -7
27 34 9
27 39 -11
27 40 15
27 46 -6
27 48 8
27 62 -11
27 69 3
27 71 12
27 72 -4
28 31 4
28 34 -16
28 43 10
28 44 -14
28 51 3
28 52 5
28 58 -15
28 77 9
29 31 12
29 34 -12
29 36 -4
29 52 13
29 53 5
29 54 -16
29 68 9
29 71 -4
30 37 6
30 39 -3
30 48 -8
30 54 -7
30 57 -15
30 78 4
31 32 13
31 51 -14
31 55 7
31 57 15
31 76 -16
32 35 3
32 46 9
32 48 9
32 66 12
32 68 2
32 71 -14
33 36 11
33 44 -10
33 46 -6
33 63 11
33 75 -13
34 48 -5
34 58 -2
34 60 7
34 66 2
34 69 4
34 71 -2
34 72 16
34 73 16
34 75 14
35 38 -3
35 43 -3
35 45 -4
35 52 -2
35 55 3
35 57 -6
35 59 14
35 64 -15
35 67 12
35 70 10
35 72 14
36 38 -13
36 48 -14
36 57 5
36 58 14
36 63 12
36 68 8
36 70 12
37 39 14
37 41 5
37 55 3
37 78 -9
38 48 -6
38 57 12
38 69 11
38 72 -13
38 74 -2
39 43 4
39 51 14
39 56 -12
39 64 -4
39 74 5
39 75 3
40 41 -10
40 55 9
40 59 -9
40 65 3
40 77 -14
41 42 7
41 43 6
41 48 -2
41 51 -10
41 71 5
42 50 -8
42 60 -13
42 63 16
42 69 10
42 75 4
42 77 -2
43 48 -4
43 52 -13
43 56 13
43 57 15
43 66 -12
43 70 3
43 79 -7
44 50 -3
44 61 12
44 63 14
44 70 -8
45 48 6
45 60 11
45 62 -9
45 66 10
45 75 8
46 50 14
46 66 -10
46 68 -7
47 51 6
47 52 4
47 55 -8
47 59 -15
47 65 2
47 68 8
48 62 -14
48 66 9
48 77 -11
49 54 -5
49 58 -13
49 59 -5
49 65 2
50 51 9
50 63 13
50 66 -5
50 70 11
50 72 -9
50 73 -13
51 52 -8
51 68 10
51 73 15
52 61 11
52 63 -16
52 78 -4
53 54 9
53 56 12
53 63 6
53 70 -15
53 75 -6
53 78 -12
54 58 3
54 60 -4
54 63 9
54 74 10
54 75 -10
54 77 -4
55 65 5
55 68 2
55 69 12
55 70 -10
55 71 16
55 76 -2
56 57 -3
56 60 -16
56 61 -4
56 65 -13
56 66 9
56 69 -2
56 70 -12
56 74 -13
57 69 -5
57 74 13
57 76 3
58 59 -4
58 76 -13
58 77 -4
59 60 -7
59 66 14
59 67 -4
60 61 11
60 62 -8
60 65 -5
60 66 11
61 65 13
61 73 -15
63 66 -5
63 67 -14
64 66 4
64 70 -10
65 71 6
67 72 -4
67 73 7
68 71 3
68 74 12
68 77 13
71 74 -3
73 74 9
75 78 -7
-1
-2323
