er_80_8_16
80
16
7
15
4
12
-15
-7
14
-15
12
3
6
-16
15
-9
-3
-9
-15
-4
7
6
14
8
7
-15
7
-7
-7
-8
-13
-6
14
4
10
5
12
11
-7
12
14
5
11
12
11
16
-6
5
8
-9
9
-11
9
2
3
-2
7
13
13
3
2
-7
-6
-2
-8
13
-7
-13
-9
7
8
7
7
-13
-2
-14
-12
6
-7
10
7
0 26 -13
0 42 16
0 49 -6
0 54 -8
0 63 -9
0 74 12
0 76 12
0 77 5
1 22 -10
1 24 -8
1 39 12
1 41 10
1 46 -12
1 53 -13
1 54 8
1 76 -2
2 41 13
2 46 -7
2 59 -12
2 74 -8
3 21 -3
3 25 15
3 44 -14
3 56 -13
3 58 14
4 6 -13
4 15 -14
4 20 16
4 30 -8
4 36 -4
4 52 -11
4 70 8
4 77 -10
5 10 -2
5 18 6
5 23 -3
5 35 6
5 36 5
5 46 5
5 76 -5
5 79 -9
6 8 13
6 10 14
6 18 -3
6 22 -2
6 35 7
6 41 -4
7 29 6
7 40 -7
7 41 3
7 67 7
7 77 -13
8 31 -10
8 39 -9
8 48 13
8 55 -3
9 38 -7
9 51 9
9 52 13
9 53 10
9 65 14
9 74 2
9 79 -5
10 15 -3
10 44 -6
10 46 13
10 47 5
10 50 -4
10 57 5
10 58 -2
10 73 8
10 74 -2
11 40 3
11 42 3
11 44 -15
11 52 16
11 79 -16
12 18 3
12 23 12
12 51 -6
13 28 -14
13 31 7
13 66 -2
13 68 14
13 72 -16
13 76 -11
14 16 -16
14 20 13
14 33 9
14 52 -13
15 27 -5
15 29 -13
15 36 16
15 54 -2
15 60 8
15 76 -4
16 17 2
16 23 2
16 28 8
16 40 12
17 26 -5
17 28 2
17 31 2
17 48 6
17 62 -6
17 74 -15
17 75 -12
17 77 -16
17 78 6
18 23 -12
18 36 3
18 40 16
18 46 -8
18 56 3
18 71 -9
18 78 -12
19 20 14
19 33 -10
19 36 -5
19 56 -4
19 59 -5
19 62 10
19 63 9
19 72 5
19 79 8
20 25 -13
20 27 -7
20 48 6
20 51 -12
20 53 -2
20 59 11
20 65 3
20 76 12
20 78 -11
21 22 -3
21 52 15
21 59 6
21 60 -11
22 43 -2
22 50 7
22 55 -9
22 58 -6
22 68 -12
22 77 -12
22 79 6
23 33 -12
23 34 -16
23 35 -15
23 39 14
23 66 -3
23 67 14
23 68 7
23 74 -16
23 76 13
24 41 -15
24 51 -6
24 53 -13
24 62 10
24 66 -10
24 68 -6
24 71 16
25 27 -12
25 29 7
25 34 15
25 37 -7
25 47 10
25 50 6
25 59 6
25 79 -9
26 30 2
26 32 16
26 34 5
26 36 13
26 40 3
26 48 -11
26 78 -12
27 34 6
27 39 7
27 46 5
27 48 -12
27 62 -4
27 69 7
27 71 14
27 72 15
28 31 11
28 34 16
28 44 -3
28 51 -8
28 52 9
28 58 -7
28 77 9
29 31 -8
29 36 -8
29 53 -6
29 54 -10
29 68 7
29 71 13
30 37 4
30 39 -15
30 48 -11
30 57 -4
31 51 9
31 55 -5
31 57 -5
31 76 15
32 35 9
32 46 12
32 48 -14
32 66 11
32 71 -9
33 36 8
33 44 5
33 75 -15
34 48 -12
34 60 13
34 66 -6
34 71 2
34 72 -14
34 73 6
34 75 14
35 38 14
35 45 15
35 52 6
35 55 16
35 57 -11
35 59 -8
35 64 -14
35 67 -8
35 70 10
36 48 -15
36 57 -13
36 58 9
36 68 -8
36 70 -2
37 39 -3
37 78 -8
38 48 16
38 57 -2
38 72 -16
38 74 -3
39 43 3
39 51 12
39 56 15
39 64 13
39 74 4
39 75 -2
40 41 16
40 55 -2
40 65 -7
40 77 5
41 48 -16
41 51 -6
41 71 -9
42 50 6
42 60 10
42 63 3
42 69 2
42 75 -6
43 52 11
43 56 10
43 66 -5
43 70 16
43 79 5
44 50 16
44 61 -12
44 70 -16
45 48 7
45 60 10
45 62 -8
45 66 6
45 75 -5
46 50 -9
46 68 5
47 51 -5
47 52 12
47 55 -9
47 65 14
47 68 -4
48 62 4
48 66 7
49 54 16
49 58 11
49 59 -9
49 65 -2
50 51 -9
50 63 -14
50 66 -15
50 72 -11
51 52 2
51 73 11
52 63 11
53 56 -14
53 70 -3
53 75 13
53 78 -4
54 58 -11
54 60 5
54 74 14
54 75 -7
54 77 7
55 68 -11
55 70 16
55 76 -3
56 57 -12
56 60 5
56 61 15
56 65 -15
56 69 10
56 70 -10
57 69 -7
57 74 -9
58 76 11
58 77 -4
59 60 8
60 62 -10
60 65 3
60 66 -6
61 73 3
63 67 14
64 66 -11
65 71 16
68 71 -9
71 74 -2
73 74 -5
-1
-1724
