er_80_4_16
80
14
-6
-16
-11
9
13
-16
9
12
2
2
-16
16
2
2
2
3
-6
-14
-10
-4
-8
11
-12
13
-3
16
11
-5
14
-2
3
7
-14
-3
8
12
-12
-12
-14
15
10
9
5
-8
8
-7
3
3
7
6
-6
9
-10
13
6
-15
6
9
15
-10
-3
7
-16
-14
12
-4
6
-3
-12
-14
15
13
3
-3
-2
3
5
7
-10
0 26 7
0 42 -5
0 49 5
0 63 -2
0 74 -16
1 22 -10
1 24 -13
1 41 12
1 76 -7
2 59 -13
3 21 3
3 25 13
3 44 -15
4 6 6
4 20 11
4 70 9
5 10 14
5 18 10
5 23 16
5 35 14
5 36 13
5 46 13
6 10 -11
6 18 4
6 35 11
7 40 -13
7 67 -13
7 77 5
8 48 -4
8 55 13
9 51 16
9 53 -12
9 74 -12
10 44 -10
10 47 7
10 50 -9
10 57 12
10 73 16
11 44 14
11 79 13
12 23 -15
12 51 -5
13 28 7
13 31 2
13 66 4
13 68 -4
13 72 4
13 76 13
14 20 2
14 33 -13
14 52 13
15 29 8
15 54 -16
15 60 -7
16 17 16
16 23 14
16 28 -9
16 40 2
17 28 -8
17 48 -13
17 62 -12
17 74 -4
17 75 -5
17 77 -10
18 23 14
18 40 -9
19 20 -3
19 33 11
19 36 8
19 56 -9
19 59 4
19 63 -15
20 51 -11
20 65 -12
20 78 -8
21 22 3
21 59 5
22 58 -6
22 77 -7
23 33 3
23 34 -2
23 39 -10
24 41 13
24 51 -7
24 62 9
24 66 9
24 68 6
24 71 11
25 27 12
25 29 -4
25 47 -7
25 50 15
26 30 3
26 34 16
26 36 11
26 40 -10
27 34 -3
27 39 8
27 46 -8
27 48 -13
27 62 -7
27 69 -11
27 71 -15
27 72 -7
28 31 6
28 34 -11
28 51 13
29 36 -8
29 53 -13
29 54 4
29 68 16
29 71 3
30 48 -5
31 55 -3
31 57 11
31 76 11
32 46 2
33 36 4
33 44 8
33 75 2
34 48 13
34 71 -13
34 72 -8
34 73 7
34 75 8
35 38 13
35 64 -8
35 67 11
36 48 -3
36 58 13
37 39 -14
37 78 -5
38 48 11
38 57 2
38 72 -3
38 74 5
39 51 13
39 56 -15
39 74 15
40 77 -6
41 48 -11
41 71 -14
42 63 8
43 70 10
44 61 -15
45 48 13
45 62 14
46 68 10
47 51 10
47 68 3
48 62 12
49 58 -3
49 59 -5
49 65 3
50 51 -15
51 73 -9
53 70 13
53 75 -15
54 74 -11
54 77 -12
55 68 16
55 70 -10
55 76 -4
56 69 3
56 70 -5
57 74 -3
59 60 -5
60 66 4
61 73 -5
63 67 3
64 66 6
71 74 -2
-1
-1306
