er_80_10_32
80
25
24
18
-9
-3
-22
32
11
-10
4
16
-22
-16
-7
-4
13
26
-24
-11
-8
-17
24
-25
28
-25
7
-18
-18
30
-4
-32
-19
30
-19
4
17
-9
9
10
-12
-21
-24
-19
-3
-21
-6
2
-4
13
-15
-27
2
-7
30
-2
11
15
-22
7
-2
29
-21
29
-13
19
29
-20
11
24
-23
12
10
-17
27
-14
-15
12
-15
-13
-11
0 24 9
0 26 -20
0 42 22
0 46 -26
0 49 24
0 54 -20
0 63 11
0 73 -18
0 74 13
0 75 -16
0 76 -9
0 77 17
1 19 30
1 22 21
1 24 5
1 39 -5
1 41 7
1 46 -26
1 53 -30
1 54 7
1 72 12
1 76 -7
2 28 10
2 41 -12
2 44 3
2 46 21
2 59 -27
2 74 -10
2 76 13
3 21 5
3 25 2
3 44 27
3 56 28
3 58 21
3 64 -10
4 5 -5
4 6 22
4 15 -28
4 20 -4
4 30 17
4 36 23
4 52 -27
4 70 -21
4 77 8
5 10 18
5 18 21
5 23 13
5 35 9
5 36 -23
5 46 -29
5 49 20
5 64 4
5 76 15
5 79 4
6 8 16
6 10 -4
6 13 25
6 18 30
6 22 18
6 35 32
6 41 -32
7 8 -9
7 22 23
7 29 6
7 35 -30
7 40 14
7 41 27
7 61 28
7 67 -23
7 77 5
8 31 -25
8 39 -21
8 48 29
8 51 -18
8 53 8
8 55 -2
9 19 20
9 38 19
9 51 26
9 52 14
9 53 3
9 61 -30
9 65 -16
9 74 -29
9 79 29
10 15 -25
10 30 -26
10 44 -28
10 46 13
10 47 -18
10 50 -28
10 57 -22
10 58 -28
10 73 31
10 74 -16
11 37 -27
11 40 -31
11 42 2
11 44 -20
11 52 -11
11 79 -11
12 18 17
12 23 31
12 51 8
13 28 13
13 31 -13
13 60 -3
13 66 24
13 68 -15
13 72 4
13 73 5
13 76 -17
14 16 3
14 20 -27
14 33 -6
14 35 21
14 52 -29
14 79 -24
15 27 -11
15 29 31
15 36 -11
15 54 -10
15 58 -32
15 60 -31
15 76 5
16 17 4
16 23 -29
16 28 -7
16 40 6
16 69 20
17 26 14
17 28 -28
17 31 7
17 48 31
17 62 2
17 74 -16
17 75 -25
17 77 -5
17 78 -4
18 23 -13
18 36 23
18 40 -28
18 45 32
18 46 -13
18 56 11
18 71 -4
18 78 -8
19 20 -5
19 33 -16
19 36 30
19 42 -32
19 49 10
19 56 21
19 59 31
19 62 3
19 63 -10
19 72 26
19 73 -20
19 79 -2
20 25 9
20 27 7
20 48 13
20 51 2
20 53 17
20 59 29
20 65 -15
20 75 -13
20 76 16
20 78 -20
21 22 -26
21 31 22
21 52 10
21 59 2
21 60 -4
22 26 -11
22 27 24
22 43 15
22 50 -30
22 55 6
22 58 -15
22 68 14
22 77 29
22 79 7
23 33 -15
23 34 -24
23 35 4
23 39 9
23 66 31
23 67 4
23 68 -7
23 74 -32
23 76 28
24 41 -27
24 51 -17
24 53 28
24 55 14
24 62 -19
24 66 -18
24 68 15
24 71 17
25 27 32
25 29 -12
25 34 12
25 37 -26
25 45 -31
25 47 -10
25 50 15
25 59 -30
25 78 -15
25 79 -32
26 27 -7
26 30 -30
26 32 -13
26 34 14
26 36 -20
26 40 -7
26 43 -31
26 48 28
26 55 17
26 78 29
27 34 18
27 39 26
27 40 -26
27 46 -24
27 48 -28
27 62 -24
27 69 2
27 71 13
27 72 -9
28 31 27
28 34 -28
28 43 -29
28 44 -29
28 51 10
28 52 32
28 58 19
28 77 20
29 31 8
29 36 -24
29 52 30
29 53 -28
29 54 -26
29 68 7
29 71 13
30 37 -3
30 39 -6
30 48 29
30 57 -26
30 78 -19
31 32 7
31 51 23
31 55 17
31 57 21
31 76 -18
32 35 19
32 46 24
32 48 11
32 66 12
32 68 7
32 71 -4
33 36 -14
33 44 13
33 75 20
34 48 -11
34 58 12
34 60 11
34 66 8
34 71 -8
34 72 -31
34 73 -29
34 75 17
35 38 32
35 43 23
35 45 7
35 52 -4
35 55 20
35 57 13
35 59 -20
35 64 13
35 67 21
35 70 -17
36 38 8
36 48 10
36 57 -25
36 58 28
36 63 8
36 68 4
36 70 -24
37 39 -17
37 78 9
38 48 -9
38 57 -3
38 69 12
38 72 5
38 74 7
39 43 -5
39 51 23
39 56 -29
39 64 -32
39 74 3
39 75 -11
40 41 25
40 55 -12
40 65 10
40 77 -28
41 42 32
41 48 -12
41 51 27
41 71 -10
42 50 -27
42 60 -20
42 63 14
42 69 -28
42 75 21
43 48 -22
43 52 -29
43 56 22
43 57 -29
43 66 4
43 70 -19
43 79 3
44 50 11
44 61 5
44 63 21
44 70 28
45 48 -3
45 60 -21
45 62 7
45 66 23
45 75 9
46 50 22
46 66 -7
46 68 -24
47 51 -2
47 52 -2
47 55 -12
47 65 32
47 68 -23
48 62 21
48 66 9
48 77 -31
49 54 8
49 58 19
49 59 4
49 65 5
50 51 -17
50 63 28
50 66 -26
50 70 -7
50 72 19
50 73 2
51 52 31
51 68 -16
51 73 -32
52 63 27
52 78 -21
53 56 -29
53 63 -9
53 70 26
53 75 -6
53 78 22
54 58 -9
54 60 20
54 63 -4
54 74 18
54 75 -6
54 77 -13
55 68 27
55 69 -19
55 70 18
55 71 6
55 76 -2
56 57 5
56 60 10
56 61 20
56 65 -7
56 69 -6
56 70 -26
56 74 -22
57 69 -6
57 74 8
57 76 -15
58 59 -30
58 76 22
58 77 16
59 60 -20
59 66 -26
60 62 -21
60 65 32
60 66 -14
61 73 -31
63 66 32
63 67 29
64 66 -8
65 71 -11
67 72 -31
67 73 -15
68 71 16
71 74 8
73 74 2
75 78 -9
-1
-3694
