er_80_12_4
80
-4
4
-3
-4
-4
3
-2
-3
4
2
4
2
-3
-4
3
-2
-3
4
3
-2
4
3
2
-2
-3
-4
-2
-2
3
-3
2
2
-2
3
4
-4
4
-3
4
2
-2
2
-2
-4
-3
4
-4
-2
-2
-4
3
-4
3
-3
-3
-2
-3
3
-3
3
3
-2
-3
-3
-2
-4
-3
4
-4
-2
-4
-2
2
3
3
-4
-2
-4
-4
2
0 2 2
0 24 2
0 26 4
0 42 -3
0 46 3
0 49 -2
0 51 2
0 54 -2
0 56 -3
0 63 2
0 65 -4
0 73 4
0 74 -4
0 75 3
0 76 -4
0 77 -4
1 10 -4
1 19 -2
1 22 3
1 24 2
1 39 -4
1 41 -2
1 46 -3
1 53 2
1 54 -3
1 72 4
1 76 3
2 14 -3
2 28 4
2 41 3
2 42 -4
2 44 3
2 46 2
2 48 3
2 59 3
2 62 2
2 74 4
2 76 -3
3 21 -2
3 25 4
3 44 -4
3 56 4
3 58 4
3 64 -3
4 5 3
4 6 3
4 14 -4
4 15 -3
4 20 -2
4 26 2
4 30 4
4 36 -2
4 45 2
4 52 -3
4 70 -2
4 71 4
4 77 -3
5 10 -4
5 18 2
5 23 2
5 35 -2
5 36 -2
5 46 4
5 49 -2
5 64 -3
5 76 2
5 79 -4
6 8 2
6 10 2
6 13 4
6 18 -2
6 22 -2
6 35 2
6 41 3
6 67 -4
7 8 -3
7 22 2
7 29 -3
7 35 2
7 40 4
7 41 2
7 61 -3
7 67 4
7 77 -2
8 31 -2
8 39 3
8 43 -2
8 48 2
8 51 3
8 53 -4
8 55 -4
9 19 4
9 38 4
9 51 3
9 52 4
9 53 3
9 61 -4
9 65 -3
9 74 4
9 79 -3
10 15 3
10 30 2
10 36 -4
10 44 -2
10 46 -2
10 47 4
10 50 -4
10 57 2
10 58 -2
10 73 4
10 74 4
11 22 -4
11 37 -3
11 40 2
11 42 2
11 44 2
11 52 3
11 79 -4
12 18 -3
12 23 2
12 38 4
12 47 -4
12 51 -2
13 28 2
13 31 2
13 55 -2
13 58 -4
13 60 -3
13 66 4
13 68 -2
13 72 2
13 73 -4
13 76 -2
14 16 -3
14 20 2
14 29 3
14 33 2
14 35 4
14 52 3
14 68 -3
14 79 2
15 19 -3
15 27 -4
15 29 -4
15 36 -3
15 54 2
15 58 -4
15 60 -2
15 73 -2
15 76 4
16 17 -3
16 23 -4
16 28 4
16 40 -2
16 52 3
16 69 -2
17 26 4
17 28 -2
17 31 -2
17 48 -2
17 62 -4
17 74 -4
17 75 -3
17 77 -3
17 78 -4
18 23 2
18 36 -3
18 40 -3
18 45 3
18 46 -2
18 56 3
18 69 4
18 71 2
18 78 -4
19 20 -3
19 33 -2
19 36 -2
19 42 3
19 49 2
19 56 -2
19 59 4
19 62 -4
19 63 4
19 68 -2
19 72 -2
19 73 -3
19 79 -3
20 25 2
20 27 -2
20 43 2
20 48 -3
20 51 4
20 53 4
20 59 -2
20 65 3
20 75 2
20 76 3
20 78 -3
21 22 -4
21 24 -3
21 31 2
21 52 4
21 59 -2
21 60 -3
21 74 3
22 26 -4
22 27 4
22 43 -2
22 50 -4
22 55 2
22 57 -2
22 58 3
22 68 -2
22 77 -2
22 79 2
23 33 3
23 34 -4
23 35 3
23 39 -2
23 51 -3
23 66 3
23 67 -2
23 68 -3
23 70 -2
23 74 3
23 76 -2
24 25 -4
24 26 -4
24 31 -2
24 41 -2
24 44 -3
24 51 4
24 53 3
24 55 -4
24 62 4
24 66 4
24 68 4
24 71 -3
24 76 -2
25 27 2
25 29 -4
25 34 -3
25 37 2
25 45 -4
25 46 -4
25 47 3
25 50 -4
25 59 -3
25 77 -2
25 78 4
25 79 2
26 27 -4
26 30 -4
26 32 -4
26 34 -4
26 36 3
26 40 4
26 43 -2
26 48 -2
26 55 -3
26 73 -3
26 78 -3
27 34 2
27 39 2
27 40 2
27 46 4
27 48 2
27 62 -3
27 69 -2
27 71 2
27 72 4
28 31 -2
28 34 2
28 43 -2
28 44 2
28 51 2
28 52 4
28 58 -4
28 77 -4
29 31 4
29 34 3
29 36 4
29 52 -4
29 53 4
29 54 2
29 68 -4
29 71 4
30 37 -2
30 39 -3
30 48 2
30 54 -2
30 57 -2
30 78 3
31 32 3
31 51 -2
31 55 -2
31 57 -4
31 76 -2
32 35 3
32 46 -4
32 48 4
32 66 4
32 68 3
32 71 4
33 36 2
33 44 2
33 46 3
33 63 -3
33 75 3
34 48 4
34 58 2
34 60 3
34 66 -3
34 69 3
34 71 -4
34 72 -3
34 73 3
34 75 -4
35 38 2
35 43 2
35 45 -2
35 52 -2
35 55 3
35 57 -2
35 59 -2
35 64 2
35 67 4
35 70 2
35 72 4
36 38 -3
36 48 3
36 57 3
36 58 2
36 63 4
36 68 -2
36 70 -3
37 39 -2
37 41 3
37 55 -3
37 78 -3
38 48 -2
38 57 2
38 69 -4
38 72 -3
38 74 3
39 43 3
39 51 -4
39 56 -2
39 64 -2
39 74 2
39 75 3
40 41 4
40 55 4
40 59 2
40 65 -2
40 77 2
41 42 -4
41 43 -3
41 48 2
41 51 -2
41 71 -4
42 50 4
42 60 2
42 63 -2
42 69 4
42 75 -3
42 77 3
43 48 2
43 52 -4
43 56 2
43 57 3
43 66 2
43 70 3
43 79 4
44 50 3
44 61 4
44 63 -4
44 70 3
45 48 -2
45 60 -4
45 62 4
45 66 -2
45 75 2
46 50 -2
46 66 2
46 68 2
47 51 3
47 52 -2
47 55 -2
47 59 -3
47 65 3
47 68 -3
48 62 -3
48 66 -4
48 77 -2
49 54 -3
49 58 -4
49 59 -3
49 65 2
50 51 -4
50 63 -2
50 66 -3
50 70 4
50 72 2
50 73 4
51 52 3
51 68 -2
51 73 -4
52 61 3
52 63 -3
52 78 3
53 54 -4
53 56 -2
53 63 4
53 70 -4
53 75 -4
53 78 3
54 58 -3
54 60 3
54 63 -3
54 74 3
54 75 -4
54 77 2
55 65 -4
55 68 3
55 69 2
55 70 4
55 71 -2
55 76 -4
56 57 -2
56 60 3
56 61 3
56 65 -2
56 66 4
56 69 -3
56 70 2
56 74 -3
57 69 -3
57 74 -4
57 76 2
58 59 -3
58 76 -2
58 77 2
59 60 4
59 66 -3
59 67 3
60 61 -3
60 62 -2
60 65 -4
60 66 -3
61 65 -3
61 73 -2
63 66 -3
63 67 -3
64 66 3
64 70 -3
65 71 2
67 72 3
67 73 3
68 71 3
68 74 3
68 77 3
71 74 -4
73 74 -4
75 78 2
-1
-636
