er_80_8_8
80
-7
2
7
5
2
4
2
7
3
-3
-2
-6
4
8
-3
-7
-7
2
-8
-3
7
4
7
5
-2
-8
-7
-8
2
6
-2
-4
-8
-4
5
5
-8
6
3
-3
-2
7
-5
2
-8
6
-2
5
-8
7
-2
-8
-6
-7
4
7
-5
4
2
5
6
2
-5
-7
-3
8
-6
3
8
3
3
-5
6
6
7
-6
-2
-8
-5
4
0 26 -4
0 42 -8
0 49 -7
0 54 3
0 63 4
0 74 -4
0 76 8
0 77 -6
1 22 -2
1 24 6
1 39 2
1 41 3
1 46 3
1 53 2
1 54 4
1 76 8
2 41 -8
2 46 4
2 59 8
2 74 6
3 21 3
3 25 4
3 44 -6
3 56 -2
3 58 -4
4 6 -6
4 15 -8
4 20 -6
4 30 -5
4 36 -3
4 52 -3
4 70 2
4 77 5
5 10 -6
5 18 -6
5 23 -4
5 35 2
5 36 -7
5 46 -3
5 76 -2
5 79 -6
6 8 3
6 10 3
6 18 6
6 22 -6
6 35 -6
6 41 8
7 29 4
7 40 6
7 41 7
7 67 -3
7 77 -5
8 31 5
8 39 3
8 48 -3
8 55 -5
9 38 -8
9 51 -7
9 52 -7
9 53 -3
9 65 -7
9 74 -3
9 79 -6
10 15 6
10 44 6
10 46 6
10 47 -4
10 50 -3
10 57 7
10 58 -6
10 73 -8
10 74 -7
11 40 3
11 42 -2
11 44 -2
11 52 -5
11 79 6
12 18 -7
12 23 -6
12 51 5
13 28 -2
13 31 -4
13 66 -6
13 68 -4
13 72 6
13 76 7
14 16 2
14 20 7
14 33 6
14 52 -3
15 27 -5
15 29 2
15 36 8
15 54 8
15 60 5
15 76 6
16 17 7
16 23 8
16 28 -7
16 40 -5
17 26 -7
17 28 -5
17 31 -5
17 48 6
17 62 5
17 74 6
17 75 2
17 77 -5
17 78 -4
18 23 7
18 36 6
18 40 8
18 46 -5
18 56 -3
18 71 -2
18 78 -2
19 20 -3
19 33 4
19 36 -7
19 56 2
19 59 -7
19 62 -6
19 63 3
19 72 -3
19 79 6
20 25 -3
20 27 8
20 48 -4
20 51 2
20 53 -7
20 59 7
20 65 4
20 76 6
20 78 -2
21 22 -7
21 52 6
21 59 -8
21 60 -4
22 43 -6
22 50 -2
22 55 6
22 58 -2
22 68 -4
22 77 -3
22 79 3
23 33 8
23 34 -6
23 35 -3
23 39 5
23 66 -3
23 67 -2
23 68 5
23 74 8
23 76 8
24 41 4
24 51 -6
24 53 3
24 62 -2
24 66 7
24 68 -5
24 71 3
25 27 4
25 29 -2
25 34 -3
25 37 -4
25 47 2
25 50 7
25 59 -3
25 79 -6
26 30 -3
26 32 5
26 34 -4
26 36 -2
26 40 3
26 48 8
26 78 -2
27 34 5
27 39 4
27 46 -7
27 48 -6
27 62 5
27 69 4
27 71 8
27 72 -5
28 31 -8
28 34 2
28 44 -8
28 51 5
28 52 -2
28 58 3
28 77 8
29 31 2
29 36 2
29 53 6
29 54 -7
29 68 5
29 71 5
30 37 -3
30 39 2
30 48 4
30 57 -3
31 51 5
31 55 -2
31 57 8
31 76 4
32 35 3
32 46 -7
32 48 2
32 66 5
32 71 6
33 36 -3
33 44 7
33 75 -3
34 48 -6
34 60 -5
34 66 -8
34 71 -5
34 72 5
34 73 -2
34 75 7
35 38 -8
35 45 3
35 52 -3
35 55 -8
35 57 6
35 59 5
35 64 5
35 67 -8
35 70 -6
36 48 5
36 57 -6
36 58 8
36 68 8
36 70 -6
37 39 -8
37 78 -7
38 48 3
38 57 -2
38 72 -5
38 74 -2
39 43 7
39 51 -4
39 56 8
39 64 -5
39 74 5
39 75 8
40 41 -8
40 55 -5
40 65 7
40 77 -6
41 48 -6
41 51 2
41 71 8
42 50 3
42 60 3
42 63 7
42 69 -8
42 75 4
43 52 -3
43 56 -8
43 66 -7
43 70 2
43 79 4
44 50 -7
44 61 -2
44 70 7
45 48 4
45 60 -3
45 62 2
45 66 5
45 75 -7
46 50 4
46 68 -5
47 51 -6
47 52 -6
47 55 6
47 65 8
47 68 8
48 62 -2
48 66 4
49 54 5
49 58 6
49 59 -7
49 65 -6
50 51 -6
50 63 8
50 66 2
50 72 -3
51 52 -8
51 73 -8
52 63 -8
53 56 4
53 70 8
53 75 3
53 78 -2
54 58 -4
54 60 -8
54 74 7
54 75 7
54 77 2
55 68 6
55 70 3
55 76 -2
56 57 -8
56 60 8
56 61 -6
56 65 3
56 69 3
56 70 -6
57 69 5
57 74 -8
58 76 8
58 77 6
59 60 -7
60 62 -8
60 65 8
60 66 -3
61 73 -5
63 67 3
64 66 4
65 71 -3
68 71 -5
71 74 2
73 74 -5
-1
-943
