er_80_10_8
80
3
-7
7
-5
6
-8
8
-3
-2
2
-8
-4
4
-6
-2
-5
6
-7
2
-5
7
-2
5
3
-5
4
4
-2
6
4
-4
3
-4
-8
-8
-5
2
-2
-4
-4
-3
-7
2
8
2
8
-3
-8
-2
5
8
5
-8
2
-2
-7
-6
-6
-4
5
8
-3
8
2
5
2
-5
5
4
-5
-6
8
-6
3
-8
-5
5
-6
5
8
0 24 -8
0 26 5
0 42 8
0 46 4
0 49 8
0 54 6
0 63 4
0 73 7
0 74 7
0 75 -7
0 76 3
0 77 -8
1 19 3
1 22 4
1 24 8
1 39 7
1 41 -7
1 46 -5
1 53 -6
1 54 -6
1 72 2
1 76 8
2 28 4
2 41 8
2 44 6
2 46 -6
2 59 -6
2 74 2
2 76 -5
3 21 -5
3 25 -6
3 44 -5
3 56 -3
3 58 4
3 64 6
4 5 3
4 6 5
4 15 5
4 20 -8
4 30 3
4 36 4
4 52 -3
4 70 4
4 77 -7
5 10 -3
5 18 -7
5 23 2
5 35 3
5 36 3
5 46 -8
5 49 -2
5 64 6
5 76 8
5 79 -2
6 8 2
6 10 -8
6 13 8
6 18 -2
6 22 -8
6 35 -3
6 41 6
7 8 -8
7 22 -7
7 29 4
7 35 -3
7 40 -4
7 41 -8
7 61 -5
7 67 -7
7 77 -5
8 31 -3
8 39 -5
8 48 2
8 51 -8
8 53 8
8 55 -6
9 19 -5
9 38 -3
9 51 -7
9 52 -2
9 53 6
9 61 -2
9 65 7
9 74 4
9 79 6
10 15 7
10 30 -6
10 44 3
10 46 -3
10 47 -2
10 50 -4
10 57 -8
10 58 -7
10 73 -2
10 74 -5
11 37 4
11 40 8
11 42 -3
11 44 -8
11 52 7
11 79 -3
12 18 -3
12 23 7
12 51 5
13 28 -5
13 31 -8
13 60 -3
13 66 -5
13 68 8
13 72 -3
13 73 7
13 76 -8
14 16 -5
14 20 5
14 33 5
14 35 -8
14 52 -8
14 79 -5
15 27 -4
15 29 -7
15 36 8
15 54 -7
15 58 -2
15 60 -5
15 76 3
16 17 -6
16 23 -7
16 28 6
16 40 3
16 69 -7
17 26 -7
17 28 -5
17 31 -7
17 48 -4
17 62 8
17 74 -5
17 75 6
17 77 -8
17 78 4
18 23 4
18 36 2
18 40 2
18 45 -7
18 46 6
18 56 -3
18 71 -6
18 78 7
19 20 -5
19 33 5
19 36 -4
19 42 -2
19 49 7
19 56 3
19 59 -7
19 62 3
19 63 3
19 72 -7
19 73 4
19 79 6
20 25 -3
20 27 -4
20 48 -2
20 51 -5
20 53 3
20 59 -2
20 65 5
20 75 -6
20 76 -7
20 78 -8
21 22 8
21 31 -7
21 52 -8
21 59 -4
21 60 8
22 26 3
22 27 -8
22 43 2
22 50 -8
22 55 4
22 58 -7
22 68 -2
22 77 2
22 79 -7
23 33 -8
23 34 -2
23 35 5
23 39 -7
23 66 8
23 67 -4
23 68 -7
23 74 -3
23 76 -3
24 41 -3
24 51 -2
24 53 7
24 55 -5
24 62 5
24 66 6
24 68 6
24 71 2
25 27 6
25 29 2
25 34 -7
25 37 7
25 45 -7
25 47 4
25 50 -6
25 59 2
25 78 -7
25 79 3
26 27 5
26 30 4
26 32 8
26 34 -4
26 36 4
26 40 -2
26 43 7
26 48 5
26 55 3
26 78 4
27 34 4
27 39 5
27 40 -2
27 46 7
27 48 3
27 62 5
27 69 8
27 71 -4
27 72 3
28 31 6
28 34 -2
28 43 3
28 44 -8
28 51 6
28 52 -2
28 58 -6
28 77 -5
29 31 2
29 36 -7
29 52 2
29 53 -5
29 54 2
29 68 -3
29 71 2
30 37 7
30 39 6
30 48 -8
30 57 3
30 78 -2
31 32 -4
31 51 -4
31 55 -3
31 57 6
31 76 -4
32 35 6
32 46 -5
32 48 6
32 66 -8
32 68 6
32 71 7
33 36 7
33 44 -5
33 75 8
34 48 7
34 58 3
34 60 4
34 66 5
34 71 -8
34 72 3
34 73 7
34 75 6
35 38 6
35 43 4
35 45 -4
35 52 -4
35 55 -8
35 57 -2
35 59 -2
35 64 -3
35 67 2
35 70 -7
36 38 2
36 48 -4
36 57 3
36 58 6
36 63 -4
36 68 3
36 70 8
37 39 -8
37 78 7
38 48 8
38 57 5
38 69 -2
38 72 -6
38 74 -4
39 43 8
39 51 -6
39 56 -3
39 64 3
39 74 -3
39 75 8
40 41 -4
40 55 -7
40 65 2
40 77 -6
41 42 8
41 48 -6
41 51 -6
41 71 5
42 50 -2
42 60 2
42 63 -7
42 69 3
42 75 3
43 48 7
43 52 -2
43 56 -2
43 57 -3
43 66 -2
43 70 -3
43 79 4
44 50 5
44 61 -5
44 63 -2
44 70 8
45 48 -8
45 60 -3
45 62 6
45 66 2
45 75 6
46 50 -8
46 66 -8
46 68 8
47 51 7
47 52 3
47 55 -3
47 65 2
47 68 -7
48 62 2
48 66 8
48 77 3
49 54 -4
49 58 8
49 59 3
49 65 6
50 51 2
50 63 -3
50 66 8
50 70 -2
50 72 -2
50 73 8
51 52 -8
51 68 -3
51 73 -3
52 63 -4
52 78 -8
53 56 -2
53 63 6
53 70 -3
53 75 -2
53 78 -2
54 58 3
54 60 -6
54 63 4
54 74 -4
54 75 3
54 77 3
55 68 3
55 69 -7
55 70 -4
55 71 -6
55 76 -4
56 57 4
56 60 -4
56 61 -8
56 65 7
56 69 7
56 70 -7
56 74 -8
57 69 -5
57 74 -2
57 76 5
58 59 -3
58 76 -7
58 77 3
59 60 3
59 66 -8
60 62 2
60 65 2
60 66 3
61 73 4
63 66 -5
63 67 7
64 66 6
65 71 -7
67 72 -6
67 73 -8
68 71 -4
71 74 4
73 74 -8
75 78 -3
-1
-1085
