plt_80_8
80
-3
-7
4
3
8
3
5
2
4
-7
-5
3
-6
-3
-2
-4
-8
2
5
2
4
2
7
-4
-8
-7
-4
-3
3
4
-6
2
-5
4
8
5
-2
-2
-5
-3
5
-7
2
-4
5
-6
3
-6
3
7
-8
-4
3
7
-3
-7
2
-2
-6
3
8
-3
2
-4
-6
8
8
-7
3
4
-8
-4
-4
-5
-4
6
4
8
6
-7
0 1 -2
1 2 -6
2 3 6
3 4 -2
4 5 -5
5 6 -4
6 7 2
7 8 6
8 9 -6
9 10 6
10 11 3
11 12 -2
12 13 -6
13 14 2
14 15 6
15 16 -7
16 17 -6
17 18 -3
18 19 4
19 20 2
20 21 4
21 22 -7
22 23 -5
23 24 5
24 25 -4
25 26 4
25 43 7
26 27 7
26 44 -8
27 28 7
27 45 5
28 29 7
28 46 -8
29 30 -7
29 47 -8
30 31 5
30 48 -6
31 32 4
31 49 5
32 33 8
32 50 -2
33 34 -8
33 51 6
34 35 5
34 52 8
35 36 6
35 53 -8
36 37 -8
36 54 6
36 55 -7
37 38 -7
37 56 -4
37 57 4
38 39 -6
38 58 4
38 59 -8
38 60 3
38 61 -5
39 40 -7
39 62 8
39 63 4
39 64 7
39 65 -7
40 41 -8
40 66 -5
40 67 2
40 68 7
40 69 -3
40 70 -8
40 71 3
41 42 7
41 72 -6
41 73 -7
41 74 8
41 75 6
41 76 5
41 77 -6
41 78 6
41 79 5
-1
-565
