plt_80_32
80
-9
6
28
-14
-30
-3
29
-7
-26
-6
-30
-6
14
13
26
23
5
-11
31
25
-23
32
6
24
-4
-26
-29
32
-10
10
4
9
-18
-20
-26
15
-5
-18
6
-5
-14
-31
7
17
17
31
30
15
7
-4
-11
28
24
26
17
9
32
-23
-4
-31
-31
-28
-11
23
29
-22
-7
-27
-12
-29
-11
13
3
9
-9
-31
-7
15
23
29
0 1 -24
1 2 -13
2 3 -16
3 4 -28
4 5 -11
5 6 -14
6 7 -12
7 8 28
8 9 -12
9 10 -23
10 11 -31
11 12 3
12 13 -6
13 14 9
14 15 21
15 16 -20
16 17 20
17 18 7
18 19 26
19 20 -11
20 21 4
21 22 -7
22 23 28
23 24 30
24 25 16
25 26 9
25 43 -31
26 27 -16
26 44 -19
27 28 24
27 45 -31
28 29 -10
28 46 -16
29 30 19
29 47 8
30 31 -9
30 48 5
31 32 18
31 49 -14
32 33 17
32 50 30
33 34 -32
33 51 -16
34 35 22
34 52 28
35 36 10
35 53 -3
36 37 12
36 54 31
36 55 31
37 38 -16
37 56 9
37 57 -17
38 39 29
38 58 -12
38 59 -29
38 60 -17
38 61 -12
39 40 12
39 62 -15
39 63 -10
39 64 -30
39 65 -25
40 41 13
40 66 -3
40 67 2
40 68 31
40 69 2
40 70 -3
40 71 -29
41 42 -22
41 72 18
41 73 -26
41 74 16
41 75 -5
41 76 23
41 77 3
41 78 -5
41 79 -28
-1
-2004
