plt_80_64
80
22
-63
-51
6
-15
-56
-46
17
10
53
-64
-16
-64
-18
25
59
-31
-29
44
4
10
24
59
-9
23
42
-50
46
-45
-23
-10
53
3
-59
62
-33
48
-32
-21
-12
-43
-6
-53
-46
-39
-4
-36
28
-7
-34
21
49
5
-46
-22
58
-49
-41
29
19
56
43
-61
12
-49
-61
-3
41
35
-64
-55
-60
22
33
51
-45
-18
-50
-55
47
0 1 40
1 2 59
2 3 -40
3 4 57
4 5 -14
5 6 -22
6 7 2
7 8 -38
8 9 -55
9 10 -59
10 11 63
11 12 8
12 13 55
13 14 2
14 15 -35
15 16 -30
16 17 -37
17 18 -10
18 19 54
19 20 -16
20 21 -36
21 22 -4
22 23 60
23 24 7
24 25 -33
25 26 34
25 43 -17
26 27 33
26 44 60
27 28 57
27 45 -57
28 29 -9
28 46 -50
29 30 41
29 47 24
30 31 64
30 48 -18
31 32 -26
31 49 -12
32 33 45
32 50 31
33 34 -60
33 51 29
34 35 15
34 52 -61
35 36 -29
35 53 -18
36 37 -14
36 54 2
36 55 33
37 38 -29
37 56 -11
37 57 40
38 39 22
38 58 -38
38 59 -5
38 60 -29
38 61 -30
39 40 51
39 62 -32
39 63 -7
39 64 24
39 65 59
40 41 10
40 66 46
40 67 -57
40 68 35
40 69 -13
40 70 51
40 71 29
41 42 7
41 72 7
41 73 9
41 74 32
41 75 -4
41 76 -17
41 77 -15
41 78 -34
41 79 12
-1
-3861
