plt_80_16
80
16
4
-8
-3
-8
-16
12
-11
3
11
2
15
9
-10
-13
8
-2
5
-14
-13
9
-13
-12
-16
-9
7
10
-6
-9
16
3
9
4
6
-4
15
-15
-4
-14
2
-5
-12
6
16
-4
16
-4
10
10
4
13
4
6
-5
11
-14
-12
-7
9
12
-4
4
-14
-11
13
10
3
10
-16
-16
-14
-11
12
15
5
-12
-8
5
-5
-2
0 1 -15
1 2 16
2 3 -12
3 4 3
4 5 4
5 6 -2
6 7 2
7 8 14
8 9 4
9 10 -4
10 11 13
11 12 10
12 13 4
13 14 4
14 15 -11
15 16 -15
16 17 6
17 18 12
18 19 -11
19 20 16
20 21 -5
21 22 -7
22 23 -5
23 24 14
24 25 -14
25 26 7
25 43 -12
26 27 5
26 44 -14
27 28 15
27 45 3
28 29 5
28 46 12
29 30 2
29 47 -16
30 31 -16
30 48 -14
31 32 -9
31 49 6
32 33 13
32 50 14
33 34 9
33 51 -9
34 35 -3
34 52 -2
35 36 14
35 53 -10
36 37 13
36 54 -15
36 55 12
37 38 -12
37 56 -10
37 57 3
38 39 -14
38 58 2
38 59 -10
38 60 10
38 61 -2
39 40 -5
39 62 -12
39 63 3
39 64 -11
39 65 4
40 41 -7
40 66 -9
40 67 10
40 68 2
40 69 5
40 70 -3
40 71 -13
41 42 -11
41 72 11
41 73 5
41 74 4
41 75 9
41 76 -10
41 77 -9
41 78 -2
41 79 -14
-1
-1045
