plt_100_64
100
58
37
25
43
-47
-49
2
63
-62
-13
-57
42
61
-13
14
35
60
40
36
-58
56
-32
-13
24
-31
49
-19
51
-34
3
2
28
-51
-25
9
4
56
-54
30
-50
52
61
63
11
26
-2
-30
-53
-9
-29
61
16
53
13
20
53
60
9
-35
46
-4
-37
58
35
7
54
-25
49
-53
-31
-8
-20
-7
17
45
-54
36
-3
-48
44
13
-58
10
-37
24
-23
-13
-42
-53
27
-30
34
-57
-41
2
-32
6
-34
49
62
0 1 63
1 2 41
2 3 53
3 4 59
4 5 -37
5 6 53
6 7 16
7 8 57
8 9 57
9 10 61
10 11 53
11 12 -62
12 13 -24
13 14 -29
14 15 -23
15 16 -32
16 17 -25
17 18 -58
18 19 -30
19 20 42
20 21 19
21 22 58
22 23 57
23 24 54
24 25 10
25 26 15
26 27 -27
27 28 -23
28 29 55
29 30 -57
30 31 13
31 32 -17
31 51 -4
32 33 -64
32 52 42
33 34 -16
33 53 40
34 35 6
34 54 56
35 36 -14
35 55 -9
36 37 -29
36 56 38
37 38 -63
37 57 37
38 39 34
38 58 -31
39 40 51
39 59 -7
40 41 -55
40 60 -47
40 61 15
41 42 17
41 62 8
41 63 -27
42 43 -57
42 64 15
42 65 27
43 44 -11
43 66 -16
43 67 64
44 45 52
44 68 -63
44 69 10
44 70 24
45 46 -7
45 71 48
45 72 -36
45 73 40
45 74 46
46 47 17
46 75 28
46 76 -46
46 77 -57
46 78 -36
47 48 49
47 79 13
47 80 -43
47 81 -37
47 82 18
47 83 -8
48 49 5
48 84 3
48 85 21
48 86 -27
48 87 17
48 88 -33
48 89 -39
49 50 -54
49 90 -16
49 91 -46
49 92 -14
49 93 -64
49 94 35
49 95 -9
49 96 20
49 97 -43
49 98 -46
49 99 60
-1
-5062
