plt_60_16
60
-13
11
10
-10
3
-7
-9
-3
9
-4
-8
6
8
-5
6
12
-7
-13
-5
6
-15
-6
-14
10
3
15
7
-6
8
16
-15
8
5
15
-4
8
10
-12
-14
-15
6
-6
-5
-7
-8
-10
9
-16
8
16
11
-6
15
4
-8
3
5
-3
-5
11
0 1 14
1 2 6
2 3 -9
3 4 3
4 5 12
5 6 -16
6 7 15
7 8 7
8 9 9
9 10 11
10 11 4
11 12 10
12 13 4
13 14 14
14 15 15
15 16 4
16 17 12
17 18 8
18 19 -10
19 20 14
20 21 -2
21 22 -3
22 23 16
23 24 11
24 25 14
25 26 8
26 27 -8
26 36 2
27 28 16
27 37 5
28 29 -8
28 38 16
29 30 -16
29 39 10
30 31 3
30 40 -15
31 32 2
31 41 9
32 33 8
32 42 16
33 34 -3
33 43 10
33 44 2
33 45 8
33 46 -16
33 47 -15
33 48 9
33 49 15
33 50 -16
34 35 16
34 51 -11
34 52 9
34 53 -7
34 54 6
34 55 16
34 56 9
34 57 5
34 58 9
34 59 -2
-1
-768
