plt_100_4
100
-2
2
4
2
-2
-3
4
3
-3
3
3
4
-3
-3
4
-3
4
-4
3
3
-4
-4
-3
-2
-4
4
3
3
-3
-3
-4
-3
4
2
3
-2
3
-4
-4
3
3
3
4
-3
3
-4
2
-3
2
4
2
-2
4
-4
-3
-4
-4
3
-3
-3
2
3
4
-2
2
3
3
-4
2
4
4
4
-2
2
-4
4
-3
3
3
-2
-4
-4
-4
-2
-3
-4
-2
-3
4
4
3
-2
-4
-3
-4
-4
-4
3
-2
-4
0 1 -2
1 2 -4
2 3 -2
3 4 -3
4 5 4
5 6 3
6 7 4
7 8 -4
8 9 -4
9 10 -2
10 11 -2
11 12 3
12 13 -2
13 14 -4
14 15 2
15 16 2
16 17 -4
17 18 3
18 19 -4
19 20 4
20 21 -3
21 22 3
22 23 2
23 24 4
24 25 4
25 26 -3
26 27 -3
27 28 -4
28 29 -2
29 30 -2
30 31 4
31 32 -4
31 51 -3
32 33 -3
32 52 4
33 34 2
33 53 2
34 35 -4
34 54 2
35 36 4
35 55 -3
36 37 -2
36 56 -2
37 38 2
37 57 -2
38 39 2
38 58 3
39 40 3
39 59 -4
40 41 -3
40 60 4
40 61 -2
41 42 -3
41 62 2
41 63 2
42 43 4
42 64 3
42 65 4
43 44 2
43 66 2
43 67 -3
44 45 -2
44 68 3
44 69 4
44 70 4
45 46 3
45 71 -3
45 72 -3
45 73 2
45 74 -2
46 47 2
46 75 -3
46 76 -2
46 77 3
46 78 4
47 48 -3
47 79 -4
47 80 -4
47 81 2
47 82 3
47 83 2
48 49 -2
48 84 -4
48 85 -2
48 86 4
48 87 3
48 88 -2
48 89 4
49 50 4
49 90 2
49 91 4
49 92 -3
49 93 -4
49 94 -2
49 95 3
49 96 4
49 97 -4
49 98 2
49 99 -4
-1
-385
