plt_100_8
100
4
5
-6
4
6
8
-7
-6
-7
4
3
7
3
2
-5
-5
8
8
-7
2
3
-6
5
-8
4
-2
7
-6
-6
-2
-7
-4
4
-4
5
8
7
-6
3
6
2
4
4
-5
-4
-5
-7
-8
6
-8
-2
-7
-3
4
-6
-2
3
7
-3
3
-6
7
4
4
2
-4
-7
-4
5
-4
-5
-3
-3
-7
8
-6
-8
3
-3
-7
-8
-2
-8
-3
-7
-5
-3
4
8
-3
7
4
-4
3
6
-3
-6
8
-7
-5
0 1 3
1 2 -8
2 3 3
3 4 2
4 5 6
5 6 7
6 7 -6
7 8 4
8 9 -4
9 10 -5
10 11 -6
11 12 -6
12 13 8
13 14 7
14 15 -2
15 16 -7
16 17 -2
17 18 -6
18 19 -5
19 20 -3
20 21 6
21 22 -7
22 23 4
23 24 -7
24 25 -5
25 26 5
26 27 -2
27 28 2
28 29 3
29 30 -8
30 31 2
31 32 -7
31 51 -7
32 33 -5
32 52 5
33 34 6
33 53 7
34 35 -6
34 54 6
35 36 -3
35 55 -8
36 37 -3
36 56 2
37 38 3
37 57 8
38 39 -6
38 58 7
39 40 -7
39 59 7
40 41 -3
40 60 -5
40 61 -6
41 42 7
41 62 -7
41 63 4
42 43 5
42 64 4
42 65 -5
43 44 -7
43 66 8
43 67 -4
44 45 -7
44 68 -5
44 69 5
44 70 -4
45 46 4
45 71 7
45 72 -2
45 73 -3
45 74 4
46 47 5
46 75 5
46 76 -4
46 77 -6
46 78 -7
47 48 2
47 79 -4
47 80 -2
47 81 -6
47 82 -6
47 83 8
48 49 -7
48 84 2
48 85 -5
48 86 6
48 87 4
48 88 3
48 89 -4
49 50 -4
49 90 -2
49 91 3
49 92 7
49 93 3
49 94 5
49 95 8
49 96 3
49 97 -2
49 98 -7
49 99 -4
-1
-691
