plt_80_4
80
2
-3
-3
-2
-2
2
-4
-3
-2
2
4
2
-3
4
4
-4
4
-4
-3
4
4
3
3
4
3
-2
-2
-3
4
3
-4
2
-4
2
3
-4
3
4
-3
-2
-2
-3
-2
3
2
-2
3
4
-3
2
-2
2
3
2
-3
-2
-2
2
3
4
3
-2
4
3
4
-4
3
2
4
-4
3
-3
3
-4
3
-2
-4
-2
4
3
0 1 2
1 2 2
2 3 -4
3 4 3
4 5 4
5 6 3
6 7 4
7 8 -2
8 9 -3
9 10 -2
10 11 -4
11 12 -3
12 13 2
13 14 2
14 15 3
15 16 -3
16 17 3
17 18 -4
18 19 4
19 20 -4
20 21 4
21 22 -2
22 23 -4
23 24 -3
24 25 3
25 26 4
25 43 -2
26 27 4
26 44 -3
27 28 -3
27 45 2
28 29 3
28 46 -4
29 30 2
29 47 3
30 31 3
30 48 2
31 32 -4
31 49 -2
32 33 2
32 50 4
33 34 -4
33 51 -4
34 35 -3
34 52 -2
35 36 -2
35 53 4
36 37 2
36 54 -2
36 55 3
37 38 4
37 56 -3
37 57 -3
38 39 -4
38 58 4
38 59 2
38 60 -2
38 61 -2
39 40 2
39 62 -3
39 63 -2
39 64 -3
39 65 3
40 41 4
40 66 2
40 67 -2
40 68 -4
40 69 -4
40 70 3
40 71 3
41 42 -4
41 72 2
41 73 -4
41 74 2
41 75 -4
41 76 -4
41 77 4
41 78 2
41 79 2
-1
-321
