plt_60_4
60
-2
3
4
4
-4
3
4
-4
-2
-3
4
4
3
-3
4
-4
-4
3
-2
-3
-2
2
4
3
-3
-4
-2
4
2
-4
3
-2
-4
-2
-3
-3
-3
2
-2
-2
3
2
-2
-2
-2
-4
4
2
-3
-2
-2
-4
-2
-4
3
-3
-3
-2
-2
-2
0 1 -2
1 2 3
2 3 3
3 4 -4
4 5 3
5 6 -4
6 7 2
7 8 -4
8 9 -3
9 10 4
10 11 4
11 12 -2
12 13 -4
13 14 4
14 15 2
15 16 4
16 17 4
17 18 -2
18 19 4
19 20 -2
20 21 -4
21 22 -3
22 23 3
23 24 -4
24 25 -2
25 26 4
26 27 -2
26 36 4
27 28 3
27 37 -4
28 29 2
28 38 2
29 30 4
29 39 -4
30 31 2
30 40 -3
31 32 -3
31 41 -4
32 33 4
32 42 2
33 34 3
33 43 -2
33 44 -2
33 45 4
33 46 -4
33 47 -3
33 48 2
33 49 -4
33 50 -4
34 35 3
34 51 -2
34 52 4
34 53 4
34 54 -3
34 55 -3
34 56 4
34 57 -3
34 58 -4
34 59 3
-1
-242
