plt_60_64
60
-53
-4
-19
9
8
-33
18
60
-7
8
-62
36
-21
-45
-61
30
-17
-53
2
60
-30
-34
41
30
-37
29
-10
-21
-2
29
-13
-13
48
6
-16
-57
6
63
11
11
-15
-44
-52
-48
-60
7
36
26
45
23
-9
-36
-60
35
-5
48
-18
53
57
47
0 1 58
1 2 20
2 3 55
3 4 -19
4 5 23
5 6 58
6 7 30
7 8 44
8 9 -37
9 10 -57
10 11 9
11 12 -31
12 13 57
13 14 3
14 15 22
15 16 29
16 17 -16
17 18 58
18 19 49
19 20 13
20 21 57
21 22 -56
22 23 6
23 24 -19
24 25 17
25 26 -24
26 27 -54
26 36 -47
27 28 60
27 37 48
28 29 -53
28 38 -23
29 30 -62
29 39 26
30 31 -19
30 40 -59
31 32 26
31 41 -54
32 33 -24
32 42 -55
33 34 -53
33 43 -42
33 44 -46
33 45 -4
33 46 -45
33 47 -15
33 48 -41
33 49 -3
33 50 29
34 35 -25
34 51 -7
34 52 59
34 53 -11
34 54 -44
34 55 51
34 56 49
34 57 -25
34 58 60
34 59 -59
-1
-2858
