plt_100_32
100
-19
-15
-30
-23
20
-31
-17
-18
-27
12
20
8
-17
23
30
-30
-29
32
-6
-32
-20
-26
-8
-18
30
-16
-5
25
-31
-25
10
10
-22
-16
8
25
27
-32
20
-5
-22
-11
10
7
26
14
-6
-25
11
-24
-12
18
9
-4
-14
26
-24
14
15
-27
16
-10
6
26
16
12
28
-23
-21
-32
-15
-28
-24
-8
-13
-7
-19
13
-4
8
11
-21
-25
-24
-18
25
4
-12
3
2
-20
-25
10
13
-26
6
-17
-9
15
-13
0 1 -19
1 2 -26
2 3 28
3 4 -28
4 5 -27
5 6 -27
6 7 -3
7 8 -26
8 9 -13
9 10 -8
10 11 -19
11 12 26
12 13 -7
13 14 22
14 15 7
15 16 -15
16 17 23
17 18 -26
18 19 16
19 20 -3
20 21 -14
21 22 -12
22 23 -19
23 24 -18
24 25 -8
25 26 -2
26 27 14
27 28 -20
28 29 -20
29 30 -31
30 31 -32
31 32 -6
31 51 31
32 33 30
32 52 -20
33 34 -12
33 53 24
34 35 -6
34 54 21
35 36 -20
35 55 -15
36 37 29
36 56 -25
37 38 -2
37 57 18
38 39 20
38 58 14
39 40 28
39 59 -15
40 41 -3
40 60 -25
40 61 -10
41 42 17
41 62 -29
41 63 -12
42 43 14
42 64 -15
42 65 3
43 44 -22
43 66 -17
43 67 2
44 45 7
44 68 24
44 69 32
44 70 26
45 46 20
45 71 -23
45 72 20
45 73 -5
45 74 7
46 47 -24
46 75 12
46 76 -13
46 77 23
46 78 -20
47 48 -26
47 79 25
47 80 24
47 81 26
47 82 31
47 83 10
48 49 -26
48 84 -12
48 85 -27
48 86 13
48 87 -30
48 88 -14
48 89 28
49 50 -17
49 90 -25
49 91 5
49 92 -4
49 93 -14
49 94 -25
49 95 -21
49 96 -8
49 97 17
49 98 24
49 99 -13
-1
-2624
