plt_60_8
60
7
6
3
-6
-2
8
6
-7
-8
6
-6
-6
-6
-5
-2
-4
-3
-8
-8
3
-5
-8
-2
6
-6
3
-3
5
-8
-6
4
7
-2
7
4
-3
7
-7
-6
-6
7
5
7
5
8
6
8
4
7
-5
6
8
-6
-2
5
6
-2
3
-8
-8
0 1 8
1 2 -7
2 3 -6
3 4 2
4 5 -5
5 6 -8
6 7 -3
7 8 -8
8 9 -2
9 10 5
10 11 -7
11 12 -6
12 13 -3
13 14 -4
14 15 -7
15 16 -2
16 17 5
17 18 -6
18 19 4
19 20 -3
20 21 -5
21 22 6
22 23 -4
23 24 -2
24 25 5
25 26 3
26 27 4
26 36 7
27 28 -4
27 37 -4
28 29 -6
28 38 4
29 30 -7
29 39 -4
30 31 -3
30 40 -8
31 32 4
31 41 -3
32 33 4
32 42 3
33 34 4
33 43 -4
33 44 7
33 45 7
33 46 -2
33 47 3
33 48 3
33 49 -5
33 50 -3
34 35 5
34 51 -7
34 52 7
34 53 6
34 54 4
34 55 -7
34 56 8
34 57 5
34 58 -5
34 59 -6
-1
-450
