plt_60_32
60
-8
25
27
10
-19
-13
27
-11
-19
-6
-20
-23
-6
18
-18
-15
16
-13
-32
-22
-5
32
-3
-11
9
16
-7
-26
32
21
-18
15
-29
-12
-5
-16
29
-19
10
-16
17
5
-28
14
14
-13
10
-3
-25
-21
-10
-22
12
7
5
26
-27
12
-3
-18
0 1 -7
1 2 -4
2 3 -22
3 4 21
4 5 -28
5 6 29
6 7 -3
7 8 19
8 9 -27
9 10 -8
10 11 26
11 12 12
12 13 25
13 14 16
14 15 9
15 16 8
16 17 -21
17 18 -16
18 19 -17
19 20 -27
20 21 20
21 22 22
22 23 -28
23 24 16
24 25 -27
25 26 16
26 27 26
26 36 -2
27 28 14
27 37 4
28 29 -14
28 38 22
29 30 -28
29 39 27
30 31 -14
30 40 -6
31 32 16
31 41 -21
32 33 -23
32 42 -13
33 34 13
33 43 -28
33 44 31
33 45 -18
33 46 24
33 47 2
33 48 -19
33 49 9
33 50 10
34 35 14
34 51 5
34 52 7
34 53 -27
34 54 -15
34 55 -31
34 56 14
34 57 29
34 58 -17
34 59 -6
-1
-1606
