plt_100_16
100
7
3
-4
16
16
-7
9
-16
15
-4
4
10
-15
15
-4
-3
-14
-11
9
12
8
-15
-5
-10
-15
-13
-15
2
11
-2
-15
5
11
6
10
15
-5
-3
2
9
-2
3
-2
-2
-14
15
-11
-5
6
12
2
-3
9
15
-2
4
14
-6
7
8
6
-16
-12
2
7
-5
11
-10
5
5
11
-3
8
-4
6
10
-7
-7
-15
15
-11
-11
-4
-6
-11
-15
11
2
8
5
-11
-9
-10
-6
9
-12
2
-6
-6
2
0 1 14
1 2 -14
2 3 4
3 4 -12
4 5 12
5 6 -8
6 7 -6
7 8 -13
8 9 15
9 10 3
10 11 -7
11 12 5
12 13 -8
13 14 -8
14 15 -5
15 16 -5
16 17 -4
17 18 7
18 19 14
19 20 -11
20 21 6
21 22 -12
22 23 -4
23 24 -12
24 25 10
25 26 -6
26 27 -10
27 28 9
28 29 5
29 30 -15
30 31 -16
31 32 -7
31 51 -3
32 33 -9
32 52 -15
33 34 -9
33 53 -13
34 35 -10
34 54 -14
35 36 14
35 55 10
36 37 16
36 56 3
37 38 -9
37 57 -10
38 39 8
38 58 14
39 40 -6
39 59 -9
40 41 5
40 60 13
40 61 -4
41 42 -12
41 62 -4
41 63 2
42 43 -13
42 64 9
42 65 14
43 44 -7
43 66 5
43 67 2
44 45 -9
44 68 -11
44 69 -9
44 70 -8
45 46 -16
45 71 -16
45 72 10
45 73 5
45 74 -10
46 47 16
46 75 -4
46 76 4
46 77 -5
46 78 6
47 48 6
47 79 8
47 80 13
47 81 -5
47 82 15
47 83 -16
48 49 14
48 84 9
48 85 -7
48 86 8
48 87 -12
48 88 10
48 89 -12
49 50 -4
49 90 -2
49 91 -14
49 92 -2
49 93 10
49 94 13
49 95 8
49 96 6
49 97 -5
49 98 13
49 99 -8
-1
-1247
