tests,version,chain_strength,running_time,optimality_gap,0no,3no,time_to_solution
er_20_6_16,dwave,37.629406681477185,0,0.0,0.494,0.813,141.96408102987024
er_20_6_64,dwave,133.74152891155387,0,0.0,0.204,0.792,423.8702222489412
er_20_8_16,dwave,42.89806613823051,0,0.0,0.841,0.841,52.59184668507647
er_20_8_64,dwave,146.00123463313588,0,0.0,0.658,0.658,90.13380480293527
er_40_6_16,dwave,31.083888382890578,0,0.0,0.266,0.825,312.7235133515315
er_40_6_64,dwave,129.65462486621908,0,0.0,0.54,0.722,124.5395859284814
er_40_8_16,dwave,38.83740905879279,0,0.0,0.051,0.606,1847.4704166947683
er_40_8_64,dwave,153.7324314463282,0,0.0,0.076,0.505,1223.4900019834627
er_20_6_16,50_4,20.08848957610881,33.03231501579285,0.0,0.706,0.935,78.99894499271487
er_20_6_64,50_4,95.04905737628604,26.421921491622925,0.0,0.316,0.784,254.63203209089073
er_20_8_16,50_4,30.346465841266323,29.239728689193726,0.0,0.936,0.936,35.18118232624882
er_20_8_64,50_4,127.46104046223445,30.21601963043213,0.0,0.714,0.714,77.25786569544795
er_40_6_16,50_4,25.744796377209582,47.24721002578735,0.0,0.373,0.9,207.16958780108115
er_40_6_64,50_4,139.35238908243434,45.83303475379944,0.0,0.574,0.738,113.332671052214
er_40_8_16,50_4,31.97377191601075,42.705766916275024,0.0,0.104,0.7,880.6510213235014
er_40_8_64,50_4,100.59424982183674,40.3397753238678,0.0,0.084,0.43,1102.2312581422566
er_20_6_16,100_4,29.60024486207338,40.17675995826721,0.0,0.707,0.878,78.77968325220958
er_20_6_64,100_4,80.32823548861263,36.041146755218506,0.0,0.369,0.804,210.03083173232278
er_20_8_16,100_4,29.797294282931087,34.18098855018616,0.0,0.884,0.884,44.89376160167673
er_20_8_64,100_4,128.49661625710166,31.585652351379395,0.0,0.751,0.751,69.55938155744154
er_40_6_16,100_4,23.18858555478958,67.52545404434204,0.0,0.459,0.931,157.41967568951685
er_40_6_64,100_4,126.94365335920389,42.42460894584656,0.0,0.576,0.707,112.71108872623208
er_40_8_16,100_4,33.642328410611135,77.99909377098083,0.0,0.137,0.718,656.3607169277298
er_40_8_64,100_4,90.0122351753911,63.99521565437317,0.0,0.133,0.534,677.628080421698
er_20_6_16,100_8,32.57127139574597,41.61452674865723,0.0,0.615,0.867,101.31730089215097
er_20_6_64,100_8,77.46024360830818,51.448328256607056,0.0,0.247,0.684,340.8951900242141
er_20_8_16,100_8,28.561484062998673,41.533546447753906,0.0,0.924,0.924,37.527260615675125
er_20_8_64,100_8,91.6355853845156,43.92673325538635,0.0,0.738,0.738,72.2023263474122
er_40_6_16,100_8,21.546684776977084,77.80960536003113,0.0,0.367,0.913,211.4843132450779
er_40_6_64,100_8,92.36263435329852,65.6987521648407,0.0,0.447,0.736,163.24952457654086
er_20_6_16,dwave,37.629406681477185,0,0.0,0.453,0.817,160.29758947251588
er_20_6_16,dwave,37.629406681477185,0,0.0,0.591,0.869,108.17028388815615
er_20_6_16,dwave,37.629406681477185,0,0.0,0.597,0.828,106.41129203545793
er_20_6_16,dwave,37.629406681477185,0,0.0,0.537,0.816,125.59094690174966
er_20_6_16,dwave,37.629406681477185,0,0.0,0.57,0.805,114.58768184990319
